id	filename	tokens	lemmas
184665	tlg0057.tlg095.1st1K-grc1	ΙΠΠΟΚΡΑΤΟΥΣ ΤΟ ΠΕΡΙ ΑΡΘΡΩΝ ΒΙΒΛΙΟΝ ΚΑΙ ΓΑΛΗΝΟΥ ΕΙΣ ΑΥΤΟ ΥΠΟΜΝΗΜΑΤΑ ΤΕΣΣΑΡΑ.	.
184666	tlg0057.tlg095.1st1K-grc1	Γαληνοῦ προοίμιον.	.
184667	tlg0057.tlg095.1st1K-grc1	Ὅτι μὲν τὸ βιβλίον ἕπεται τῷ περὶ ἀγμῶν εἴρηται μὲν ἤδη καὶ διὰ τῶν εἰς ἐκεῖνο γεγραμμένων ὑπομνημάτων, εἰρήσεται δὲ καὶ νῦν ἐπὶ βραχύ.	ὅτι μέν ὁ   τῷ περί ἀγμός λέγω μέν ἤδη καί διά ὁ εἰς ἐκεῖνος  ὑπόμνημα , ἔρομαι δέ καί νῦν ἐπί βραχύς .
184668	tlg0057.tlg095.1st1K-grc1	πρῶτον μὲν ἀπὸ τῶν ἀρχῶν ἑκατέρου τῶν βιβλίων δῆλον, ἐν ἐκείνῳ μὲν γὰρ οὕτως ἄρχεται, ἐχρῆν τὸν ἰητρὸν τῶν ἐκπτωσίων καὶ κατηγμάτων, ὡς ἰθυτάτας τὰς καταστάσιας ποιέεσθαι, μηκύνων σαφῶς ὅτι περὶ καταγμάτων αὐτῷ καὶ ἐξαρθρημάτων ὁ λόγος ἔσοιτο.	πρῶτος μέν ἀπό ὁ  ἑκάτερος ὁ  δῆλος , ἐν ἐκεῖνος μέν γάρ οὕτως ἄρχω , χρή ὁ ἰατρός ὁ  καί κάταγμα2 , ὡς  ὁ κατάστασις ποιέω , μηκύνω σαφής ὅτι2 περί  αὐτός καί  ὁ λόγος  .
184669	tlg0057.tlg095.1st1K-grc1	κατὰ δὲ τοῦτο πάλιν εὐθὺς ἐν ἀρχῇ τὸν δέ σύνδεσμον ἔγραψεν ἐπὶ προειρημένῳ μέντοι πάντως λεγόμενον, ἀρχόμενον δὲ οὐδέποτε λόγον.	κατά δέ οὗτος πάλιν εὐθύς ἐν ἀρχή ὁ δέ σύνδεσμος γράφω ἐπί προαγορεύω  πᾶς λέγω , ἄρχω δέ οὐδέποτε λόγος .
184670	tlg0057.tlg095.1st1K-grc1	καίτοι τινὲς εἰς τοσοῦτον ἥκουσι σοφίας ὥστε τοῦ Ξενοφῶντος οἰκονομικῶν μνημονεύειν οἰόμενοι μαρτυρεῖν αὐτοῖς ἔθος εἶναι τοῖς παλαιοῖς ἐν ἀρχῇ λόγου χρῆσθαι τῷ δέ συνδέσμῳ, διὰ τοῦτό φασιν ἄρχεσθαι τὸν Ξενοφῶντα τοῦ συγγράμματος οὕτως·	εἰς τοσοῦτος ἥκω σοφία ὥστε ὁ Ξενοφῶν οἰκονομικός μνημονεύω  μαρτυρέω αὐτός ἔθος εἰμί ὁ  ἐν ἀρχή λόγος χράω2 τῷ δέ σύνδεσμος , διά οὗτος φημί ἄρχω ὁ Ξενοφῶν ὁ σύγγραμμα οὕτως ·
184671	tlg0057.tlg095.1st1K-grc1	ἤκουσα δέ ποτε αὐτοῦ, φησὶ, καὶ περὶ οἰκονομίας τοιάδε μοὶ διαλεγομένου, μὴ γιγνώσκοντες ὅτι τὸ βιβλίον τοῦτο τῶν Σωκρατικῶν ἀπομνημονευμάτων ἐστὶ τὸ ἔσχατον.	ἀκούω δέ ποτε αὐτός , φημί , καί περί οἰκονομία τοιόσδε   , μή γιγνώσκω ὅτι2 ὁ  οὗτος ὁ Σωκρατικός ἀπομνημόνευμα εἰμί ὁ ἔσχατος .
184672	tlg0057.tlg095.1st1K-grc1	ἀλλ’ ἐπειδή γε τούτοις αὐτὴ τῶν πραγμάτων ἡ διδασκαλία τὴν ἀκολουθίαν ἐνδείκνυται τῷ περὶ τῶν ἄρθρων συγγράμματι πρὸς τὸ περὶ τῶν ἀγμῶν·	ἀλλά ἐπεί γε οὗτος αὐτός ὁ πρᾶγμα ὁ διδασκαλία ὁ ἀκολουθία ἐνδείκνυμι τῷ περί ὁ ἄρθρον σύγγραμμα πρός ὁ περί ὁ ἀγμός ·
184673	tlg0057.tlg095.1st1K-grc1	ἐπαγγειλάμενος γὰρ ἐν ἐκείνῳ περὶ τῶν ἐκπτώσεών τε καὶ καταγμάτων ἐρεῖν, ὅσα μὴ διῆλθεν ἐν αὐτῷ, κατὰ τοῦτο προσέθηκεν, ὡς μηδὲν λείπειν τῇ πραγματείᾳ διὰ τοῦτο.	γάρ ἐν ἐκεῖνος περί ὁ  τε καί  λέγω , ὅσος μή διέρχομαι ἐν αὐτός , κατά οὗτος προστίθημι , ὡς  λείπω ὁ πραγματεία διά οὗτος .
184674	tlg0057.tlg095.1st1K-grc1	διὸ καί τινας ἔφην οὐχ ὑπ’ αὐτοῦ λέγειν Ἱπποκράτους εἰς δύο βιβλία τετμῆσθαι τὴν ὅλην πραγματείαν, ἀλλ’ ὑπ’ ἐκείνου μὲν ἓν γράφεσθαι βιβλίον ἐπιγραφὲν ὑπ’ αὐτοῦ κατ’ ἰητρεῖον, ὕστερον δὲ ὑπ’ ἄλλου τινὸς εἰς δύο τμηθῆναι διὰ τὸ μέγεθος.	διό καί τις φημί οὐ ὑπό αὐτός λέγω Ἱπποκράτης εἰς γε βιβλίον τέμνω ὁ ὅλος πραγματεία , ἀλλά ὑπό ἐκεῖνος μέν  γράφω βιβλίον  ὑπό αὐτός κατά  , ὕστερον δέ ὑπό ἄλλος  εἰς γε τέμνω διά ὁ μέγεθος .
184675	tlg0057.tlg095.1st1K-grc1	ὅτι δὲ οὐδὲν οὔτ’ ἐξαρθρήματος εἶδος οὔτε κατάγματος ὑπελείπετο πλὴν τὰ περὶ κεφαλὴν γινόμενα τῷ ἄλλο ἐπ’ ἐκείνοις σύγγραμμα ποιήσασθαι, δῆλον δὴ ἀναμνησθέντι σοι τῶντ’ ἐν τῷ περὶ ἀγμῶν ὑπ’ αὐτοῦ διδαχθέντων, ὧν τε ἐν τούτῳ τῷ βιβλίῳ μέλλει διελθεῖν.	ὅτι2 δέ    εἶδος οὔτε  ὑπολείπω πλήν ὁ περί κεφαλή  τῷ ἄλλος ἐπί ἐκεῖνος σύγγραμμα ποιέω , δῆλος δή   ὁ τ’ ἐν ὁ περί ἀγμός ὑπό αὐτός  , ὅς τε ἐν οὗτος ὁ  μέλλω διέρχομαι .
184676	tlg0057.tlg095.1st1K-grc1	ἐν μὲν οὖν τῷ περὶ ἀγμῶν ἔγραψε περὶ πήχεος καὶ βραχίονος καὶ κνήμης καὶ μηροῦ κατεαγότων, εἶθ’ ἑξῆς περὶ τῶν ἐν ποδὶ καὶ ἄκρᾳ χειρὶ, κἄπειτα περὶ τῶν μεθ’ ἕλκους καὶ ὅσα γυμνοῦνται τῶν ὀστῶν, εἶτα περὶ τῶν κατὰ γόνυ καὶ κατ’ ἀγκῶνα πάντων·	ἐν μέν οὖν τῷ περί  γράφω περί  καί βραχίων καί κνήμη καί μηρός κατάγνυμι ,  ἑξῆς περί ὁ ἐν πούς καί ἄκρος χείρ ,  περί ὁ μετά ἕλκος καί ὅσος  ὁ ὀστέον ,  περί ὁ κατά γόνυ καί κατά ἀγκών πᾶς ·
184677	tlg0057.tlg095.1st1K-grc1	ὑπελείπετο οὖν ἔτι τῶν μὲν ἄρθρων τὸ κατ’ ὦμον κατάτ’ ἰσχίον καὶ γόνυ καὶ ῥάχιν.	ὑπολείπω οὖν ἔτι ὁ μέν ἄρθρον ὁ κατά ὦμος κατά τ’ ἰσχίον καί γόνυ καί ῥάχις .
184678	tlg0057.tlg095.1st1K-grc1	τῶν καταγμάτων δὲ τὰ κατὰ τὰς πλευρὰς καὶ γένυν καὶ ῥίνα καὶ ὦτα, περὶ ὧν ἐν τούτῳ τῷ βιβλίῳ διῆλθεν.	ὁ  δέ ὁ κατά ὁ πλευρά καί  καί  καί οὖς , περί ὅς ἐν οὗτος ὁ  διέρχομαι .
184679	tlg0057.tlg095.1st1K-grc1	ἀλλὰ καὶ περὶ διαστάσεως ὀστῶν καὶ περὶ θλασμάτων τῶν περὶ τὰ ἄρθρα κατ’ ἀμφότερα τὰ βιβλία διαλεγόμενος, εἴ τι παρέλιπεν ἐν τῷ περὶ ἀγμῶν ἐνταῦθα προσέθηκεν, ὥστε μηδὲν ὅλως ἐνταῦθα λείπεσθαι ἔτι μήτε κατάγματος εἶδος μήτε ἐξαρθρήματος μήτε διαστάσεως ὀστῶν.	ἀλλά καί περί διάστασις  καί περί  ὁ περί ὁ ἄρθρον κατά ἀμφότερος ὁ βιβλίον  , εἰ τι παραλείπω ἐν ὁ περί ἀγμός ἐνταῦθα προστίθημι , ὥστε  ὅλος ἐνταῦθα λείπω ἔτι   εἶδος   μήτε διάστασις  .
184680	tlg0057.tlg095.1st1K-grc1	εἴρηται δὲ καὶ περὶ τῶν θλασμάτων ὅσα γίνεται περὶ τε τοὺς μύας καὶ τὰς φλέβας καὶ τὰ νεῦρα·	λέγω δέ καί περί ὁ  ὅσος γίγνομαι περί τε ὁ μῦς καί ὁ φλέψ καί ὁ νεῦρον ·
184681	tlg0057.tlg095.1st1K-grc1	καὶ τἄλλα μὲν οὖν, ὡς ἔφην, ἱκανὴν τὴν ἀκολουθίαν ἐπιδεῖξαι τοῦδε τοῦ βιβλίου πρὸς τὸ περὶ ἀγμῶν, ἀλλὰ καὶ τὸ μηχάνημα συμβουλεύσας ἐν ἐκείνῳ τῷ βιβλίῳ παρασκευάσασθαι τοῖς ἐν μεγάλῃ πόλει μέλλουσιν ἰατρεύειν, ἐνταῦθα τὴν κατασκευὴν αὐτοῦ σύμπασαν ἔγραψεν ἅμα τῷ καὶ ἀναμιμνήσκειν αὐτὸν ἡμᾶς, ὅτι καὶ πρόσθεν ὑπὲρ αὐτοῦ λόγον ἐποιήσατο.	καί ἄλλος μέν οὖν , ὡς φημί , ἱκανός ὁ ἀκολουθία ἐπιδείκνυμι ὅδε ὁ  πρός ὁ περί ἀγμός , ἀλλά καί ὁ μηχάνημα συμβουλεύω ἐν ἐκεῖνος ὁ  παρασκευάζω ὁ ἐν μέγας πόλις μέλλω ἰατρεύω , ἐνταῦθα ὁ κατασκευή αὐτός σύμπας γράφω ἅμα τῷ καί ἀναμιμνήσκω αὐτός  , ὅτι2 καί πρόσθεν ὑπέρ αὐτός λόγος ποιέω .
184682	tlg0057.tlg095.1st1K-grc1	καλοῦσι δὲ τὸ μηχάνημα τοῦτο βάθρον Ἱπποκράτειον οἱ μετ’ αὐτὸν ἰατροί.	καλέω δέ ὁ μηχάνημα οὗτος βάθρον ἱπποκράτειος ὁ μετά αὐτός  .
184683	tlg0057.tlg095.1st1K-grc1	ὅτι μὲν οὖν ἕπεται τὸ βιβλίον τοῦτο τῷ περὶ τῶν ἀγμῶν ἀρκείτω ταῦτα.	ὅτι2 μέν οὖν  ὁ βιβλίον οὗτος τῷ περί ὁ  ἀρκέω οὗτος .
184684	tlg0057.tlg095.1st1K-grc1	πρὸς δὲ τὴν ἐξήγησιν ἴωμεν αὐτοῦ τοσοῦτον προειπόντες ἔτι, ὃ καὶ ἐπὶ τῆς περὶ ἀγμῶν ἐξηγήσεως προείπομεν, ὡς ἔστιν ἡ ἑρμηνεία τοῦ Ἱπποκράτους ἱκανῶς σαφὴς ἐλαχίστης ἐξηγήσεως δεομένη τῷ τὰ πρῶτα μαθήματα μεμαθηκότι καὶ εἰθισμένῳ λέξεως ἀκούειν ἀνδρὸς παλαιοῦ·	πρός δέ ὁ ἐξήγησις εἶμι αὐτός  προαγορεύω ἔτι , ὅς καί ἐπί ὁ περί ἀγμός ἐξήγησις προαγορεύω , ὡς εἰμί ὁ ἑρμηνεία ὁ Ἱπποκράτης ἱκανός σαφής ἐλάχιστος ἐξήγησις δέω τῷ ὁ πρῶτος μάθημα μανθάνω καί ἐθίζω λέξις ἀκούω ἀνήρ παλαιός ·
184685	tlg0057.tlg095.1st1K-grc1	καὶ εἴ τις οὕτως παρεσκευασμένος ἐπ’ ἀνθρωπείων ὀστῶν θεάσαιτο τὰς κατὰ τὰς διαρθρώσεις συνθέσεις ἣ πάντως γε ἐπὶ πιθηκείων ἔτι μᾶλλον αὐτῷ σαφῆ φανεῖται τὰ κατὰ τοῦτο τὸ βιβλίον.	καί εἰ τις οὕτως παρασκευάζω ἐπί ἀνθρώπειος  θεάομαι ὁ κατά ὁ διάρθρωσις σύνθεσις  πᾶς γε ἐπί  ἔτι μᾶλλον αὐτός σαφής φαίνω ὁ κατά οὗτος ὁ βιβλίον .
184686	tlg0057.tlg095.1st1K-grc1	εἰ δὲ καὶ μυῶν ἀνατομῆς ἐμπείρως ἔχοι καὶ ἄλλως εἴη φύσει συνετὸς, οἷδ’ ὅτι καὶ τούτῳ πολλὰ τῶν ἐν τοῖσδε τοῖς ὑπομνήμασι γεγραμμένων φανεῖται περιττὰ φθάνοντι νοεῖν τὴν λέξιν τοῦ παλαιοῦ καὶ πρὸ τῶν ἐμῶν ἐξηγήσεων.	εἰ δέ καί μῦς  ἔμπειρος ἔχω καί ἄλλος εἰμί φύσις συνετός ,  ὅτι2 καί οὗτος πολύς ὁ ἐν ὅδε ὁ ὑπόμνημα  φαίνω   νοέω ὁ λέξις ὁ παλαιός καί πρό ὁ ἐμός  .
184687	tlg0057.tlg095.1st1K-grc1	ἀλλ’ ἐπεὶ μὴ μόνον τοῖς τοιούτοις ὑπομνήματα γράφομεν, ἄμεινον εἶναί μοι δοκεῖ τῶν ἄλλων στοχαζομένῳ, εἰ καὶ βραχεῖά τις ἀσάφεια φαίνοιτο μὴ παρέρχεσθαι ταύτην.	ἀλλά ἐπεί μή μόνος ὁ τοιοῦτος ὑπόμνημα γράφω , ἀμείνων εἰμί ἐγώ δοκέω ὁ ἄλλος  , εἰ καί βραχύς τις ἀσάφεια φαίνω μή παρέρχομαι οὗτος .
184688	tlg0057.tlg095.1st1K-grc1	Ὁμοῦ δὲ ἄρθρον ἕνα τρόπον οἶδα ὀλισθαῖνον τὸν ἐς τὴν μασχάλην.	ὁμοῦ δέ   τρόπος οἶδα  ὁ εἰς ὁ μασχάλη .
184689	tlg0057.tlg095.1st1K-grc1	Ὅτι τῶν διαρθρουμένων ὀστῶν ἀλλήλοις ἄρθρον ὀνομάζειν εἴωθεν, οὐ τὴν ὑποδεχομένην κοιλότητα τὸ τοῦ πλησιάζοντος﻿ ὀστοῦ πέρας, ἀλλ’ αὐτὸ τὸ πέρας, εἴρηται μὲν κατὰ τὸν ἔμπροσθεν ἤδη λόγον, ἀναμεμνήσθω δὲ καὶ νῦν ὅτι κεφαλὴν ἀξιόλογον ὁ βραχίων ἔχων οὐ πάνυ βαθεῖαν κοιλότητα διαρθροῦται τῷ πέρατι τοῦ τῆς ὠμοπλάτης αὐχένος ἐπικείμενος, καὶ ὅτι τὰ τοιαῦτα πράγματα ποτὲ μὲν οὕτως εἴωθεν ἑρμηνεύειν, ὡς νῦν εἴρηκεν, ὤμου δὲ ἄρθρον, ἐνίοτε δὲ οὐχ οὕτως, ἀλλ’ ὡς εἰ τὸ κατ’ ὦμον ἄρθρον εἰρήκει, καθάπερ ἐν τῷ περὶ ἀγμῶν, τότε κατὰ γόνυ πολλάκις εἷπεν.	ὅτι ὁ   ἀλλήλων ἄρθρον ὀνομάζω  , οὐ ὁ  κοιλότης ὁ ὁ πλησιάζω ﻿  πέρας , ἀλλά αὐτός ὁ πέρας , λέγω μέν κατά ὁ ἔμπροσθεν ἤδη λόγος ,  δέ καί νῦν ὅτι2 κεφαλή ἀξιόλογος ὁ βράχεα ἔχω οὐ πάνυ βαθύς κοιλότης  τῷ πέρας ὁ ὁ  αὐχήν  , καί ὅτι2 ὁ τοιοῦτος πρᾶγμα ποτε μέν οὕτως  ἑρμηνεύω , ὡς νῦν λέγω , ὦμος δέ ἄρθρον , ἐνίοτε δέ οὐ οὕτως , ἀλλά ὡς εἰ ὁ κατά ὦμος ἄρθρον λέγω , καθά ἐν ὁ περί ἀγμός , τότε κατά γόνυ πολλάκις λέγω .
184690	tlg0057.tlg095.1st1K-grc1	ἕνα δὲ τρόπον, ὅπερ ἐστὶ διαφορὰν μίαν, εἰδέναι φησὶ τοῦ κατὰ τοῦτο τὸ ἄρθρον ὀλισθήματος.	δέ τρόπος , ὅς εἰμί διαφορά  , οἶδα φημί ὁ κατά οὗτος ὁ ἄρθρον ὀλίσθημα .
184691	tlg0057.tlg095.1st1K-grc1	εἰ δ’ ὀρθῶς λέλεκται τοῦτ’ αὐτῷ κατὰ τὸν ἐφεξῆς λόγον ἐπισκεψόμεθα.	εἰ  ὀρθός λέγω  αὐτός κατά ὁ ἐφεξῆς λόγος  .
184692	tlg0057.tlg095.1st1K-grc1	Ἄνω δὲ οὐδέποτε εἶδον οὐδὲ ἐς τὸ ἔξω.	δέ οὐδέποτε ὁράω οὐδέ εἰς ὁ ἔξω .
184693	tlg0057.tlg095.1st1K-grc1	Τῆς κατὰ τὸν ὦμον διαρθρώσεως ἡ κοιλότης, ἣν ἐπὶ τῷ πέρατι τοῦ τῆς ὠμοπλάτης αὐχένος ἔφην ὑπάρχειν, εἰς τὸ πρόσω τέτραπται μέρος, ὥσθ’, ὅταν ἀνατείνῃ τις τὸν βραχίονα, καταλαμβάνειν αὐτοῦ τὴν κεφαλὴν ἅπαν ἀκριβῶς τὸ κοῖλον.	ὁ κατά ὁ ὦμος  ὁ κοιλότης , ὅς ἐπί τῷ πέρας ὁ ὁ  αὐχήν φημί ὑπάρχω , εἰς ὁ πρόσω τρέπω μέρος ,  , ὅταν  τις ὁ βραχίων , καταλαμβάνω αὐτός ὁ κεφαλή ἅπας ἀκριβής ὁ κοῖλος .
184694	tlg0057.tlg095.1st1K-grc1	ἁπάσης δὲ διαρθρώσεως ἕξ τῶν πέριξ χωρῶν οὐσῶν, τῆς ἄων καὶ κάτω καὶ πρόσω καὶ ὀπίσω καὶ ἕξω καὶ ἔνδον, ἡ μὲν ἀκριβῶς ἄνω μὲν τοῦ κατ’ ὦμον ἄρθρου τὸ σαρκῶδες ἐπιβεβλημένον ἔχει τοῦ δελτοειδοῦς ὑπὸ τινῶν ὀνομαζομένου μυὸς, ἡ δ’ ὡς πρὸς τὸν τράχηλον ἐκκλινομένη τὴν ῥάχιν τῆς ὠμοπλάτης, ᾗ τῆς κλειδὸς ζευγνυμένης τὸ καλούμενον ἀκρώμιον γεννᾶται.	ἅπας δέ   ὁ πέριξ  εἰμί , ὁ  καί κάτω καί πρόσω καί ὀπίσω καί ἔχω καί ἔνδον , ὁ μέν ἀκριβής ἄνω2 μέν ὁ κατά ὦμος  ὁ  ἐπιβάλλω ἔχω ὁ  ὑπό  ὀνομάζω μῦς , ὁ  ὡς πρός ὁ τράχηλος  ὁ ῥάχις ὁ  , ὅς ὁ κλείς  ὁ καλέω ἀκρώμιον γεννάω .
184695	tlg0057.tlg095.1st1K-grc1	κατὰ δὲ τὴν ἔξω χώραν ἐστὶν ἡ ἀπόφυσις τῆς ὠμοπλάτης, ἣν διὰ τὸ σχῆμα τινὲς μὲν ἀγκυροειδῆ προσαγορεύουσιν, ἔνιοι δὲ κορακοειδῆ.	κατά δέ ὁ ἔξω χώρα εἰμί ὁ ἀπόφυσις ὁ ὠμοπλάτη , ὅς διά ὁ σχῆμα  μέν  προσαγορεύω , ἔνιοι δέ  .
184696	tlg0057.tlg095.1st1K-grc1	αὕτη μὲν οὖν κωλύει τὴν εἰς τοῦτο τὸ μέρος ἔκπτωσιν τοῦ ἄρθρου, τὴν δ’ ὀπίσω τίς ἂν ἡμῶν ἐννοῆσαι δύναιτο τῆς ὠμοπλάτης ἐνταῦθα κειμένης.	οὗτος μέν οὖν κωλύω ὁ εἰς οὗτος ὁ μέρος  ὁ  , ὁ  ὀπίσω τις ἄν ἐγώ ἐννοέω δύναμαι ὁ ὠμοπλάτη ἐνταῦθα  .
184697	tlg0057.tlg095.1st1K-grc1	λοιποὶ τοίνυν ἀφρούρητοι τόποι τέσσαρές εἰσιν, εἰς οὓς ἐννοῆσαι δύναται τὸ ἄρθρον ἐκπίπτειν, ὧν ἁπάντων ἐμνημόνευσε, τοῦ μὲν κάτω κατ’ αὐτοῦ τοῦ βιβλίου τὴν ἀρχὴν εἰπὼν, ὤμου δὲ ἄρθρον ἕνα τρόπον οἶδα ὀλισθαῖνον τὸν εἰς τὴν μασχάλην, τῶν λοιπῶν δὲ τριῶν ὀνομαστὶ, πρώτου μὲν τοῦ ἄνω, δευτέρου δὲ τοῦ ἔξω, τρίτου δὲ τοῦ πρόσω.	λοιπός τοίνυν  τόπος  εἰμί , εἰς ὅς ἐννοέω δύναμαι ὁ ἄρθρον ἐκπίπτω , ὅς ἅπας μνημονεύω , ὁ μέν κάτω κατά αὐτός ὁ  ὁ ἀρχή λέγω , ὦμος δέ   τρόπος οἶδα  ὁ εἰς ὁ μασχάλη , ὁ λοιπός δέ   , πρῶτος μέν ὁ ἄνω2 ,  δέ ὁ ἔξω ,  δέ ὁ πρόσω .
184698	tlg0057.tlg095.1st1K-grc1	προσέχωμεν οὖν τὸν νοῦν, τίνα λέγει περὶ τῶν δύο τρόπων ὧν ἐν ταύτῃ τῇ ῥήσει προεχειρίσατο.	προσέχω οὖν ὁ νόος ,  λέγω περί ὁ γε τρόπος  ἐν οὗτος ὁ ῥῆσις προχειρίζω .
184699	tlg0057.tlg095.1st1K-grc1	Οὐ μέντοι διϊσχυριείω γε, εἰ ὀλισθαίνοι ἂν οὔ·	οὐ μέντοι  γε , εἰ  ἐάν οὐ ·
184700	tlg0057.tlg095.1st1K-grc1	καίπερ ἔχων περὶ αὐτοῦ ὅ τι λέγω.	καίπερ ἔχω περί αὐτός ὅς  λέγω .
184701	tlg0057.tlg095.1st1K-grc1	ἀτὰρ οὐδὲ ἐς τὸ ἔμπροσθεν οὐδέπω ὄπωπα, οὐδὲ τοῦτο ὅτι ἔδοξέ μοι ὠλισθηκέναι.	οὐδέ εἰς ὁ ἔμπροσθεν οὐδέπω ὁράω , οὐδέ οὗτος ὅτι2 δοκέω ἐγώ ὀλισθάνω .
184702	tlg0057.tlg095.1st1K-grc1	τοῖσι μέντοι ἰατροῖσι δοκέει κάρτα ἐς τοὔμπροσθεν ὀλισθαίνειν, καὶ μάλιστα ἐξαπατῶνται ἐν τούτοισιν, ὧν ἂν φθίσις καταλάβῃ τὰς σάρκας τὰς περὶ ἄρθρον τε καὶ τὸν βραχίονα.	ὁ μέντοι  δοκέω κάρτα εἰς ἔμπροσθεν  , καί μάλιστα ἐξαπατάω ἐν οὗτος , ὅς ἐάν φθίσις καταλαμβάνω ὁ σάρξ ὁ περί ἄρθρον τε καί ὁ βραχίων .
184703	tlg0057.tlg095.1st1K-grc1	φαίνεται γὰρ ἐν τοῖσι τοιούτοισι παντάπασι ἡ κεφαλὴ τοῦ βραχίονος ἐξέχουσα ἐς τοὔμπροσθεν.	φαίνω γάρ ἐν ὁ τοιοῦτος παντάπασι ὁ κεφαλή ὁ βραχίων ἐξέχω εἰς  .
184704	tlg0057.tlg095.1st1K-grc1	ἐγὼ δέ ποτε τὸ τοιοῦτον οὐ σφὰς ἐκπεπτωκέναι ἤκουσα φλαύρως ὑπό τε τῶν ἰατρῶν ὑπό τε τῶν δημοτέων διὰ τοῦτο τὸ πρᾶγμα.	δέ ποτε ὁ  οὐ σφός ἐκπίπτω ἀκούω φλαῦρος ὑπό τε ὁ ἰατρός ὑπό τε ὁ δημότης διά οὗτος ὁ πρᾶγμα .
184705	tlg0057.tlg095.1st1K-grc1	ἐδόκεον γὰρ αὐτοῖσι ἠγνοηκέναι μοῦνος, οἱ δὲ ἄλλοι πάντες ἐγνωκέναι καὶ οὐκ ἠδυνάμην αὐτοὺς ἀναγνῶναι, εἰ μὴ μόλις ὅτιτόδ’ ἐστὶ τοιόνδε.	γάρ αὐτός ἀγνοέω μόνος , ὁ δέ ἄλλος πᾶς γιγνώσκω καί οὐ  αὐτός ἀναγιγνώσκω , εἰ μή μόλις ὅτι2 τόδ’ εἰμί τοιόσδε .
184706	tlg0057.tlg095.1st1K-grc1	Δύο τρόπους ὀλισθήματος εἰρηκὼς, τόν τε ἄνω καὶ τὸν ἔξω, καὶ ἀποφηνάμενός γε περὶ ἀμφοτέρων, ὡς οὐδέτερον αὐτῶν ἑωρακὼς εἴη, μετὰ ταῦτα προσέγραψε τὴν νῦν ἡμῖν προκειμένην λέξιν, ὡς περὶ ἀμφοῖν διαλεγόμενος.	τρόπος ὀλίσθημα λέγω , ὁ τε ἄνω2 καί ὁ ἔξω , καί  γε περί ἀμφότερος , ὡς  αὐτός ὁράω εἰμί , μετά οὗτος προσγράφω ὁ νῦν ἐγώ  λέξις , ὡς περί ἄμφω  .
184707	tlg0057.tlg095.1st1K-grc1	ἀλλὰ τό γε προσκείμενον αὐτῇ κατὰ τὸ τέλος, ἔνθα φησὶ, καίτοι ἔχων περὶ αὐτοῦ ὅ τι λέγω, δοκεῖ φανερῶς ἐπὶ θατέρου τῶν προειρημένων εἰρῆσθαι.	ἀλλά ὁ γε  αὐτός κατά ὁ τέλος , ἔνθα φημί ,  ἔχω περί αὐτός ὅς τις λέγω , δοκέω φανερός ἐπί ἕτερος ὁ προαγορεύω λέγω .
184708	tlg0057.tlg095.1st1K-grc1	περὶ γὰρ ἀμφοτέρων εἴπερ ἠβουλήθη λέγειν, οὐκ ἂν εἶπεν ἑνικῶς αὐτοῦ·	περί γάρ ἀμφότερος εἴπερ βούλομαι λέγω , οὐ ἄν λέγω ἑνικός αὐτός ·
184709	tlg0057.tlg095.1st1K-grc1	μήτ’ οὖν περὶ μονῆς τῆς ἔξω διαφορᾶς ποιεῖται τὸν λόγον, ἐκείνῃ γὰρ ἐπενήνεκται τὸ, καίτοι ἔχων περὶ αὐτοῦ ὅ τι λέγω.	οὖν περί μονή ὁ ἔξω διαφορά ποιέω ὁ λόγος , ἐκεῖνος γάρ  ὁ ,  ἔχω περί αὐτός ὅς  λέγω .
184710	tlg0057.tlg095.1st1K-grc1	δύναταί γε μὴν, ὥς τινες ἤκουσαν, ἐν σχήματι λέξεως εἰρῆσθαι παλαιῷ περὶ τῶν τρόπων ἀμφοτέρων, ὡς εἰ καὶ οὕτως ἐγεγράφει, καίτοι ἔχων περὶ τούτου τοῦ πράγματος ὅτι λέγω.	γε μήν , ὡς τις ἀκούω , ἐν σχῆμα λέξις λέγω παλαιός περί ὁ τρόπος ἀμφότερος , ὡς εἰ καί οὕτως γράφω ,  ἔχω περί οὗτος ὁ πρᾶγμα ὅτι2 λέγω .
184711	tlg0057.tlg095.1st1K-grc1	ἔνιοι δὲ ἐγχωρεῖν φασιν ἡμαρτῆσθαι τὴν λέξιν, οὐκ ὀρθῶς γράψαντος τοῦ πρώτου βιβλιογράφου, κἄπειτα μηδενὸς αὐτὴν ἐπανορθῶσαι τολμήσαντος ἄχρι δεῦρο διαφυλαχθῆναι τὴν ἁμαρτίαν.	ἔνιοι δέ ἐγχωρέω φημί ἁμαρτάνω ὁ λέξις , οὐ ὀρθός γράφω ὁ πρῶτος  ,   αὐτός ἐπανορθόω τολμάω ἄχρι δεῦρο διαφυλάσσω ὁ ἁμαρτία .
184712	tlg0057.tlg095.1st1K-grc1	ἐγὼ δὲ καθ’ ἕν τι τῶν ἀντιγράφων εὗρον οὕτω γεγραμμένον, καίτοι ἔχων περὶ αὐτῶν ὅ τι λέγω.	δέ κατά   ὁ ἀντίγραφος εὑρίσκω οὕτως γράφω ,  ἔχω περί αὐτός ὅς τις λέγω .
184713	tlg0057.tlg095.1st1K-grc1	μεταγράψαι δηλονότι τολμήσαντός τινος τὴν ἐναντίως τοῖς ἄλλοις εὑρισκομένην γραφήν·	μεταγράφω    ὁ ἐναντίος ὁ    ·
184714	tlg0057.tlg095.1st1K-grc1	ἀλλ’ εἴτε περὶ ἀμφοτέρων τῶν τρόπων εἴτε περὶ θατέρου μόνου φησὶν οὐκ ἔχειν ἰσχυρίσασθαι.	ἀλλά εἴτε περί ἀμφότερος ὁ τρόπος εἴτε περί ἕτερος  φημί οὐ ἔχω ἰσχυρίζομαι .
184715	tlg0057.tlg095.1st1K-grc1	καλὸν δὴ ἡμᾶς ἐστι περὶ ἀμφοτέρων ἐπισκέψασθαι, τοσοῦτον ἔτι περὶ τῆς λέξεως αὐτοῦ προειπόντας, ὡς τὸ ἰσχυριείω δηλοῖ τὸ ἰσχυριστικῶς ἔχω, παραπλησίως τῷ ὀψείω, δηλοῦντι καὶ αὐτῷ τὸ ὀπτικῶς ἔχω, παρ’ὃ καὶ Ὅμηρος ἐποίησε τὴν ὀψείοντες φωνὴν, σημαίνων κἀκεῖνος δι’ αὐτῆς τοὺς ὀπτικῶς ἔχοντας, ἔνθα φησί·	καλός δή ἐγώ εἰμί περί ἀμφότερος ἐπισκοπέω ,  ἔτι περί ὁ λέξις αὐτός προαγορεύω , ὡς ὁ  δηλόω ὁ  ἔχω , παραπλήσιος τῷ ὀψείω , δηλόω καί αὐτός ὁ  ἔχω , παρά ὃ καί Ὅμηρος ποιέω ὁ ὀψείω φωνή , σημαίνω ἐκεῖνος διά αὐτός ὁ  ἔχω , ἔνθα φημί ·
184716	tlg0057.tlg095.1st1K-grc1	Τῷῥ’ οἵ γ’ ὀψείοντες ἀυτῆς καὶ πολέμοιο.	ῥ’ ὁ  ὀψείω  καί πόλεμος .
184717	tlg0057.tlg095.1st1K-grc1	διὰ τί γοῦν ἔφη, καίτοι δυνάμενός τι λέγειν οὐκ ἐθέλω εἰπεῖν, ἐπισκεψώμεθα πρότερον ἐπινοήσαντες αὐτοὶ τίνα ποτ’ ἐστὶν ἃ λέγειν ἐδύνατο.	διά τι γοῦν φημί , καίτοι  τι λέγω  ἐθέλω λέγω ,  πρότερος ἐπινοέω αὐτός τις  εἰμί ὅς λέγω δύναμαι .
184718	tlg0057.tlg095.1st1K-grc1	δῆλον γὰρ ὡς ἐκ τῆς τῶν﻿ μερῶν φύσεως ἡ γοῦν εὕρεσις αὐτῶν τῶν λεχθησομένων ἐγένετο ἂν, εἴπερ ὅλως ἠξίωσεν εἰπεῖν τι, τὴν κατασκευὴν δὲ αὐτῶν ἀκριβῶς ἔχειν ὑφ’ ἡμῶν δεδειγμένην ἔν τε τῷ περὶ ὀστῶν βιβλίῳ καὶ τῇ τῶν μυῶν ἀνατομῇ καὶ δηλονότι κἀν ταῖς ἀνατομικαῖς ἐγχειρήσεσιν.	δῆλος γάρ ὡς ἐκ ὁ ὁ ﻿ μέρος φύσις ὁ γοῦν εὕρεσις αὐτός ὁ  γίγνομαι ἐάν , εἴπερ ὅλος ἀξιόω λέγω τις , ὁ κατασκευή δέ αὐτός ἀκριβής ἔχω ὑπό ἐγώ  ἐν τε τῷ περί  βιβλίον καί ὁ ὁ μῦς  καί  ἐν ὁ   .
184719	tlg0057.tlg095.1st1K-grc1	ἡ γὰρ ἀρτηριῶν καὶ φλεβῶν καὶ νεύρων φύσις οὐδὲν εἰς τὰ παρόντα χρήσιμος, ἐπειδὴ τὰ κατὰ τὰς ἐκπτώσεις τῶν ἄρθρων ἅπαντα συμπτώματα γίνεταί τε καὶ κωλύεται διά τε τὰ τῶν ὀστῶν ἄρθρα καὶ τοὺς περιέχοντας αὐτὰ μύας·	ὁ γάρ ἀρτηρία καί  καί  φύσις οὐδείς εἰς ὁ πάρειμι χρήσιμος , ἐπεί ὁ κατά ὁ ἔκπτωσις ὁ ἄρθρον ἅπας σύμπτωμα  τε καί κωλύω διά τε ὁ ὁ  ἄρθρον καί ὁ περιέχω αὐτός μῦς ·
184720	tlg0057.tlg095.1st1K-grc1	οὐδὲν εἰς αὐτὰ συντελούντων ἢ κωλυόντων οὕτε τῶν ἀρτηριῶν οὔτε τῶν νεύρων ἢ τῶν φλεβῶν.	οὐδείς εἰς αὐτός συντελέω τίη κωλύω  ὁ  οὔτε ὁ  ἤ ὁ  .
184721	tlg0057.tlg095.1st1K-grc1	αὐτίκα γέ τοι τὸ κατ’ ὦμον ἄρθρον πάντων τῶν ἄλλων ἑτοιμότερον ἐκπίπτει, διότι τε μονοειδές ἐστι καὶ ἁπλοῦν, οὐχ ὥσπερ τὸ κατὰ γόνυ διπλοῦν ἢ τὸ κατ’ ἀγκῶνα ποικίλον τε καὶ οὔ ποτε ἁπλοῦν, ὅτι τε τοῦ βραχίονος ἡ κεφαλὴ μεγάλητ’ οὖσα καὶ χωρὶς προμήκους αὐχένους ἀβαθεῖ κοιλότητι διαρθροῦται, τοῦ τε μηροῦ τὴν κεφαλὴν ἔχοντος μικρὰν καὶ τὸν αὐχένα προμήκη.	αὐτίκα γε τοι ὁ κατά ὦμος  πᾶς ὁ ἄλλος ἑτοῖμος ἐκπίπτω , διότι τε μονοειδής εἰμί καί ἁπλόω , οὐ ὥσπερ ὁ κατά γόνυ διπλόος ἤ ὁ κατά ἀγκών ποικίλος τε καί οὐ ποτε ἁπλόω , ὅτι2 τε ὁ βραχίων ὁ κεφαλή μέγας τ’ εἰμί καί χωρίς    κοιλότης  , ὁ τε μηρός ὁ κεφαλή ἔχω μικρός καί ὁ αὐχήν  .
184722	tlg0057.tlg095.1st1K-grc1	τὴν δ’ ὑποδεχομένην αὐτὸν κοτύλην βαθεῖαν, ὀφρύσιν ἀξιολόγοις στεφανωμένην, μετὰ τοῦ καὶ σύνδεσμον ἰσχυρότατον κατ’ ἄκραν αὐτοῦ τὴν κεφαλὴν τῷ βαθυτάτῳ χωρίῳ τῆς κοτύλης τὴν σύμφυσιν ἔχειν.	ὁ   αὐτός κοτύλη βαθύς , ὀφρῦς ἀξιόλογος  , μετά ὁ καί σύνδεσμος ἰσχυρός κατά ἄκρα αὐτός ὁ κεφαλή τῷ βαθύς χωρίον ὁ κοτύλη ὁ σύμφυσις ἔχω .
184723	tlg0057.tlg095.1st1K-grc1	εἰκότως οὖν ὀλιγάκις ὁ μηρὸς ἐκπίπτει, πλειστάκις δὲ ὁ βραχίων, ὡς ἂν μήτε τὸν σύνδεσμον ἔχων μήτ’ ἐγκαταβαίνων βαθείᾳ κοιλότητι.	εἰκός οὖν ὀλιγάκις ὁ μηρός ἐκπίπτω , πλειστάκις δέ ὁ  , ὡς ἄν  ὁ σύνδεσμος ἔχω   βαθύς κοιλότης .
184724	tlg0057.tlg095.1st1K-grc1	τὴν μὲν οὖν ἀρχὴν τῆς ἐκπτώσεως εἰς ἐκεῖνο γίνεσθαι τὸ μέρος ἀναγκαῖόν ἐστιν, εἰς ὅπερ ἂν ἡ τοῦ σχήματος ἄγει βία.	ὁ μέν οὖν ἀρχή ὁ ἔκπτωσις εἰς ἐκεῖνος γίγνομαι ὁ μέρος ἀναγκαῖος εἰμί , εἰς ὅς ἄν ὁ ὁ σχῆμα ἄγω βία .
184725	tlg0057.tlg095.1st1K-grc1	μένειν δ’ οὐκέτ’ ἐξ ἀνάγκης δύναται ἐν ἐκείνῳ διά τε τὴν φυσικὴν εἰς τὸ κάτω ῥοπὴν καὶ τὴν στενοχωρίαν ἐνίοτε τοῦ χωρίου γινομένην, ἤτοι δι’ ἐξοχὰς ὀστῶν ἢ συντονίαν μυῶν.	μένω   ἐκ ἀνάγκη δύναμαι ἐν ἐκεῖνος διά τε ὁ  εἰς ὁ κάτω ῥοπή καί ὁ στενοχωρία ἐνίοτε ὁ χωρίον  , ἤτοι διά ἐξοχή  τίη συντονία μῦς .
184726	tlg0057.tlg095.1st1K-grc1	ἡ μὲν οὖν ἄνω χώρα τῆς κατ’ ὦμον διαρθρώσεως ὑπερκείμενον ἔχει τὸ ἀκρώμιον, ὥστε εἰ καὶ μετασταίη ποτὲ τὸ ἄρθρον εἰς αὐτὴν οὐ παραδεχομένων αὐτὸ τῶν ἐνταῦθα τεταγμένων ὀστῶν, αὐτίκα τῷ βάρει ῥέψαν ἐξενεχθήσεται κάτω.	ὁ μέν οὖν ἄνω2 χώρα ὁ κατά ὦμος   ἔχω ὁ  , ὡς εἰ καί μεθίστημι ποτε ὁ ἄρθρον εἰς αὐτός οὐ  αὐτός ὁ ἐνταῦθα   , αὐτίκα τῷ    κάτω .
184727	tlg0057.tlg095.1st1K-grc1	ἡ δ’ ἔξω χώρα καὶ μύας ἔχει μεγάλους, ἀλλὰ τὴν εἰς τὸ κάτω ῥοπὴν ἑτοίμην.	ὁ  ἔξω χώρα καί μῦς ἔχω μέγας , ἀλλά ὁ εἰς ὁ κάτω ῥοπή ἑτοῖμος .
184728	tlg0057.tlg095.1st1K-grc1	ἐνδέχεται δέ ποτε καὶ βίαιον σχῆμα διαστήσειν ἀπ’ ἀλλήλων δυνάμενον εἰς τὴν μεταξὺ χώραν αὐτῶν ἀπώσασθαι τὸ ἄρθρον, ἐν ᾗ σφηνωθῇ, ὑπ’ αὐτῶν τῶν μυῶν κατασχεθῆναι.	ἐνδέχομαι δέ ποτε καί βίαιος σχῆμα  ἀπό ἀλλήλων  εἰς ὁ μεταξύ χώρα αὐτός ἀπωθέω ὁ ἄρθρον , ἐν ὅς  , ὑπό αὐτός ὁ μῦς κατέχω .
184729	tlg0057.tlg095.1st1K-grc1	διὰ τοῦτ’ οὖν καὶ ὁ Ἱπποκράτης φησὶ, μὴ διϊσχυρίσασθαι βιαίως, εἴτ’ ἐκπεσεῖν οἷόν τε τὸ κατ’ ὦμον ἄρθρον εἴτε καὶ μή.	διά  οὖν καί ὁ Ἱπποκράτης φημί , μή  βίαιος ,  ἐκπίπτω  τε ὁ κατά ὦμος ἄρθρον εἴτε καί μή .
184730	tlg0057.tlg095.1st1K-grc1	ὅσῳ μὲν γὰρ ἐπὶ τὸ κάτω ῥέπειν, οὐδ’ ἂν ἐν τῇ πρόσω χώρᾳ διαμεῖναι δύναται.	ὅσος μέν γάρ ἐπί ὁ κάτω ῥέπω , οὐδέ ἄν ἐν ὁ πρόσω χώρα διαμένω δύναμαι .
184731	tlg0057.tlg095.1st1K-grc1	διαστάντων δὲ, ὡς εἴρηται, τῶν μυῶν οὐκ ἀδύνατον φαίνεται σφηνωθὲν ἐνταῦθα μένειν.	διΐστημι δέ , ὡς λέγω , ὁ  οὐ ἀδύνατος φαίνω  ἐνταῦθα μένω .
184732	tlg0057.tlg095.1st1K-grc1	λέγειν μὲν οὖν εἶχε τοιαῦτα περὶ τῆς εἰς ἄλλο τι χωρίον ὅτι μὴ τὴν μασχάλην ἐκπτώσεως.	λέγω μέν οὖν ἔχω τοιοῦτος περί ὁ εἰς ἄλλος  χωρίον ὅτι2 μή ὁ μασχάλη ἔκπτωσις .
184733	tlg0057.tlg095.1st1K-grc1	ἐπεὶ δ’ οὐδέποτε ἑώρακεν, οὐκ ἠξίωσε γράφειν αἰτίας ἐξ ἐπινοίας λογικῶν, ἀξιοπιστότερον ἡγούμενος ἀεὶ τὸ φαινόμενον ἐναργῶς.	ἐπεί  οὐδέποτε ὁράω ,  ἀξιόω γράφω αἰτία ἐκ ἐπίνοια  ,   ἀεί ὁ φαίνω ἐναργής .
184734	tlg0057.tlg095.1st1K-grc1	οὕτως οὖν καὶ τὰς ἐν ταῖς θεραπείαις ἐπινοίας ἑαυτοῦ τῇ πείρᾳ βεβαιοῖ, πρὶν ἡμᾶς διδάσκειν, οὐχ ὡς ἔνιοι τῶν μετ’ αὐτὸν ἰατρῶν ἔγραψαν, ἐν θεραπευτικοῖς συγγράμμασι κελεύοντες ἡμᾶς ποιεῖν ἃ μηδέποτε αὐτοὶ πρόσθεν ἔπραξαν.	οὕτως οὖν καί ὁ ἐν ὁ θεραπεία ἐπίνοια ἑαυτοῦ ὁ πεῖρα βεβαιόω , πρίν  διδάσκω , οὐ ὡς ἔνιοι ὁ μετά αὐτός ἰατρός γράφω , ἐν  σύγγραμμα κελεύω ἐγώ ποιέω ὅς μηδέποτε αὐτός πρόσθεν πράσσω .
184735	tlg0057.tlg095.1st1K-grc1	ἀλλ’ ὅ γε Ἱπποκράτης ἐν αὐτῷ τούτῳ τῷ βιβλίῳ περὶ τῶν κατὰ ῥάχιν διαλεγόμενος, εἶθ’ ἑαυτοῦ τὴν ἐπίνοιαν εἰπὼν ὑπὸ τῆς πείρας ἀδύνατον ἐλεγχθεῖσαν ἔφη·	ἀλλά ὁ γε  ἐν αὐτός οὗτος ὁ  περί ὁ κατά ῥάχις  ,  ἑαυτοῦ ὁ ἐπίνοια λέγω ὑπό ὁ πείρω ἀδύνατος  φημί ·
184736	tlg0057.tlg095.1st1K-grc1	καλὰ δὲ καὶ τὰ τοιαῦτα μαθήματά ἐστιν, ἃ πειρηθέντα ἀπορηθέντα ἐφάνη καὶ δι’ ἅσσα ἠπορήθη.	καλός δέ καί ὁ τοιοῦτος μάθημα εἰμί , ὅς πειράω ἀπορέω2 φαίνω καί διά  ἀπορέω2 .
184737	tlg0057.tlg095.1st1K-grc1	Εἴ τις τοῦ βραχίονος ψιλώσειε μὲν τῶν σαρκῶν τὴν ἐπωμίδα, ψιλώσειε δὲ ᾗ ὁ μῦς ἀνατείνει, ψιλώσειε δὲ τὸν τένοντα τὸν κατὰ τὴν μασχάλην τε καὶ τὴν κληῖδα πρὸς τὸ στῆθος ἔχοντα, φαίνοιτο ἂν τοῦ βραχίονος ἡ κεφαλὴ ἐς τοὔμπροσθεν ἐξέχουσα ἰσχυρῶς, καίπερ οὐκ ἐκπεπτωκυῖα.	τις ὁ βραχίων ψιλόω μέν ὁ σάρξ ὁ ἐπωμίς , ψιλόω δέ ὅς ὁ μῦς ἀνατείνω , ψιλόω δέ ὁ  ὁ κατά ὁ μασχάλη τε καί ὁ κλείς πρός ὁ στῆθος ἔχω , φαίνω ἐάν ὁ βραχίων ὁ κεφαλή εἰς ἔμπροσθεν ἐξέχω ἰσχυρός , καίπερ οὐ ἐκπίπτω .
184738	tlg0057.tlg095.1st1K-grc1	πέφυκε γὰρ ἐς τοὔμπροσθεν προπετὴς ἡ κεφαλὴ τοῦ βραχίονος, τὸ δ’ ἄλλο ὀστέον τοῦ βραχίονος ἐς τὸ ἔξω καμπύλον.	φύω γάρ εἰς  προπετής ὁ κεφαλή ὁ βραχίων , ὁ  ἄλλος ὀστέον ὁ  εἰς ὁ ἔξω καμπύλος .
184739	tlg0057.tlg095.1st1K-grc1	Βραχίων μὲν ὀνομάζεται τὸ μεταξὺ τῶν δύο διαρθρώσεων ὅλης τῆς χειρὸς μέρος, ἄκουε δέ μου δύο διαρθρώσεις, τὴν κατ’ ἀγκῶνα καὶ τὴν κατ’ ὦμον.	μέν ὀνομάζω ὁ  ὁ γε  ὅλος ὁ χείρ μέρος , ἀκούω δέ  γε διαρθρόω , ὁ κατά ἀγκών καί ὁ κατά ὦμος .
184740	tlg0057.tlg095.1st1K-grc1	ἐπωμὶς δὲ τὸ ἐπάνω τοῦ ὤμου μέρος ἐπιτεινόμενον ὡς ἐπὶ τὸν τράχηλον.	ἐπωμίς δέ ὁ ἐπάνω ὁ ὦμος μέρος  ὡς ἐπί ὁ τράχηλος .
184741	tlg0057.tlg095.1st1K-grc1	ὦμος γὰρ ὀνομάζεται τὸ περὶ τὴν διάρθρωσιν ἅπαν ὅσον φανερὸν, ὡς τό γε μὴ φαινόμενον ἐκ μὲν τῶν ὀπίσω μερῶν ἐστι τὸ τῆς ὠμοπλάτης ὀστοῦν, ἐκ δὲ τῶν κάτω τὸ κατὰ τὴν ἀνάστασιν ὅλης τῆς χειρὸς φανερὸν γιγνόμενον ὃ προσαγορεύεται μασχάλη.	ὦμος γάρ ὀνομάζω ὁ περί ὁ διάρθρωσις  ὅσος φανερός , ὡς ὁ γε μή φαίνω ἐκ μέν ὁ ὀπίσω μέρος εἰμί ὁ ὁ ὠμοπλάτη  , ἐκ δέ ὁ κάτω ὁ κατά ὁ ἀνάστασις ὅλος ὁ χείρ φανερός  ὅς προσαγορεύω  .
184742	tlg0057.tlg095.1st1K-grc1	προειπὼν οὖν ὁ Ἱπποκράτης, ἐφ’ ὧν ἠτροφήκασιν αἱ κατὰ τὸν ὦμον σάρκες, ἐξέχουσαν φαίνεσθαι τὴν κεφαλὴν τοῦ βραχίονος, ὡς δοκεῖν ἐνίοις ἐκπεπτωκέναι, διδάσκειν τὴν φύσιν αὐτῆς ὅλην ἐξ ἀνατομῆς ἀξιῶν.	προαγορεύω οὖν ὁ Ἱπποκράτης , ἐπί ὅς  ὁ κατά ὁ ὦμος σάρξ , ἐξέχω φαίνω ὁ κεφαλή ὁ βραχίων , ὡς δοκέω ἔνιοι ἐκπίπτω , διδάσκω ὁ φύσις αὐτός ὅλος ἐκ ἀνατομή ἀξιάω .
184743	tlg0057.tlg095.1st1K-grc1	εἴ τις βούλοιτο θεάσασθαι σαφῶς αὐτὴν, ψιλῶσαι μὲν τῶν σαρκῶν τὴν ἐπωμίδα, τουτέστι περιελεῖν σμίλῃ μέχρι τοῦ γυμνωθῆναι τὰ κατὰ τὴν διάρθρωσιν ὀστᾶ, ψιλῶσαι δὲ τὸν τένοντα τὸν κατὰ τὴν μασχάλην.	εἰ τις βούλομαι θεάομαι σαφής αὐτός , ψιλόω μέν ὁ σάρξ ὁ ἐπωμίς ,    μέχρι ὁ γυμνόω ὁ κατά ὁ διάρθρωσις  , ψιλόω δέ ὁ  ὁ κατά ὁ μασχάλη .
184744	tlg0057.tlg095.1st1K-grc1	τρεῖς γάρ τοι μύες εἰσὶν ἐνταῦθα·	γάρ τοι μῦς εἰμί ἐνταῦθα ·
184745	tlg0057.tlg095.1st1K-grc1	πρῶτος μὲν ὁ ἀπὸ τῆς ὠμοπλάτης τε καὶ τῆς κλειδὸς ὁρμώμενος, ὃν καὶ δελτοειδῆ ὀνομάζουσι.	πρῶτος μέν ὁ ἀπό ὁ ὠμοπλάτη τε καί ὁ κλείς ὁρμάω , ὅς καί  ὀνομάζω .
184746	tlg0057.tlg095.1st1K-grc1	τούτου τοῦ μυὸς τὸ μὲν σαρκῶδες ἅπασαν καλύπτει τὴν﻿ διάρθρωσιν, ὁ δὲ τένων εἰς τὸ τοῦ βραχίονος ὀστοῦν ἐμφύεται κατὰ μῆκος, ὥσπερ φύεται τένων ἄλλος ἀξιολόγου μυὸς ἀπὸ τοῦ στέρνου ἀρχομένου, παραφερομένου δὲ τῷ προειρομένῳ κατὰ τὴν τῆς ὠμιαίας φλεβὸς θέσιν, οὗ καὶ αὐτοῦ μέμνηται λέγων, ψιλώσειε δὲ τὸν τένοντα τὸν κατὰ τὴν μασχάλην, ἐν μέντοι τῷ φάναι ψιλώσειε δὲ, ᾗ ὁ μῦς ἀνατείνει, δύναται μὲν καὶ αὐτὸν τὸν δελτοειδῆ λέγειν, οὗ τὸ σαρκῶδες ἅπαν καλύπτει τὸ ἄρθρον, ἐγχωρεῖδ’ αὐτὸν καὶ τοῦ προσθίου κατὰ τὸν αὐχένα μεμνῆσθαι μυὸς ἔχοντος ἐν δύο κεφαλαῖς συνδέσμους εὐρώστους, τὸν μὲν ἕτερον ἐκ τῆς ἀγκυροειδοῦς ἀποφύσεως ἐκφυόμενον, τὸν δὲ ἕτερον ἐκ τῆς ὑψηλῆς ὀφρύος τοῦ τῆς ὠμοπλάτης αὐχένος.	οὗτος ὁ μῦς ὁ μέν  ἅπας καλύπτω ὁ ﻿ διάρθρωσις , ὁ δέ  εἰς ὁ ὁ βραχίων  ἐμφύω κατά μῆκος , ὥσπερ φύω  ἄλλος ἀξιόλογος μῦς ἀπό ὁ  ἄρχω , παραφέρω δέ τῷ  κατά ὁ ὁ  φλέψ θέσις , οὗ καί αὐτός μιμνήσκω λέγω , ψιλόω δέ ὁ  ὁ κατά ὁ μασχάλη , ἐν  τῷ φημί ψιλόω δέ , ὅς ὁ μῦς ἀνατείνω , δύναμαι μέν καί αὐτός ὁ  λέγω , οὗ ὁ  ἅπας καλύπτω ὁ ἄρθρον , ἐγχωρέω δ’ αὐτός καί ὁ  κατά ὁ αὐχήν μιμνήσκω  ἔχω ἐν γε κεφαλή  εὔρωστος , ὁ μέν ἕτερος ἐκ ὁ    , ὁ δέ ἕτερος ἐκ ὁ ὑψηλός ὀφρῦς ὁ ὁ  αὐχήν .
184747	tlg0057.tlg095.1st1K-grc1	Ὁμιλέει δὲ ὁ βραχίων τῷ κοίλῳ τῆς ὠμοπλάτης πλάγιος, ὅταν παρὰ τὰς πλευρὰς παρατεταμένος ἕῃ.	ὁμιλέω δέ ὁ  τῷ κοῖλος ὁ  πλάγιος , ὅταν παρά ὁ πλευρά παρατείνω  .
184748	tlg0057.tlg095.1st1K-grc1	ὅταν μέντοι ἐς τοὔμπροσθεν ἐκτανυσθῇ ἡ ξύμπασα χεὶρ, τότε ἡ κεφαλὴ τοῦ βραχίονος κατ’ ἴξιν τῆς ὠμοπλάτης τῷ κοίλῳ γίνεται καὶ οὐκἔτι ἐξέχειν ἐς τοὔμπροσθεν φαίνεται.	ὅταν  εἰς ἔμπροσθεν ἐκτανύω ὁ σύμπας χείρ , τότε ὁ κεφαλή ὁ βραχίων κατά ἵξις ὁ ὠμοπλάτη τῷ κοῖλος γίγνομαι καί  ἐξέχω εἰς  φαίνω .
184749	tlg0057.tlg095.1st1K-grc1	περὶ οὗ νῦν ὁ λόγος οὐδέποτε εἶδον, οὐδὲ ἐς τοὔμπροσθεν ἐκπεσὸν, οὐ μὴν ἰσχυριείω γε οὐδὲ περὶ τούτου, εἰ μὴ ἐκπέσῃ ἂν οὕτως ἢ οὔ.	περί οὗ νῦν ὁ λόγος οὐδέποτε ὁράω , οὐδέ εἰς ἔμπροσθεν  , οὐ μήν  γε οὐδέ περί οὗτος , εἰ μή ἐκπίπτω ἄν οὕτως ἤ οὐ .
184750	tlg0057.tlg095.1st1K-grc1	ὅταν οὖν ἐκπέσῃ ὁ βραχίων ἐς τὴν μασχάλην, ἅτε πολλοῖσιν ἐκπίπτοντος, πολλοὶ ἐπίστανται ἐμβάλλειν.	ὅταν οὖν ἐκπίπτω ὁ βράχεα εἰς ὁ μασχάλη , ἅτε πολύς ἐκπίπτω , πολύς ἐφίστημι ἐμβάλλω .
184751	tlg0057.tlg095.1st1K-grc1	εὐπαιδεύτου δὲ ἐστι τὸ εἰδέναι πάντας τοὺς τρόπους οἷσιν οἱ ἰητροὶ ἐμβάλλουσι καὶ ὡς ἄν τις αὐτοῖσι τοῖσι τρόποισι τούτοισι κάλλιστα χρῶτο.	δέ εἰμί ὁ οἶδα πᾶς ὁ τρόπος ὅς ὁ ἰατρός ἐμβάλλω καί ὡς ἄν τις αὐτός ὁ τρόπος οὗτος κάλλιστα  .
184752	tlg0057.tlg095.1st1K-grc1	χρέεσθαι δὲ χρὴ τῷ κρατίστῳ τῶν τρόπων, ἢν τὴν ἰσχυροτάτην ἀνάγκην ὁρᾷς, κράτιστος δὲ ὕστατος γεγραμμένος.	χράομαι δέ χρή τῷ κράτιστος ὁ τρόπος , ἐάν ὁ ἰσχυρός ἀνάγκη ὁράω , κράτιστος δέ ὕστατος γράφω .
184753	tlg0057.tlg095.1st1K-grc1	Ὁμιλεῖν ἔλεγον οἱ παλαιοὶ τοὐπίπαν οὐκ ἐπὶ τοῦ διαλέγεσθαι, καθάπερ νῦν οἱ πολλοὶ, τὸ συνιέναι δὲ ἀλλήλοις καὶ οἷον ὁμοῦ εἱλεῖσθαι, ταύτῃ προσηγόρευε τῇ φωνῇ.	λέγω ὁ παλαιός ἐπίπαν οὐ ἐπί ὁ διαλέγω , καθά νῦν ὁ πολύς , ὁ σύνειμι2 δέ ἀλλήλων καί οἷος ὁμοῦ  , οὗτος  ὁ φωνή .
184754	tlg0057.tlg095.1st1K-grc1	καὶ Ὅμηρος ἐπὶ τῶν κατὰ τὴν ἀσπίδα γεγραμμένων ὑπὸ τοῦ Ἡφαίστου φησίν·	καί Ὅμηρος ἐπί ὁ κατά ὁ ἀσπίς  ὑπό ὁ Ἥφαιστος φημί ·
184755	tlg0057.tlg095.1st1K-grc1	ὡμίλεον δ’ ὥστε ζωοὶ βροτοὶ ἠδ’ ἐμάχοντο.	ὥστε ζωός βροτός  μάχομαι .
184756	tlg0057.tlg095.1st1K-grc1	τίς οὖν βραχίονα τῷ κοίλῳ τῆς ὠμοπλάτης ὁμιλεῖν ἔφη πλάγιον, ὅταν παρὰ τὰς πλευρὰς ἡ χεὶρ ᾖ παρατεταμένη, διὰ τοῦ ὁμιλεῖν ῥήματος δηλῶν τό τε ὁμοῦ εἶναι καὶ ψαύειν αὐτῆς.	τις οὖν βραχίων τῷ  ὁ  ὁμιλέω φημί πλάγιος , ὅταν παρά ὁ πλευρά ὁ χείρ εἰμί  , διά ὁ ὁμιλέω ῥῆμα δηλόω ὁ τε ὁμοῦ εἰμί καί ψαύω αὐτός .
184757	tlg0057.tlg095.1st1K-grc1	ὅταν μέντοι φησὶν ἡ σύμπασα χεὶρ ἐκταθῇ, τότε κατὰ τὴν εὐθυωρίαν ὁ βραχίων γίνεται τῷ κοίλῳ τῆς ὠμοπλάτης καὶ οὐκέτ’ ἐξέχειν εἰς τὸ πρόσω διὰ τὸ ἄρθρον αὐτοῦ φαίνεται.	ὅταν  φημί ὁ σύμπας χείρ ἐκτείνω , τότε κατά ὁ εὐθυωρία ὁ βράχεα γίγνομαι τῷ  ὁ  καί  ἐξέχω εἰς ὁ πρόσω διά ὁ ἄρθρον αὐτός φαίνω .
184758	tlg0057.tlg095.1st1K-grc1	Ὅσοισι μὲν οὖν πυκνὰ ἐκπίπτει ὁ ὦμος ἱκανοὶ ὡς ἐπὶ τὸ πλεῖστον αὐτοὶ σφίσιν αὐτοῖσιν ἐμβάλλειν εἰσίν.	μέν οὖν πυκνός ἐκπίπτω ὁ ὦμος ἱκανός ὡς ἐπί ὁ πλεῖστος αὐτός σφεῖς αὐτός ἐμβάλλω εἰμί .
184759	tlg0057.tlg095.1st1K-grc1	Εἴρηταί μοι κἀν τοῖς εἰς τὸ περὶ ἀγμῶν ὑπομνήμασι διὰ δύο αἰτίας ἐκπίπτειν ἄρθρον πυκνῶς καὶ ἐπὶ σμικραῖς προφάσεσιν, ἤτοι διὰ τὸ τῆς κοιλότητος ἀβαθές τε ἅμα, κἀν ταῖς ὀφρύσιν ὕπτιον ἥ διὰ τὴν ὑγρότητα τῶν περικειμένων τῇ διαρθρώσει σωμάτων, δι’ ἣν χαλαράτ’ ἐστὶ καὶ ῥᾳδίως ἐκτεινόμενα.	ἐν ὁ εἰς ὁ περί ἀγμός ὑπόμνημα διά γε αἰτία ἐκπίπτω ἄρθρον πυκνός καί ἐπί μικρός πρόφασις , ἤτοι διά ὁ ὁ κοιλότης  τε ἅμα , ἐν ὁ ὀφρῦς  ὁ διά ὁ ὑγρότης ὁ  ὁ διαρθρόω σῶμα , διά ὅς χαλαρός τ’ εἰμί καί ῥᾴδιος  .
184760	tlg0057.tlg095.1st1K-grc1	λέλεκται δὲ ὡς διὰ τὰς αὐτὰς αἰτίας αἱ ἐμβολαὶ τῶν τοιούτων ἄρθρων εἰσὶ ῥᾴδιαι καὶ διὰ τοῦτο χωρὶς ἰατρῶν ὑπ’ αὐτῶν πασχόντων γίνονται.	λέγω δέ ὡς διά ὁ αὐτός αἰτία ὁ ἐμβολή ὁ τοιοῦτος  εἰμί ῥᾴδιος καί διά οὗτος χωρίς ἰατρός ὑπό αὐτός πάσχω γίγνομαι .
184761	tlg0057.tlg095.1st1K-grc1	Ἐνθέντες γὰρ τῆς ἑτέρης χειρὸς τοὺς κονδύλους ἐς τὴν μασχάλην ἀναγκάζουσιν ἄνω τὸ ἄρθρον, τὸν δὲ ἀγκῶνα παράγουσιν ἐπὶ τὸ στῆθος.	γάρ ὁ ἕτερος χείρ ὁ κόνδυλος εἰς ὁ μασχάλη ἀναγκάζω ἄνω2 ὁ ἄρθρον , ὁ δέ ἀγκών παράγω ἐπί ὁ στῆθος .
184762	tlg0057.tlg095.1st1K-grc1	Ὁ πρῶτος τρόπος οὗτος τῆς ἐμβολῆς ἐστιν ὑποβάλλοντος εἴτ’ αὐτοῦ τοῦ κάμνοντος εἴτ’ ἰατροῦ τινος ὑπὸ τὴν κεφαλὴν τοῦ βραχίονος τοὺς κονδύλους τῆς χειρὸς οὐχ ἁπλῶς, ἀλλ’ ἐκ τῶν ἔνδον μερῶν ὡς ἀποστῆσαι κάτω πρῶιον, εἶθ’ οὕτως εἰς τὴν ἄνω χώραν ἀπώσασθαι καὶ κατ’ εὐθὺ ποιῆσαι τῆς ὑποδεξομένης αὐτὴν κοιλότητος.	πρῶτος τρόπος οὗτος ὁ ἐμβολή εἰμί ὑποβάλλω  αὐτός ὁ κάμνω  ἰατρός  ὑπό ὁ κεφαλή ὁ βραχύς ὁ κόνδυλος ὁ χείρ οὐ ἁπλόος , ἀλλά ἐκ ὁ ἔνδον μέρος ὡς ἀφίστημι κάτω  ,  οὕτως εἰς ὁ ἄνω2 χώρα ἀπωθέω καί κατά εὐθύς ποιέω ὁ  αὐτός κοιλότης .
184763	tlg0057.tlg095.1st1K-grc1	ἐνταῦθα γὰρ, οἶμαι, καὶ οἱ περικείμενοι τῇ διαρθρώσει μύες ὑπηρετοῦσί τε καὶ συμ πράττουσιν αὐτῇ.	ἐνταῦθα γάρ , οἴομαι , καί ὁ  ὁ διαρθρόω μῦς  τε καί  πράσσω αὐτός .
184764	tlg0057.tlg095.1st1K-grc1	εἴρηται γὰρ ὑπ’ αὐτοῦ κατὰ τὸ περὶ ἀγμῶν, ὥσπερ οὖν καὶ ἡμῖν ἐν τοῖς περὶ μυῶν κινήσεως οἰκείαν τε καὶ σύμφυτον εἶναι τοῖς μυσὶ τὴν εἰς ἑαυτοὺς συνίζησιν.	λέγω γάρ ὑπό αὐτός κατά ὁ περί ἀγμός , ὥσπερ οὖν καί  ἐν ὁ περί μῦς κίνησις οἰκεῖος τε καί σύμφυτος εἰμί ὁ  ὁ εἰς ἑαυτοῦ συνίζησις .
184765	tlg0057.tlg095.1st1K-grc1	ἐκτείνονται γὰρ οὐχ ὑφ’ ἑαυτῶν, ἀλλ’ ὑπὸ τῶν ἀντιτεταμένων μυῶν ἡσυχάζοντες καὶ ἀργοῦντες αὐτοί.	γάρ οὐ ὑπό ἑαυτοῦ , ἀλλά ὑπό ὁ  μῦς ἡσυχάζω καί ἀργέω αὐτός .
184766	tlg0057.tlg095.1st1K-grc1	ἡ τοιαύτη κίνησις τῶν μυῶν καὶ τὴν ἐνεχθεῖσαν εἰς μασχάλην κεφαλὴν τοῦ βραχίονος οὐκ ἐᾷ κατὰ χώραν μένειν, ἀλλ’ ἀνασπᾷ μέχρι τῶν πλευρῶν τοῦ θώρακος ὑποπίπτειν τε καὶ ὑποκεῖσθαι τῷ τῆς ὠμοπλάτης αὐχένι, διό καὶ ἡ ἐμβολὴ σύνθετός ἐστιν ἐκ τριῶν ἐνεργειῶν, πρώτης μὲν καθ’ ἥν ἡμῖν εἰς τὸ πρόσω τὸ ἄρθρον ἄγεται, δευτέρας δὲ καθ’ ἣν ἄνω, καὶ τρίτης καθ’ ἢν ὀπίσω.	ὁ τοιοῦτος κίνησις ὁ μῦς καί ὁ φέρω εἰς μασχάλη κεφαλή ὁ βραχίων οὐ ἐάω κατά χώρα μένω , ἀλλά ἀνασπάω μέχρι ὁ πλευρόν ὁ  ὑποπίπτω τε καί ὑπόκειμαι τῷ ὁ ὠμοπλάτη αὐχήν , διό καί ὁ ἐμβολή σύνθετος εἰμί ἐκ  ἐνέργεια , πρῶτος μέν κατά ὅς ἐγώ εἰς ὁ πρόσω ὁ ἄρθρον ἄγω , δεύτερος δέ κατά ὅς ἄνω2 , καί τρίτος κατά ἐάν ὀπίσω .
184767	tlg0057.tlg095.1st1K-grc1	αὕτη γὰρ ἀναγκαία τῷ ἐμβάλλοντι, δι’ οὗπερ ἂν ἐπιχειρεῖ τρόπου τὴν ἐμβολὴν ποιήσασθαι.	οὗτος γάρ ἀναγκαῖος τῷ ἐμβάλλω , διά οὗ ἄν ἐπιχειρέω τρόπος ὁ ἐμβολή ποιέω .
184768	tlg0057.tlg095.1st1K-grc1	ἔνθα μὲν οὖν ὑγρὰ φύσει καὶ χαλαρὰ τὰ περικείμενα σώματα διαρθρώσει μετὰ βραχείας καταστάσεως τῆς χειρὸς ἡ κεφαλὴ τοῦ βραχίονος εἰς τὸ πρόσω μέρος ἀνάγεται.	ἔνθα μέν οὖν  φύσις καί χαλαρός ὁ  σῶμα διαρθρόω μετά βραχύς κατάστασις ὁ χείρ ὁ κεφαλή ὁ βραχύς εἰς ὁ πρόσω μέρος ἀνάγω .
184769	tlg0057.tlg095.1st1K-grc1	συντόνων δὲ ὄντων ἰσχυροτέρως δεῖται, διὰ τοῦτ’ οὖν εὕρηνται πλείους τρόποι τῆς ἐμβολῆς, ἐπεὶ τό γε κεφάλαιον ἁπασῶν ἕν ἐστι τὸ προειρημένον, εἰς ﻿ τρεῖς οὓς εἶπον σκοποὺς ἀναγόμενον, αὐτοὺς δὲ τοὺς τρεῖς σκοποὺς εὕρομεν ἐκ τοῦ κοινοτάτου καὶ γενικωτάτου πάντων ὑφ’ Ἱπποκράτους μὲν εἰρημένου, πρὸς ἡμῶν δὲ ἀποδεδειγμένου κατὰ τὰ τῆς θεραπευτικῆς μεθόδου βιβλία.	δέ εἰμί  δέω , διά  οὖν εὑρίσκω πολύς τρόπος ὁ ἐμβολή , ἐπεί ὁ γε κεφάλαιος ἅπας  εἰμί ὁ προαγορεύω , εἰς   ὅς λέγω  ἀνάγω , αὐτός δέ ὁ   εὑρίσκω ἐκ ὁ  καί  πᾶς ὑπό Ἱπποκράτης μέν  , πρός ἐγώ δέ  κατά ὁ ὁ  μέθοδος βιβλίον .
184770	tlg0057.tlg095.1st1K-grc1	λεχθήσεται δὲ καὶ νῦν ὅσον οἷόν τε διὰ βραχυτάτων.	λέγω δέ καί νῦν ὅσος  τε διά  .
184771	tlg0057.tlg095.1st1K-grc1	οὐδὲν μὲν τῶν κατὰ φύσιν ἐπανορθώσεως δεῖται.	οὐδείς μέν ὁ κατά φύσις ἐπανόρθωσις δέω .
184772	tlg0057.tlg095.1st1K-grc1	φυλάττειν μὲν γὰρ ἡμῖν, οὐκ ἀνασκευάζειν αὐτὰ πρόκειται, τὰ δὲ παρὰ φύσιν ἔχοντα πρόκειται μὲν εἰς τὸ κατὰ φύσιν ἐπανάγειν, ἀναγκαῖον δέ ἐστι τῷ μέλλοντι εἰς τὴν ἀρχαίαν ἐπανέρχεσθαι κατάτασιν, ὅθεν ἐξετράπετο τὴν αὐτὴν ὁδὸν ἀνάπαλιν ἐλθεῖν, ὅπερ οὐδὲν διαφέρει τοῦ φάναι τὴν ἐναντίαν ὁδὸν ἀνύσαι.	φυλάσσω μέν γάρ  ,  ἀνασκευάζω αὐτός πρόκειμαι , ὁ δέ παρά φύσις ἔχω πρόκειμαι μέν εἰς ὁ κατά φύσις ἐπανάγω , ἀναγκαῖον δέ εἰμί τῷ μέλλω εἰς ὁ  ἐπανέρχομαι κατάτασις , ὅθεν  ὁ αὐτός ὁδός  ἔρχομαι , ὅς οὐδείς διαφέρω ὁ φημί ὁ ἐναντίος ὁδός ἀνύω .
184773	tlg0057.tlg095.1st1K-grc1	τοῖς οὖν ἐξ Ἀθηνῶν εἰς Ἐλευσῖνα πορευθεῖσιν οὐκ ἂν ἔχοις ἐναντίαν ὁδὸν ἑτέραν εἰπεῖν ἢ τὴν ἐξ Ἐλευσῖνος Ἀθήναζε·	ὁ οὖν ἐκ Ἀθήνη εἰς Ἐλευσίς  οὐ ἄν ἔχω ἐναντίος ὁδός ἕτερος λέγω τίη ὁ ἐκ Ἐλευσίς  ·
184774	tlg0057.tlg095.1st1K-grc1	καίτοι γε τὸ πρῶτον ἀνυσθὲν μέρος τῆς ὁδοῦ πορευομένοις ἐξ Ἀθηνῶν ὕστατον ἀναστρεφόντων.	γε ὁ πρῶτος  μέρος ὁ ὁδός πορεύω ἐκ Ἀθήνη ὕστατος  .
184775	tlg0057.tlg095.1st1K-grc1	σκέπτου τοίνυν ἐφ’ ἑκάστης ἐξαρθρήσεως ὁπόθεν μὲν ἤρξατο τῆς μεταστάσεως τὸ ἄρθρον, ὅπως δὲ προῆλθεν, ὅποι δὲ τὴν τελευτὴν ἐποιήσατο.	τοίνυν ἐπί ἕκαστος  ὁπόθεν μέν ἄρχω ὁ μετάστασις ὁ ἄρθρον , ὅπως δέ προέρχομαι , ὅποι δέ ὁ τελευτή ποιέω .
184776	tlg0057.tlg095.1st1K-grc1	δεήσει γάρ σε τὴν μὲν τελευτὴν τῆς μεταστάσεως ἀρχὴν τῆς ἐπανόδου ποιήσασθαι, προελθεῖν δὲ ἐντεῦθεν ἀνάπαλιν τὴν ἀρχὴν τῆς ἐμπτώσεως.	δέω2 γάρ  ὁ μέν τελευτή ὁ μετάστασις ἀρχή ὁ ἐπάνοδος ποιέω , προέρχομαι δέ ἐντεῦθεν ἀνάπαλιν ὁ ἀρχή ὁ  .
184777	tlg0057.tlg095.1st1K-grc1	αὐτίκα γοῦν ἐπὶ τῆς προκειμένης ἐξαρθρήσεως, ὅταν ἀπὸ τῆς οἰκείας ἕδρας εἰς τὴν πρόσω χώραν ἡ κεφαλὴ τοῦ βραχίονος ὑποχωροῦσα κάτω μὲν ἐνεχθῇ τῷ βάρει ῥέψασα, μετὰ ταῦτα δὲ ὀπίσω πρὸς τὰς πλευρὰς ὑπὸ τῶν μυῶν εἰς αὐτὰς συνελκόντων ἀνασπασθῇ, τὴν εἰς τὸ κατὰ φύσιν ἐπάνοδον ἄρξασθαι μὲν ἀπὸ τῆς ὀπίσω χώρας ἀναγκαῖόν ἐστιν, ἐνταῦθα δὲ πρόσω μὲν πρῶτον, εἶτ’ ἄνω παράγεσθαι, κἀπειδὰν ἤδη κατ’ εὐθὺ τῆς κοιλότητος ᾖ, δυοῖν θάτερον, ἢ τοῖς μυσὶν ἐπιτρέψαι τὸ πᾶν ἢ καὶ αὐτὸν συνεπωθεῖν.	αὐτίκα γοῦν ἐπί ὁ   , ὅταν ἀπό ὁ  ἕδρα εἰς ὁ πρόσω χώρα ὁ κεφαλή ὁ βραχίων  κάτω μέν φέρω τῷ   , μετά οὗτος δέ ὀπίσω πρός ὁ πλευρά ὑπό ὁ μῦς εἰς αὐτός   , ὁ εἰς ὁ κατά φύσις ἐπάνοδος ἄρχω μέν ἀπό ὁ ὀπίσω χώρα ἀναγκαῖος εἰμί , ἐνταῦθα δέ πρόσω μέν πρῶτος ,  ἄνω2 παράγω , ἐπεί ἤδη κατά εὐθύς ὁ κοιλότης εἰμί ,  ἕτερος , ἤ ὁ μῦς ἐπιτρέπω ὁ πᾶς ἤ καί αὐτός  .
184778	tlg0057.tlg095.1st1K-grc1	ὅταν γε μὴν ἐπιτρέψῃς τοῖσι μυσὶ, μὴ καταλίπῃς τὴν κάτω χώραν ἀφρούρητον.	ὅταν γε μήν ἐπιτρέπω ὁ  , μή καταλείπω ὁ κάτω χώρα ἀφρούρητος .
184779	tlg0057.tlg095.1st1K-grc1	ὀχεῖσθαι γὰρ ἐνταῦθα ἐπί τινος χρὴ τὸν βραχίονα, μή πως ἠτονηκότων τῶν μυῶν ἀνασπᾷν αὐτὸν ἐνεχθῆναι κάτω φθάσῃ, πρὶν ὑπ’ ἐκείνων εἰς τὴν οἰκείαν ἐνεχθῇ χώραν.	ὀχέω γάρ ἐνταῦθα ἐπί  χρή ὁ  , μή πως  ὁ μῦς  αὐτός φέρω κάτω φθάνω , πρίν ὑπό ἐκεῖνος εἰς ὁ οἰκεῖος φέρω χώρα .
184780	tlg0057.tlg095.1st1K-grc1	οὐσῶν οὖν τούτων τῶν τριῶν ὁδοιοποριῶν, ἄριστον μέν ἐστιν ἑκάστην ποιεῖσθαι κατ’ εὐθεῖαν γραμμὴν, πρώτην μὲν τὴν πρόσω, δευτέραν δὲ τὴν ἄνω καὶ τρίτην τὴν ὀπίσω.	εἰμί οὖν οὗτος ὁ   , ἄριστος μέν εἰμί ἕκαστος ποιέω κατά εὐθύς γραμμή , πρῶτος μέν ὁ πρόσω , δεύτερος δέ ὁ ἄνω2 καί τρίτος ὁ ὀπίσω .
184781	tlg0057.tlg095.1st1K-grc1	πολλάκις δὲ οὐχ οὕτως, ἀλλὰ καὶ περικυλινδομένου τῆς κεφαλῆς τοῦ βραχίονος τῷ τῆς ὠμοπλάτης αὐχένι τὴν ἐμβολὴν ἐργαζόμεθα καὶ ὅ γε πρῶτος τρόπος ὁ διὰ τῶν δακτύλων ὑπό τε τοῦ πάσχοντος καὶ τῶν ἰατρῶν γιγνόμενος ἐκ τούτου τοῦ εἴδους ἐστίν.	πολλάκις δέ οὐ οὕτως , ἀλλά καί  ὁ κεφαλή ὁ βραχίων τῷ ὁ ὠμοπλάτη αὐχήν ὁ ἐμβολή  καί ὁ γε πρῶτος τρόπος ὁ διά ὁ δάκτυλος ὑπό τε ὁ πάσχω καί ὁ ἰατρός  ἐκ οὗτος ὁ εἶδος εἰμί .
184782	tlg0057.tlg095.1st1K-grc1	ὀνομάζει δὲ αὐτὸν αὐτὸς ὁ Ἱπποκράτης κατὰ περίσφαλσιν ἐπιτυγχανόμενον ἄνευ βλάβης ἐν τῇ κατ’ ὦμον διαρθρώσει μηδεμίαν ἐξοχὴν ἐχούσῃ προμήκη, μήτε κατὰ τὴν κεφαλὴν τοῦ βραχίονος.	ὀνομάζω δέ αὐτός αὐτός ὁ Ἱπποκράτης κατά   ἄνευ βλάβη ἐν ὁ κατά ὦμος διαρθρόω μηδείς ἐξοχή ἔχω  , μήτε κατά ὁ κεφαλή ὁ βραχίων .
184783	tlg0057.tlg095.1st1K-grc1	ἀκριβῶς γάρ ἐστι περιφερὴς, μήτε κατὰ τὰς ὀφρῦς τῆς ὑποδεξομένης αὐτὸν κοιλότητος·	ἀκριβής γάρ εἰμί περιφερής ,  κατά ὁ ὀφρῦς ὁ  αὐτός κοιλότης ·
184784	tlg0057.tlg095.1st1K-grc1	οἷς μὲν οὖν ἐκπίπτει πυκνῶς ἀνάγκη τήν τε διάρθρωσιν εἶναι χαλαρὰν καὶ τὴν κοιλότητα βραχείας ἔχειν τὰς ὀφρῦς, καὶ διὰ τοῦτο ῥᾳδίως αὐτοὶ ἑαυτοῖς ἐμβάλλουσι τὸ ἄρθρον οἱ οὕτω κατεσκευασμένοι τοὺς κονδύλους τῶν δακτύλων τῆς ἀπαθοῦς χειρὸς ὑποθέντες εἰς τὴν μασχάλην, ὡς μεταξὺ δηλονότι τὴν ἔνθεσιν αὐτῶν γίνεσθαι τῆς κεφαλῆς τοῦ βραχίονος καὶ τῶν πλευρῶν, καὶ γίνονται ἀντὶ μοχλοῦ τηνικαῦτα τῆς χειρὸς οἱ δάκτυλοι, τελευτώντων μὲν εἰς ὀξὺ πέρας τῶν κονδύλων, ὥσπερ ἡ κώνου κορυφή.	μέν οὖν ἐκπίπτω πυκνός ἀνάγκη ὁ τε διάρθρωσις εἰμί  καί ὁ κοιλότης βραχύς ἔχω ὁ ὀφρῦς , καί διά οὗτος ῥᾴδιος αὐτός ἑαυτοῦ ἐμβάλλω ὁ ἄρθρον ἕ οὕτως κατασκευάζω ὁ κόνδυλος ὁ δάκτυλος ὁ  χείρ  εἰς ὁ μασχάλη , ὡς μεταξύ  ὁ ἔνθεσις αὐτός γίγνομαι ὁ κεφαλή ὁ βραχίων καί ὁ πλευρά , καί γίγνομαι ἀντί  τηνικαῦτα ὁ χείρ ὁ δάκτυλος , τελευτάω μέν εἰς ὀξύς2 πέρας ὁ κόνδυλος , ὥσπερ ὁ κῶνος κορυφή .
184785	tlg0057.tlg095.1st1K-grc1	αὐτῇ δὲ ταύτῃ τῇ κορυφῇ παρεισερχομένων ῥᾳδίως, ὡς εἰπεῖν, εἰς τὴν μεταξὺ χώραν τῆς τε κεφαλῆς τοῦ βραχίονος καὶ τῶν πλευρῶν.	αὐτός δέ οὗτος ὁ κορυφή  ῥᾴδιος , ὡς λέγω , εἰς ὁ μεταξύ χώρα ὁ τε κεφαλή ὁ βραχίων καί ὁ  .
184786	tlg0057.tlg095.1st1K-grc1	ἢν δ’ ἅπαξ ὑπ’ αὐτῆς εἰσδεχθῶσι ῥᾳδίας τῆς ἐμβολῆς γινομένης διὰ τὴν ὑγρότητα τῶν κατὰ τὴν διάρθρωσιν σωμάτων.	ἐάν  ἅπαξ ὑπό αὐτός   ὁ ἐμβολή  διά ὁ ὑγρότης ὁ κατά ὁ διάρθρωσις σῶμα .
184787	tlg0057.tlg095.1st1K-grc1	οἱ μέντοι δάκτυλοι παραδεχθέντες εὐθέως ἐν αὐτῷ τούτῳ τὸ ἄρθρον εἰς τὸ πρόσω μέρος ἀφιστᾶσι τῶν πλευρῶν·	ὁ  δάκτυλος παραδέχομαι εὐθύς ἐν αὐτός οὗτος ὁ ἄρθρον εἰς ὁ πρόσω μέρος  ὁ πλευρά ·
184788	tlg0057.tlg095.1st1K-grc1	ὁ δ’ ἀγκὼν παρὰ τὸ στῆθος ἀπαγόμενος ὑψοῖ τὸν βραχίονα.	ὁ   παρά ὁ στῆθος ἀπάγω  ὁ βραχίων .
184789	tlg0057.tlg095.1st1K-grc1	συνεπωθούντων δὲ ἐν τῷδε τῶν δακτύλων καὶ κυλινδουμένων κατὰ τῶν κάτω τε καὶ πρόσω μερῶν τῆς διαρθρώσεως ἡ κεφαλὴ τοῦ βραχίονος ἐπὶ τὴν ὀφρῦν ἀναβαίνει τῆς ὑποδεχομένης αὐτὴν κοιλότητος.	δέ ἐν ὅδε ὁ δάκτυλος καί  κατά ὁ κάτω τε καί πρόσω μέρος ὁ  ὁ κεφαλή ὁ βραχίων ἐπί ὁ ὀφρῦς ἀναβαίνω ὁ ὑποδέχομαι αὐτός κοιλότης .
184790	tlg0057.tlg095.1st1K-grc1	εἰ δ’ ἅπαξ ἐν τούτῳ γένοιτο, διὰ βραχείας ῥοπῆς εἰς αὐτὴν ἐμπίπτει τὴν κοιλότητα·	εἰ  ἅπαξ ἐν οὗτος γίγνομαι , διά βραχύς ῥοπή εἰς αὐτός ἐμπίπτω ὁ κοιλότης ·
184791	tlg0057.tlg095.1st1K-grc1	τοῦτο δ’ ἦν τὸ πέρας τῆς ἐμβολῆς.	οὗτος  εἰμί ὁ πέρας ὁ ἐμβολή .
184792	tlg0057.tlg095.1st1K-grc1	Τὸν αὐτὸν δὲ τρόπον τοῦτον καὶ ὁ ἰατρὸς ἂν ἐμβάλλοι, εἰ αὐτὸς μὲν ὑπὸ τὴν μασχάλην ἐσωτέρω τοῦ ἄρθρου ἐκπεπτωκότος ὑποτείνας τοὺς δακτύλους ἀπαναγκάζοι ἀπὸ τῶν πλευρέων ἐμβάλλων τὴν ἑωϋτοῦ κεφαλὴν ἐς τὸ ἀκρώμιον ἀντερείσιος ἕνεκα, τοῖσι δὲ γούνασι παρὰ τὸν ἀγκῶνα ἐς τὸν βραχίονα ἐμβαλὼν ἀντωθέοι πρὸς τὰς πλευράς.	αὐτός δέ τρόπος οὗτος καί ὁ ἰατρός ἄν ἐμβάλλω , εἰ αὐτός μέν ὑπό ὁ μασχάλη εἴσω ὁ  ἐκπίπτω ὑποτείνω ὁ δάκτυλος ἀπαναγκάζω ἀπό ὁ πλευρά ἐμβάλλω ὁ  κεφαλή εἰς ὁ ἀκρώμιον  ἕνεκα , ὁ δέ γόνυ παρά ὁ ἀγκών εἰς ὁ βραχίων ἐμβάλλω ἀντωθέω πρός ὁ πλευρά .
184793	tlg0057.tlg095.1st1K-grc1	ξυμφέρει δὲ καρτερὰς τὰς χεῖρας ἔχειν τὸν ἐμβάλλοντα, εἰ αὐτὸς μὲν τῇσι χερσὶ καὶ τῇ κεφαλῇ οὕτως ποιοίη, ἄλλως δέ τις τὸν ἀγκῶνα παράγοι παρὰ τὸ στῆθος.	συμφέρω δέ καρτερός ὁ χείρ ἔχω ὁ ἐμβάλλω , εἰ αὐτός μέν ὁ χείρ καί ὁ κεφαλή οὕτως ποιέω , ἄλλος δέ τις ὁ ἀγκών παράγω παρά ὁ στῆθος .
184794	tlg0057.tlg095.1st1K-grc1	Οἱ ἰατροὶ τὰ μὲν κοινά τινα ταῖς ἰδιωτῶν ἐνεργείαις ἐνεργοῦσιν ἐμβάλλοντες αὐτοῖς τὸ ἐξαρθρῆσαν, καὶ τοῦτο μὲν διαπράττουσι κατά γε τὴν νῦν ἑρμηνευομένην ἐμβολὴν, τὰ δέ τινα τοῖς κοινοῖς αὐτοὶ προστιθέασιν ἴδια.	ὁ ἰατρός ὁ μέν  τις ὁ ἰδιώτης ἐνέργεια ἐνεργέω ἐμβάλλω αὐτός ὁ  , καί οὗτος μέν διαπράσσω κατά γε ὁ νῦν  ἐμβολή , ὁ δέ τις ὁ κοινός αὐτός  ἴδιος .
184795	tlg0057.tlg095.1st1K-grc1	κοινὰ μὲν οὖν αὐτοῖς ἐστι πρὸς τοὺς ἰδιώτας ἥ τε διὰ τῶν δακτύλων μοχλεία καὶ ἡ τοῦ βραχίονος ὕψωσις, ἴδια δὲ πρὸς τούτοις ἥ τε τῆς κεφαλῆς ἐς·	κοινός μέν οὖν αὐτός εἰμί πρός ὁ ἰδιώτης ὁ τε διά ὁ   καί ὁ ὁ βραχίων  ,  δέ πρός οὗτος ὁ τε ὁ κεφαλή εἰς ·
184796	tlg0057.tlg095.1st1K-grc1	τὸ τοῦ κάμνοντος ἀκρώμιον ἀντέρεισις, ἥ τε διὰ τῶν γονάτων ἀντώθησις ἐρειδομένων εἰς τὸ κάτω τοῦ βραχίονος.	ὁ ὁ κάμνω  ἀντέρεισις , ὁ τε διά ὁ γόνυ   εἰς ὁ κάτω ὁ βραχίων .
184797	tlg0057.tlg095.1st1K-grc1	γίνεται δὲ ἡ ἀντέρεισις ἕνεκα τοῦ μὴ συνακολουθεῖν τὸν ἄνθρωπον ἀγομένῳ πρόσω τῷ βραχίονι διὰ τῆς τῶν χειρῶν μοχλείας, καὶ πρῶτά γε χρὴ γίνεσθαι ταῦτα,﻿ τρίτονδ’ αὐτοῖς ἕπεσθαι τὴν διὰ τῶν γονάτων ἀντώθησιν ἐν ἐκείνῳ τῷ καιρῷ τῆς ὅλης χειρουργίας ἐπιτηδείως γινομένης, ἡνίκα τελέως ἡ κεφαλὴ τοῦ βραχίονος ἀποχωρήσασα τῶν πλευρῶν οὐκ εὐθὺς ὑποπίπτει τῷ τῆς ὠμοπλάτης αὐχένι.	γίγνομαι δέ ὁ ἀντέρεισις ἕνεκα ὁ μή συνακολουθέω ὁ ἄνθρωπος ἄγω πρόσω τῷ βραχίων διά ὁ ὁ χείρ  , καί πρῶτος γε χρή γίγνομαι οὗτος , ﻿ τρίτος δ’ αὐτός  ὁ διά ὁ   ἐν ἐκεῖνος τῷ καιρός ὁ ὅλος χειρουργία ἐπιτήδειος  ,  τέλειος ὁ κεφαλή ὁ βραχίων  ὁ πλευρά οὐ εὐθύς ὑποπίπτω τῷ ὁ ὠμοπλάτη αὐχήν .
184798	tlg0057.tlg095.1st1K-grc1	τηνικαῦτα γὰρ οὐδ’ ἀνάγειν εἰς τὸ πρόσω χρὴ τὸ ἄρθρον, ἀλλ’ ὠθεῖν ἄνω.	τηνικαῦτα γάρ οὐδέ ἀνάγω εἰς ὁ πρόσω χρή ὁ ἄρθρον , ἀλλά ὠθέω ἄνω2 .
184799	tlg0057.tlg095.1st1K-grc1	συμβήσεται δὲ τοῦτο καλῶς, εἰ τὸ κάτω πέρας τοῦ βραχίονος ἐπὶ τὰς πλευρὰς ἀπωθοίη τις.	συμβαίνω δέ οὗτος καλός , εἰ ὁ κάτω πέρας ὁ βραχίων ἐπί ὁ πλευρά  τις .
184800	tlg0057.tlg095.1st1K-grc1	εἰς ὅσον γὰρ τοῦτ’ ἔσω τε καὶ κάτω χωρεῖ τὸ ἀντικείμενον αὐτῷ πρὸς ἐναντίους τόπους ἐνεχθήσεται.	εἰς ὅσος γάρ  εἴσω τε καί κάτω χωρέω ὁ  αὐτός πρός ἐναντίος τόπος  .
184801	tlg0057.tlg095.1st1K-grc1	εἰς τὴν ἄνω δὲ καὶ πρόσω χώραν τοῦ βραχίονος ἡ κεφαλὴ γιγνομένη ῥᾳδίαν ἕξει τὴν ἔμπτωσιν·	εἰς ὁ ἄνω2 δέ καί πρόσω χώρα ὁ βραχίων ὁ κεφαλή  ῥᾴδιος ἔχω ὁ ἔμπτωσις ·
184802	tlg0057.tlg095.1st1K-grc1	εἰ δὲ μὴ βούλοιτό τις ἀντωθεῖν τοῖς γόνασι πρὸς τὸ κάτω πέρας τοῦ βραχίονος, ἑτέρῳ κελευσάτω παρὰ τὸ στῆθος ἀνάγειν αὐτὸν, ὅπερ ὁ ἰδιώτης ἔμπροσθεν ἐδείχθη ποιεῖν ὑπὸ τοῦ συνεχῶς ὀλισθαίνειν αὐτῷ τὸ ἄρθρον, ὡς χρὴ ποιεῖν δεδιδαγμένος·	εἰ δέ μή  τις  ὁ  πρός ὁ κάτω πέρας ὁ βραχίων , ἕτερος  παρά ὁ στῆθος ἀνάγω αὐτός , ὅς ὁ ἰδιώτης ἔμπροσθεν δείκνυμι ποιέω ὑπό ὁ συνεχής  αὐτός ὁ ἄρθρον , ὡς χρή ποιέω διδάσκω ·
184803	tlg0057.tlg095.1st1K-grc1	ἀλλ’ ᾧ γε νῦν πρῶτον ὤλισθεν, οὐχ οἷόν τε τοῦτο πράττειν ἐστὶ, πλὴν εἰ γενναῖός τις εἴη καὶ ἀκατάπληκτος ἐν τοῖς δεινοῖς.	ἀλλά ὅς γε νῦν πρῶτος ὀλισθάνω , οὐ  τε οὗτος πράσσω εἰμί ,  εἰ γενναῖος τις εἰμί καί ἀκατάπληκτος ἐν ὁ δεινός .
184804	tlg0057.tlg095.1st1K-grc1	ὁ γὰρ τοιοῦτος αὐτὸς ὑψώσει τὸν αὐχένα κελευσθεὶς ὑπὸ τοῦ θεραπεύοντος.	ὁ γάρ τοιοῦτος αὐτός ὑψόω ὁ αὐχήν κελεύω ὑπό ὁ θεραπεύω .
184805	tlg0057.tlg095.1st1K-grc1	Ἔστι δὲ ἐμβολὴ ὤμου καὶ ἐς τοὐπίσω ὑποβάλλοντα τὸν πῆχυν ἐπὶ τὴν ῥάχιν, ἔπειτα τῇ μὲν ἑτέρῃ χειρὶ ἀνακλᾷν ἐς τὸ ἄνω τοῦ ἀγκῶνος ἐχόμενον, τῇ δὲ ἑτέρῃ παρὰ τὸ ἄρθρον ὄπισθεν ἐνερείδειν.	εἰμί δέ ἐμβολή ὦμος καί εἰς ὀπίσω ὑποβάλλω ὁ πῆχυς ἐπί ὁ ῥάχις , ἔπειτα ὁ μέν ἕτερος χείρ  εἰς ὁ ἄνω2 ὁ ἀγκών ἔχω , ὁ δέ ἕτερος παρά ὁ ἄρθρον ὄπισθεν  .
184806	tlg0057.tlg095.1st1K-grc1	Οὗτος ὁ τρόπος τῆς ἐμβολῆς κατὰ περίσφαλσιν γίνεται μᾶλλον τοῦ πρόσθεν.	ὁ τρόπος ὁ ἐμβολή κατά  γίγνομαι μᾶλλον ὁ πρόσθεν .
184807	tlg0057.tlg095.1st1K-grc1	ἔστι δὲ ἐξ ἀνάγκης μὲν καὶ αὐτὸς ἐκ τῶν τριῶν ἐνεργειῶν σύνθετος, οὐ μὴν ἰδίοις πέρασιν ἑκάστης αὐτῶν περιγραφομένης, οὐδὲ ἐν τῇ μεταβάσει γωνίας ποιούσης, ἀλλὰ κατὰ τὰς κυκλοτερεῖς, ὡς εἰ καὶ τετραγώνου τις ἀποθραύσει τὰς γωνίας.	εἰμί δέ ἐκ ἀνάγκη μέν καί αὐτός ἐκ ὁ  ἐνέργεια σύνθετος , οὐ μήν ἴδιος πέρας ἕκαστος αὐτός  , οὐδέ ἐν ὁ μετάβασις γωνία ποιέω , ἀλλά κατά ὁ κυκλοτερής , ὡς εἰ καί  τις  ὁ γωνία .
184808	tlg0057.tlg095.1st1K-grc1	ὁποῖον γάρ τι συμβαῖνόν ἐστιν ἐν τοῖς κατὰ περικύλισίν τε καὶ κατὰ περίσφαλσιν·	ὁποῖος γάρ τις  εἰμί ἐν ὁ κατά  τε καί κατά  ·
184809	tlg0057.tlg095.1st1K-grc1	Α.	.
184810	tlg0057.tlg095.1st1K-grc1	Β.	.
184811	tlg0057.tlg095.1st1K-grc1	Γ.	.
184812	tlg0057.tlg095.1st1K-grc1	Δ.	.
184813	tlg0057.tlg095.1st1K-grc1	σαφῶς νοήσεις ὡς ἐπὶ εἰκόνος τοῦδε τοῦ διαγράμματος τῆς φορᾶς τῆς κεφαλῆς τοῦ βραχίονος, ἣν ἄρθρον ὤμου προσαγορεύει, γιγνομένης κατὰ μὲν τὴν πρώτην ἐνέργειαν ἀπὸ τῶν πλευρῶν εἰς τὸ πρόσω, κατὰ δὲ τῆς ΓΔ γραμμῆς, ἐντεῦθεν δὲ ἄνω ἐπὶ τὴνΔΒ, κἄπειτ’ ἐντεῦθεν ἐμβαλλομένης τῇ κοιλότητι κατὰ τὸΑ τεταγμένη.	σαφής νοέω ὡς ἐπί εἰκών ὅδε ὁ διάγραμμα ὁ φορά ὁ κεφαλή ὁ βραχίων , ὅς ἄρθρον ὦμος προσαγορεύω ,  κατά μέν ὁ πρῶτος ἐνέργεια ἀπό ὁ  εἰς ὁ πρόσω , κατά δέ ὁ  γραμμή , ἐντεῦθεν δέ ἄνω2 ἐπί ὁ Δ Β ,  ἐντεῦθεν  ὁ κοιλότης κατά ὁ Α τάσσω .
184814	tlg0057.tlg095.1st1K-grc1	τοιαύτης μὲν οὖν γινομένης αὐτοῦ τῆς φορᾶς οὐχ ἕπεται περίσφαλσις, ὅταν δὲ τῶν κατὰ τὸΔ καὶ Β γωνιῶν, οἷον ἀποθραυσθεισῶν ἡ φορὰ μηκέτι κάτω τῶν τριῶν εὐθειῶν, ἀλλὰ κατὰ μιᾶς γίγνεται γραμμῆς κυρτῆς τῷ σχήματι, τότε συμβαίνει κυλίζεσθαι καὶ τὸν βραχίονα πρὸς τὴν ὀφρὺν ἀνέρχεσθαι τῆς διαρθρώσεως.	τοιοῦτος μέν οὖν  αὐτός ὁ φορά οὐ   , ὅταν δέ ὁ κατά ὁ Δ καί  γωνία , οἷος  ὁ φορά μηκέτι κάτω ὁ  εὐθεῖα , ἀλλά κατά  γίγνομαι γραμμή κύρτη τῷ σχῆμα , τότε συμβαίνω  καί ὁ βραχίων πρός ὁ ὀφρῦς ἀνέρχομαι ὁ  .
184815	tlg0057.tlg095.1st1K-grc1	ὅταν δὲ ἐπὶ ταύτης γένηται, βραχείας ῥοπῆς προσελθούσης εἰς τὴν ἐντὸς χώραν περισφάλλεται.	ὅταν δέ ἐπί οὗτος γίγνομαι , βραχύς ῥοπή  εἰς ὁ ἐντός χώρα  .
184816	tlg0057.tlg095.1st1K-grc1	τοῦτο μὲν οὖν κοινὸν ἁπάντων τῶν κατὰ περίσφαλσιν ἐμβαλλομένων·	οὗτος μέν οὖν κοινός ἅπας ὁ κατά  ἐμβάλλω ·
184817	tlg0057.tlg095.1st1K-grc1	ἣν δὲ νῦν ἐμβολὴν ἐξηγεῖται, ταύτῃ προσήκει κατὰ μὲν τὴν εἰς τοὐπίσω τε καὶ τὴν ῥάχιν ἀναγωγὴν τοῦ πήχεως ἀκολουθοῦντος αὐτῷ ἐξ ἀνάγκης τοῦ βραχίονος ἡ κεφαλὴ πρόσω τε καὶ ἄνω μεθισταμένη περικυλισθήσεται, πρώτῳ μὲν τῷ κάτω μέρει τῆς διαρθρώσεως, ἐφεξῆς δὲ τῷ πρόσω μέχρις ἂν ἐπὶ τὴν ὀφρὺν ἀναβῇ τῆς κοιλότητος, ὅθεν δὴ πρὸς τὴν ἐντὸς χώραν ἐνεχθεῖσα στηριχθήσεται κατ’ αὐτῆς.	ὅς δέ νῦν ἐμβολή ἐξηγέομαι , οὗτος προσήκω κατά μέν ὁ εἰς ὀπίσω τε καί ὁ ῥάχις ἀναγωγή ὁ πῆχυς ἀκολουθέω αὐτός ἐκ ἀνάγκη ὁ βραχίων ὁ κεφαλή πρόσω τε καί ἄνω2   , πρῶτος μέν τῷ κάτω μέρος ὁ  ,  δέ τῷ πρόσω μέχρι ἄν ἐπί ὁ ὀφρῦς ἀναβαίνω ὁ κοιλότης , ὅθεν δή πρός ὁ ἐντός χώρα   κατά αὐτός .
184818	tlg0057.tlg095.1st1K-grc1	ἔστι γὰρ δὴ τοῦτο πέρας τῆς ἐμβολῆς.	εἰμί γάρ δή οὗτος πέρας ὁ ἐμβολή .
184819	tlg0057.tlg095.1st1K-grc1	ὥσπερ δὲ ἐπὶ τῆς πρὸ ταύτης ἐμβολῆς ἕνεκα τοῦ μὴ συνακολουθεῖν ἐπὶ τὰ πρόσω τὸν ἄνθρωπον ὠθεῖν ὀπίσω τὸ ἀκρώμιον ἐκέλευσε διὰ τῆς αὐτοῦ κεφαλῆς τὸν ἰατρὸν, οὕτω νῦν ὑπὲρ τοῦ μὴ συνακολουθεῖν, ὀπίσω τοὐναντίον ἀξιοῖ ποιεῖν ἐπιβάλλοντα τὴν χεῖρα κατὰ τὴν ὀπίσω χώραν ὅλης τῆς διαρθρώσεως, ἀντωθεῖν εἰς τὸ πρόσω τὸν ἄνθρωπον.	ὥσπερ δέ ἐπί ὁ πρό οὗτος ἐμβολή ἕνεκα ὁ μή συνακολουθέω ἐπί ὁ πρόσω ὁ ἄνθρωπος ὠθέω ὀπίσω ὁ ἀκρώμιον κελεύω διά ὁ αὐτός κεφαλή ὁ ἰατρός , οὕτως νῦν ὑπέρ ὁ μή συνακολουθέω , ὀπίσω ἐναντίος ἀξιόω ποιέω ἐπιβάλλω ὁ χείρ κατά ὁ ὀπίσω χώρα ὅλος ὁ  ,  εἰς ὁ πρόσω ὁ ἄνθρωπος .
184820	tlg0057.tlg095.1st1K-grc1	Αὕτη ἡ ἐμβολὴ καὶ ἡ πρόσθεν εἰρημένη οὐ κατὰ φύσιν ἐοῦσαι ὅμως ἀμφιβάλλουσαι τὸ ἄρθρον, ἀναγκάζουσιν ἐμπίπτειν.	ὁ ἐμβολή καί ὁ πρόσθεν λέγω οὐ κατά φύσις  ὅμως  ὁ ἄρθρον , ἀναγκάζω ἐμπίπτω .
184821	tlg0057.tlg095.1st1K-grc1	Οὐ κατὰ φύσιν αὐτὰς εἶπε διὰ τὸ μὴ κατ’ εὐθείας γραμμὰς γίνεσθαι τὴν κίνησιν τῷ ἄρθρῳ, κατὰ περικύλισιν δὲ μᾶλλον, ὡς εἴρηται.	οὐ κατά φύσις αὐτός λέγω διά ὁ μή κατά εὐθεῖα γραμμή γίγνομαι ὁ κίνησις ὁ  , κατά  δέ μᾶλλον , ὡς λέγω .
184822	tlg0057.tlg095.1st1K-grc1	κίνδυνος δὲ ἐν τῷδε γίνεται τῆς περιθραύσεως τῶν ἐξοχῶν.	κίνδυνος δέ ἐν ὅδε γίγνομαι ὁ  ὁ  .
184823	tlg0057.tlg095.1st1K-grc1	τὸ δὲ ἀναγκάζουσι προσέθηκε, τὸ βίαιον αὐτῶν ἐνδεικνύμενος.	ὁ δέ ἀναγκάζω προστίθημι , ὁ βίαιος αὐτός ἐνδείκνυμι .
184824	tlg0057.tlg095.1st1K-grc1	Οἱ δὲ τῇ πτέρνῃ πειρώμενοι ἐμβάλλειν ἐγγύς τι τοῦ κατὰ φύσιν ἀναγκάζουσι.	ὁ δέ ὁ πτέρνη πειράω ἐμβάλλω ἐγγύς τι ὁ κατά φύσις ἀναγκάζω .
184825	tlg0057.tlg095.1st1K-grc1	Διὰ τί ταύτην τὴν ἐμβολὴν ἐγγύς τι τοῦ κατὰ φύσιν ἔχειν ἔφη μαθήσῃ σαφῶς ὅλης αὐτῆς ἀκούσας πρότερον.	διά τι οὗτος ὁ ἐμβολή ἐγγύς τις ὁ κατά φύσις ἔχω φημί  σαφής ὅλος αὐτός ἀκούω  .
184826	tlg0057.tlg095.1st1K-grc1	ἔσται δὲ τοῦτο ταῖς ῥήσεσιν ἀκολουθήσαντι αὐτοῦ.	δέ οὗτος ὁ   αὐτός .
184827	tlg0057.tlg095.1st1K-grc1	Χρὴ δὲ τὸν μὲν ἄνθρωπον χαμαὶ κατακλῖναι ὕπτιον, τὸν δὲ ἐμβάλλοντα χαμαὶ ἵζεσθαι, ἐφ’ ὁπότερα ἂν τὸ ἄρθρον ἐκπεπτώκῃ, ἔπειτα λαβόμενον τῇσι χερσὶ τῇσιν ἑωυτοῦ τῆς χειρὸς τῆς σιναρῆς κατατείνειν αὐτὴν, τὴν δὲ πτέρνην ἐς τὴν μασχάλην ἐμβάλλοντα ἀντωθέειν, τῇ μὲν δεξιῇ ἐς τὴν δεξιὴν, τῇ δὲ ἀριστερῇ ἐς τὴν ἀριστερήν.	δέ ὁ μέν ἄνθρωπος χαμαί κατακλίνω ὕπτιος , ὁ δέ ἐμβάλλω χαμαί ἵζω , ἐπί ὁπότερος ἄν ὁ ἄρθρον  , ἔπειτα  ὁ χείρ ὁ ἑαυτοῦ ὁ χείρ ὁ σιναρός κατατείνω αὐτός , ὁ δέ πτέρνη εἰς ὁ  ἐμβάλλω  , ὁ μέν δεξιός εἰς ὁ δεξιά , ὁ δέ ἀριστερός εἰς ὁ ἀριστερός .
184828	tlg0057.tlg095.1st1K-grc1	δεῖ δὲ ἐς τὸ κοῖλον τῆς μασχάλης ἐνθεῖναι στρογγύλον τι ἐναρμόττον.	δέω δέ εἰς ὁ κοῖλος ὁ μασχάλη ἐντίθημι    .
184829	tlg0057.tlg095.1st1K-grc1	ἐπιτηδειότατα δὲ αἱ πάνυ σμικραὶ σφαῖραι﻿ καὶ σκληραὶ, οἷαι πολλαὶ ἐκ τῶν σκυτέων ῥάπτονται·	ἐπιτήδειος δέ ὁ πάνυ μικρός σφαῖρα ﻿ καί σκληρός , οἷος πολύς ἐκ ὁ σκῦτος ῥάπτω ·
184830	tlg0057.tlg095.1st1K-grc1	ἢν γὰρ μή τι τοιοῦτον ἐγκέηται, οὐ δύναται ἡ πτέρνη ἐξικνέεσθαι πρὸς τὴν κεφαλὴν τοῦ βραχίονος·	ἐάν γάρ μή τι τοιοῦτος ἔγκειμαι , οὐ δύναμαι ὁ πτέρνη ἐξικνέομαι πρός ὁ κεφαλή ὁ βραχίων ·
184831	tlg0057.tlg095.1st1K-grc1	κατατεινομένης γὰρ τῆς χειρὸς κοιλαίνεται ἡ μασχάλη.	κατατείνω γάρ ὁ χείρ κοιλαίνω ὁ μασχάλη .
184832	tlg0057.tlg095.1st1K-grc1	οἱ γὰρ τένοντες οἱ ἔνθεν καὶ ἔνθεν τῆς μασχάλης ἀντισφίγγοντες ἐναντίοι εἰσί.	ὁ γάρ  ἕ ἔνθεν καί ἔνθεν ὁ μασχάλη ἀντισφίγγω ἐναντίος εἰμί .
184833	tlg0057.tlg095.1st1K-grc1	χρὴ δέ τινα ἐπὶ θάτερα τοῦ κατατεινομένου καθήμενον κατέχειν κατὰ τὸν ὑγιέα ὦμον, ὡς μὴ περιέλκηται τὸ σῶμα τῆς χειρὸς τῆς σιναρῆς ἐπὶ θάτερα τεινομένης, ἔπειτα ἱμάντος μαλθακοῦ πλάτος ἔχοντος ἱκανὸν, ὅταν ἡ σφαῖρα ἐντεθῇ εἰς τὴν μασχάλην περὶ τὴν σφαίρην περιβεβλημένου τοῦ ἱμάντος καὶ κατέχοντος, λαβόμενον ἀμφοτερέων τῶν ἀρχῶν τοῦ ἱμάντος ἀντικατατείνειν τινὰ ὑπὲρ κεφαλῆς τοῦ κατατεινομένου καθήμενον, τῷ ποδὶ προσβάντα πρὸς τοῦ ἀκρωμίου τὸ ὀστέον.	χρή δέ τις ἐπί ἕτερος ὁ κατατείνω  κατέχω κατά ὁ ὑγιής ὦμος , ὡς μή  ὁ σῶμα ὁ χείρ ὁ σιναρός ἐπί ἕτερος τείνω , ἔπειτα  μαλθακός πλάτος ἔχω ἱκανός , ὅταν ὁ σφαῖρα ἐντίθημι εἰς ὁ μασχάλη περί ὁ σφαῖρα περιβάλλω ὁ  καί κατέχω ,   ὁ  ὁ  ἀντικατατείνω  ὑπέρ κεφαλή ὁ   , τῷ πούς προσβαίνω πρός ὁ  ὁ ὀστέον .
184834	tlg0057.tlg095.1st1K-grc1	ἡ δὲ σφαίρη ὡς ἐσωτάτω καὶ ὡς μάλιστα πρὸς τῶν πλευρέων κείσθω καὶ μὴ ἐπὶ τῇ κεφαλῇ τοῦ βραχίονος.	ὁ δέ σφαῖρα ὡς  καί ὡς μάλιστα πρός ὁ πλευρά κεῖμαι καί μή ἐπί ὁ κεφαλή ὁ βραχίων .
184835	tlg0057.tlg095.1st1K-grc1	Εἴ τις δὴ τῶν οὕτως εἰρημένων συνίησιν, οὗτος οὐ δεῖται τῆς διὰ τῶν λόγων ἐξηγήσεως, ἀλλὰ τῆς ἐπ’ αὐτῶν ἐνεργειῶν δείξεως.	τις δή ὁ οὕτως λέγω  , οὗτος οὐ δέω ὁ διά ὁ λόγος ἐξήγησις , ἀλλά ὁ ἐπί αὐτός ἐνέργεια δεῖξις .
184836	tlg0057.tlg095.1st1K-grc1	διὸ καὶ πολλάκις, ὡς καὶ πρόσθεν ἔφην, ἀξιῶ τὸ βιβλίον ἀναγινώσκειν αὐτοῦ τοῦ Ἱπποκράτους ἐπιμε λῶς προσέχοντας τῇ λέξει καὶ πειρωμένους νοεῖσθαι τὸ λεγόμενον.	διό καί πολλάκις , ὡς καί πρόσθεν φημί , ἀξιάω ὁ βιβλίον ἀναγιγνώσκω αὐτός ὁ Ἱπποκράτης   προσέχω ὁ λέγω καί πειράω νοέω ὁ λέγω .
184837	tlg0057.tlg095.1st1K-grc1	ἐγὼ τοίνυν ὡς ἤδη σοὶ τῶν ὑπ’ αὐτοῦ λεγομένων ἐν περινοίᾳ γεγονότι τὴν αἰτίαν προσθήσω, δι’ ἣν ἐγγύς τι τοῦ κατὰ φύσιν ἔφη τὴν τοιαύτην ἐμβολὴν εἶναι, τὰς ἔμπροσθεν ψαυσάμενος ὡς οὐ κατὰ φύσιν ἐπιτελουμένας.	τοίνυν ὡς ἤδη  ὁ ὑπό αὐτός λέγω ἐν περίνοια γίγνομαι ὁ αἰτία προστίθημι , διά ὅς ἐγγύς τι ὁ κατά φύσις φημί ὁ τοιοῦτος ἐμβολή εἰμί , ὁ ἔμπροσθεν  ὡς οὐ κατά φύσις  .
184838	tlg0057.tlg095.1st1K-grc1	πρῶτον μὲν οὖν ὅτι κατατείνει τὸν βραχίονα μηδεμιᾶς τῶν ἔμπροσθεν ἐχούσης τοῦτο, ὥστε προσηκόντως ἄν τις ἐπαινέσειε τὴν τοιαύτην ἐμβολήν.	πρῶτος μέν οὖν ὅτι2 κατατείνω ὁ βραχίων μηδείς ὁ ἔμπροσθεν ἔχω οὗτος , ὥστε προσηκόντως ἄν τις ἐπαινέω ὁ τοιοῦτος ἐμβολή .
184839	tlg0057.tlg095.1st1K-grc1	ἐῤῥέθη γὰρ ἡμῖν κἀν τῇ περὶ τῶν ἀγμῶν πραγματείᾳ ἥ τε χρεία τῆς κατατάσεως, ὅτι τε προηγεῖσθαι χρὴ πάσης ἐμβολῆς καὶ διαπλάσεως αὐτήν.	γάρ  ἐν ὁ περί ὁ ἀγμός πραγματεία ὁ τε χρεία ὁ  , ὅτι2 τε προηγέομαι χρή πᾶς ἐμβολή καί διάπλασις αὐτός .
184840	tlg0057.tlg095.1st1K-grc1	δεύτερον δὲ ἐπὶ τῷδε τῷ ἔργῳ τὸ διὰ τῆς πτέρνης ὀπίσω τὸν ἄνθρωπον ὠθεῖσθαι, χάριν τοῦ μὴ συνακολουθεῖν ἑλκομένῃ τῇ χειρί.	δεύτερος δέ ἐπί  τῷ ἔργον ὁ διά ὁ πτέρνα ὀπίσω ὁ ἄνθρωπος ὠθέω , χάριν ὁ μή συνακολουθέω  ὁ χείρ .
184841	tlg0057.tlg095.1st1K-grc1	διὰ μὲν οὖν τῶν δυοῖν τούτων ἐνεργειῶν ἡ ἀντίτασις γίνεται, διὰ μὲν τοῦ περιβαλλομένου κατὰ τὴν μασχάλην ἱμάντος εἰς τοὐπίσω τοῦ κάμνοντος ἑλκομένου, διὰ δὲ τοῦ ποδὸς ἀντωθουμένου πρόσω, καὶ σαφῶς γε πάνυ τῶν ἀντιτάσεων ἑκατέραν εἷς ἄνθρωπος ἐργάζεται.	διά μέν οὖν ὁ  οὗτος ἐνέργεια ὁ  γίγνομαι , διά μέν ὁ  κατά ὁ μασχάλη  εἰς ὀπίσω ὁ κάμνω ἕλκω , διά δέ ὁ πούς  πρόσω , καί σαφής γε πάνυ ὁ    ἄνθρωπος ἐργάζομαι .
184842	tlg0057.tlg095.1st1K-grc1	ταῦτα μὲν οὖν κατὰ φύσιν ἐν τῷ τρόπῳ τῷδε τῆς ἐμβολῆς γίνεται·	οὗτος μέν οὖν κατά φύσις ἐν ὁ τρόπος ὅδε ὁ ἐμβολή γίγνομαι ·
184843	tlg0057.tlg095.1st1K-grc1	ἡ μέντοι μοχλεία λείπεται τοῦ προσήκοντος, οὔτε τῆς μικρᾶς σφαίρας δυναμένης εἰς τὸ μεταξὺ τῶν τε πλευρῶν καὶ τῆς τοῦ βραχίονος κεφαλῆς εἰσελθεῖν οὔτε πολὺ μᾶλλον τῆς πτέρνης·	ὁ   λείπω ὁ προσήκω , οὔτε ὁ μικρός σφαῖρα  εἰς ὁ  ὁ τε πλευρά καί ὁ ὁ βραχίων κεφαλή εἰσέρχομαι οὔτε πολύς μᾶλλον ὁ πτέρνα ·
184844	tlg0057.tlg095.1st1K-grc1	ὅπου δ’ οὐδὲν εἰς ταύτην τὴν χώραν παρεισέρχεται, πῶς ἂν ἡ μοχλεία γένηται;	ὅπου  οὐδείς εἰς οὗτος ὁ χώρα  , πῶς ἐάν ὁ  γίγνομαι ;
184845	tlg0057.tlg095.1st1K-grc1	μὴ γινομένης δὲ ταύτης οὐδὲ τὴν ἐμβολὴν ἔσεσθαι κατὰ φύσιν.	μή  δέ οὗτος οὐδέ ὁ ἐμβολή εἰμί κατά φύσις .
184846	tlg0057.tlg095.1st1K-grc1	Ἔστι δὲ καὶ ἄλλη ἐμβολὴ ὡς κατωμίζουσιν ἐς ὀρθόν·	εἰμί δέ καί ἄλλος ἐμβολή ὡς κατωμίζω εἰς ὀρθός ·
184847	tlg0057.tlg095.1st1K-grc1	μείζω μέντοι εἶναι χρὴ τὸν κατωμίζοντα, διαλαβόντα δὲ τὴν χεῖρα ὑποθεῖναι τὸν ὦμον τὸν ἑωυτοῦ ἐπὶ τὴν μασχάλην ὀξύν.	μέγας  εἰμί χρή ὁ κατωμίζω , διαλαμβάνω δέ ὁ χείρ ὑποτίθημι ὁ ὦμος ὁ ἑαυτοῦ ἐπί ὁ   .
184848	tlg0057.tlg095.1st1K-grc1	Πρῶτος μὲν οὖν αὐτῷ τρόπος ἐμβολῆς εἴρηται ὁ διὰ τῶν δακτύλων γινόμενος, ἤτοι τοῦ κάμνοντος ἢ τοῦ ἰατροῦ, δεύτερος δὲ ὁ διὰ τῆς πτέρνης, ἐφ’ οἷς τρίτος ὁ διὰ τοῦ κατωμισμοῦ.	Πρῶτος μέν οὖν αὐτός τρόπος ἐμβολή λέγω ὁ διά ὁ δάκτυλος  , ἤτοι ὁ κάμνω ἤ ὁ ἰατρός , δεύτερος δέ ὁ διά ὁ πτέρνα , ἐπί ὅς τρίτος ὁ διά ὁ  .
184849	tlg0057.tlg095.1st1K-grc1	καλοῦσι γὰρ οὕτως αὐτὸν, ἐπειδὴ καὶ αὐτὸς ἔφη ὡς κατωμίζουσιν ἐς ὀρθόν.	καλέω γάρ οὕτως αὐτός , ἐπεί καί  φημί ὡς κατωμίζω εἰς ὀρθός .
184850	tlg0057.tlg095.1st1K-grc1	ὅπως δὲ γίνεται τοῦτο, σαφῶς αὐτὸς ἐδίδαξε κελεύσας τὸν κατωμίζειν μέλλοντα διαλλάσσειν ταῖς ἑαυτοῦ χερσὶ τὴν ἐξηρθρηκυῖαν χεῖρα καὶ οὕτως ἀποξύναντα τὸν ἴδιον ὦμον εἰς τὴν κάμνοντος ὑποθεῖναι μασχάλην, ὡς ἕδραν αὐτῷ γενέσθαι τῆς ἐξοχῆς τὴν ἐν ἐκείνῳ κοιλότητα.	ὅπως δέ γίγνομαι οὗτος , σαφής αὐτός διδάσκω κελεύω ὁ  μέλλω διαλλάσσω ὁ ἑαυτοῦ χείρ ὁ  χείρ καί οὕτως  ὁ ἴδιος ὦμος εἰς ὁ κάμνω ὑποτίθημι μασχάλη , ὡς ἕδρα αὐτός γίγνομαι ὁ ἐξοχή ὁ ἐν ἐκεῖνος κοιλότης .
184851	tlg0057.tlg095.1st1K-grc1	Κἄπειτα ὑποστρέψαι, ὡς ἂν ἐνίζηται ἕδρα, οὕτω στοχασάμενον, ὅκως ἀμφὶ τὸν ὦμον τὸν ἑωυτοῦ κρεμάσαι τὸν ἄνθρωπον κατὰ τὴν μασχάλην.	ὑποστρέφω , ὡς ἄν ἐνίζω  , οὕτως  , ὅπως ἀμφί ὁ ὦμος ὁ ἑαυτοῦ κρεμάννυμι ὁ ἄνθρωπος κατά ὁ μασχάλη .
184852	tlg0057.tlg095.1st1K-grc1	αὐτὸς δὲ ἑωυτὸν ὑψηλότερον ἐπὶ τοῦτον τὸν ὦμον ποιεέτω ἢ ἐπὶ τὸν ἕτερον.	αὐτός δέ ἑαυτοῦ  ἐπί οὗτος ὁ ὦμος ποιέω ἤ ἐπί ὁ ἕτερος .
184853	tlg0057.tlg095.1st1K-grc1	τοῦ δὲ κρεμαμένου τὸν βραχίονα πρὸς ἑωυτοῦ στῆθος προσαναγκαζέτω ὡς τάχιστα.	ὁ δέ  ὁ βραχίων πρός ἑαυτοῦ στῆθος προσαναγκάζω ὡς ταχύς .
184854	tlg0057.tlg095.1st1K-grc1	ἐν τούτῳ δὲ τῷ σχήματι προσανασειέτω, ὁκόταν μετεωρήσῃ τὸν ἄνθρωπον ὡς ἀντιῤῥέποι τὸ ἄλλο σῶμα αὐτῷ ἀντίον τοῦ βραχίονος τοῦ κατεχομένου.	ἐν οὗτος δέ τῷ σχῆμα προσανασείω ,   ὁ ἄνθρωπος ὡς  ὁ ἄλλος σῶμα αὐτός ἀντίον2 ὁ βραχίων ὁ κατέχω .
184855	tlg0057.tlg095.1st1K-grc1	ἢν δὲ ἄγαν κοῦφος ἔῃ ὁ ἄνθρωπος, προσεπικρεμασθήτω τούτου ὄπισθέν τις κοῦφος παῖς.	ἐάν δέ ἄγαν  εἰμί ὁ ἄνθρωπος , προσεπικρεμάννυμι οὗτος  τις κοῦφος παῖς .
184856	tlg0057.tlg095.1st1K-grc1	αὗται δὲ αἱ ἐμβολαὶ πᾶσαι κατὰ παλαίστρην εὔχρηστοί εἰσιν, ὅτι οὐδὲν ἀλλοίων δέονται ἐπεισενεχθῆναι, χρήσαιτο δ’ ἄν τις ἄλλοθι.	οὗτος δέ ὁ ἐμβολή πᾶς κατά παλαίστρα εὔχρηστος εἰμί , ὅτι2  ἀλλοῖος δέω ἐπεισφέρω , χράομαι  ἄν τις ἄλλος .
184857	tlg0057.tlg095.1st1K-grc1	Τὴν ὑποστροφήν φησι δηλῶν τοῦ κατωμίζοντος ὦμον, ὡς ὅταν ἐπελθόντες δίφρῳ περιστρεφώμεθα καθίζοντες ἐπ’ αὐτόν.	ὑποστροφή φημί δηλόω ὁ  ὦμος , ὡς ὅταν ἐπέρχομαι δίφρος  καθίζω ἐπί αὐτός .
184858	tlg0057.tlg095.1st1K-grc1	ὅταν δὲ τοῦ κατωμίζοντος ἐκκρεμαθήσεται, δῆλον ὅτι κατὰ τὸν νῶτον αὐτοῦ καὶ οὕτως ἀντίτασιν ἐργάσεται τῆς κατατεινομένης εἰς τὸ πρόσω χειρός.	ὅταν δέ ὁ   , δῆλος ὅτι2 κατά ὁ νῶτος αὐτός καί οὕτως ἀντίτασις ἐργάζομαι ὁ  εἰς ὁ πρόσω χείρ .
184859	tlg0057.tlg095.1st1K-grc1	εἰ δὲ εἴη κοῦφος ὁ κατωμιζόμενος, προσεκκρεμασθῆναι παῖδα κοῦφον κελεύει, χάριν τοῦ μεῖζον ἐργάσασθαι τὸ βάρος τῆς ἀντιτάσεως.	εἰ δέ εἰμί  ὁ  ,  παῖς κοῦφος κελεύω , χάριν ὁ μέγας ἐργάζομαι ὁ βάρος ὁ  .
184860	tlg0057.tlg095.1st1K-grc1	ἀνασείεσθαι δὲ τὸν τοῦ κάμνοντος ὦμον ὑπὸ τοῦ κατωμίζοντος ἀξιοῖ, χάριν τοῦ κατ’ εὐθὺ γενέσθαι τὸν βραχίονα τῆς ἰδίας ἕδρας.	δέ ὁ ὁ κάμνω ὦμος ὑπό ὁ  ἀξιόω , χάριν ὁ κατά εὐθύς γίγνομαι ὁ βραχίων ὁ ἴδιος ἕδρα .
184861	tlg0057.tlg095.1st1K-grc1	εἴρηται γὰρ ἡμῖν πολλάκις ὡς ﻿ ὅταν ἐν τούτῳ καταστῇ τὸ ἐμβαλλόμενον ἄρθρον, ἑτοίμην ἴσχει τὴν ἔμπτωσιν, εἰ καὶ μὴ συνεπωθοῦμεν ἡμεῖς αὐτὸ τῶν μυῶν ἐργαζομένων τὸ δέον.	λέγω γάρ  πολλάκις ὡς  ὅταν ἐν οὗτος καθίστημι ὁ ἐμβάλλω ἄρθρον , ἑτοῖμος ἴσχω ὁ ἔμπτωσις , εἰ καί μή   αὐτός ὁ μῦς  ὁ δέω .
184862	tlg0057.tlg095.1st1K-grc1	Ἀτὰρ καὶ οἱ περὶ τὰ ὕπερα ἀναγκάζοντες ἐγγύς τι τοῦ κατὰ φύσιν ἐμβάλλουσι.	καί ὁ περί ὁ  ἀναγκάζω ἐγγύς τις ὁ κατά φύσις ἐμβάλλω .
184863	tlg0057.tlg095.1st1K-grc1	χρὴ δὲ τὸ μὲν ὕπερον κατειλῆχθαι ταινίῃ τινὶ μαλθακῇ, ἧσσον γὰρ ἂν ὑπολισθάνοι, ὑπηναγκάσθαι δὲ μεσηγὺ τῶν πλευρέων καὶ τῆς κεφαλῆς τοῦ βραχίονος·	χρή δέ ὁ μέν ὕπερον  ταινία  μαλθακός , ἥσσων γάρ ἄν  , ὑπαναγκάζω δέ  ὁ πλευρά καί ὁ κεφαλή ὁ βραχίων ·
184864	tlg0057.tlg095.1st1K-grc1	καὶ ἢν μὲν βραχὺ ἔῃ τὸ ὕπερον, καθῆσθαι χρὴ τὸν ἄνθρωπον ἐπὶ τινος, ὡς μόλις τὸν βραχίονα περιβάλλειν δύνηται περὶ τὸ ὕπερον.	καί ἐάν μέν βραχύς εἰμί ὁ  ,  χρή ὁ ἄνθρωπος ἐπί  , ὡς μόλις ὁ βραχίων περιβάλλω δύω περί ὁ  .
184865	tlg0057.tlg095.1st1K-grc1	μάλιστα δὲ ἔστω μακρότερον τὸ ὕπερον, ὡς ἂν ἑστὼς ὁ ἄνθρωπος κρέμασθαι μικροῦ δέῃ ἀμφὶ τῷ ξύλῳ·	μάλιστα δέ εἰμί μακρός ὁ ὕπερος , ὡς ἄν ἵστημι ὁ ἄνθρωπος  μικρός δέω ἀμφί ὁ ξύλον ·
184866	tlg0057.tlg095.1st1K-grc1	κἄπειτα ὁ μὲν βραχίων καὶ ὁ πῆχυς παρατεταμένος περὶ τὸν ὕπερον ἔστω.	ἔπειτα ὁ μέν  καί ὁ πῆχυς παρατείνω περί ὁ ὕπερος εἰμί .
184867	tlg0057.tlg095.1st1K-grc1	τὸ δὲ ἐπὶ θάτερα τοῦ σώματος καταναγκαζέτω τις ὑπερβάλλων κατὰ τὸν αὐχένα παρὰ τὴν κληῖδα τὰς χεῖρας.	ὁ δέ ἐπί ἕτερος ὁ σῶμα καταναγκάζω τις ὑπερβάλλω κατά ὁ αὐχήν παρά ὁ κλείς ὁ χείρ .
184868	tlg0057.tlg095.1st1K-grc1	Καὶ οὗτοι μὲν καθόσον ἀντιτάσει χρῶνται, κατὰ φύσιν ἐμβάλλουσι, καθόσον δὲ ὡσαύτως, ἐφεξῆς περισφάλλεται τὸ κυρτὸν τοῦ ἄρθρου ὑπεροειδοῦς ἐν τούτῳ τῷ κατὰ φύσιν ἁμαρτάνουσι.	καί οὗτος μέν   χράω2 , κατά φύσις ἐμβάλλω ,  δέ ὡσαύτως , ἐφεξῆς  ὁ κυρτός ὁ   ἐν οὗτος τῷ κατά φύσις ἁμαρτάνω .
184869	tlg0057.tlg095.1st1K-grc1	τὰ δὲ κατὰ μέρος τῆς λέξεως ἁπλᾷ.	ὁ δέ κατά μέρος ὁ λέξις  .
184870	tlg0057.tlg095.1st1K-grc1	Αὕτη ἡ ἐμβολὴ κατὰ φύσιν ἐπιεικέως ἐστὶ καὶ ἐμβάλλειν δύναται, ἢν χρηστῶς σκευάσωνται αὐτήν.	ὁ ἐμβολή κατά φύσις ἐπιεικής εἰμί καί ἐμβάλλω δύναμαι , ἐάν χρηστός  αὐτός .
184871	tlg0057.tlg095.1st1K-grc1	Μετρίως αὐτὴν λέγει κατὰ φύσιν εἶναι·	μέτριος αὐτός λέγω κατά φύσις εἰμί ·
184872	tlg0057.tlg095.1st1K-grc1	τοῦτο γὰρ σημεῖον ᾖ τὸ ἐπιεικῶς, ὥσπερ καὶ ὁ ἐπιεικὴς ἄνθρωπος ὁ μέτριος δηλοῦται πρὸς τῶν Ἑλλήνων.	οὗτος γάρ σημεῖον εἰμί ὁ ἐπιεικής , ὥσπερ καί ὁ ἐπιεικής ἄνθρωπος ὁ μέτριος δηλόω πρός ὁ Ἕλλην .
184873	tlg0057.tlg095.1st1K-grc1	ἔνιοι δὲ ᾠήθησαν τὸ ἐπιεικῶς ἀντὶ μάλιστα λέγεσθαι καὶ διὰ τοῦτο οἶμαι καὶ κατὰ τὴν ἀρχὴν τῆς ῥήσεως ἀφείλοντο ἐγγύς τε γράψαντες.	ἔνιοι δέ οἴομαι ὁ ἐπιεικής ἀντί μάλιστα λέγω καί διά οὗτος οἴομαι καί κατά ὁ ἀρχή ὁ  ἀφαιρέω ἐγγύς τε γράφω .
184874	tlg0057.tlg095.1st1K-grc1	οὕτως γὰρ καὶ οἱ περιαναγκάζοντες κατὰ φύσιν ἐμβάλλουσιν.	οὕτως γάρ καί ὁ  κατά φύσις ἐμβάλλω .
184875	tlg0057.tlg095.1st1K-grc1	ἐχρῆν δὲ αὐτοὺς, εἰ καὶ μὴ πρὸς αὐτοῦ τοῦ Ἱπποκράτους τοῦτο εἴρητο, κατὰ τὴν ἐφεξῆς ῥῆσιν, ἃ μέμφεται τῆς τοιαύτης ἐμβολῆς αὐτοὺς ἐννενοηκέναι, μέμφεται δὲ λέγων περὶ τὸ ὑπεροειδὲς ὁ ὦμος ἢν καὶ καταπεπειγῇ, περισφάλλεσθαι τὸ σῶμα κίνδυνος, δι’ ὅπερ φησὶν, ἡ διὰ τοῦ κλιμακίου βελτίων ἐστίν.	χρή δέ αὐτός , εἰ καί μή πρός αὐτός ὁ Ἱπποκράτης οὗτος λέγω , κατά ὁ ἐφεξῆς ῥῆσις , ὅς μέμφομαι ὁ τοιοῦτος ἐμβολή αὐτός ἐννοέω , μέμφομαι δέ λέγω περί ὁ ὑπεροειδής ὁ ὦμος ἐάν καί  , περισφάλλω ὁ σῶμα κίνδυνος , διά ὅς φημί , ὁ διά ὁ  βελτίων εἰμί .
184876	tlg0057.tlg095.1st1K-grc1	οὐκ οὖν εἰς ἄκρον ἀρετῆς κατὰ τὸ ὑπεροειδὲς ἥκει, ὡς τοῦδε ἐπιεικῶς τὸ μάλιστα συμβαίνει·	οὐ οὖν εἰς ἄκρον ἀρετή κατά ὁ ὑπεροειδής ἥκω , ὡς ὅδε ἐπιεικής ὁ μάλιστα συμβαίνω ·
184877	tlg0057.tlg095.1st1K-grc1	τὴν γὰρ διὰ τοῦ κλιμακίου μᾶλλον αὐτῆς ἐπαινέσας τί μᾶλλον ἐκείνης ἐπαινεῖ τὴν διὰ ἐμβολῆς.	ὁ γάρ διά ὁ  μᾶλλον αὐτός ἐπαινέω τι μᾶλλον ἐκεῖνος ἐπαινέω ὁ διά ἐμβολή .
184878	tlg0057.tlg095.1st1K-grc1	Ἀτὰρ καὶ ἡ διὰ τοῦ κλιμακίου ἑτέρη τις τοιαύτη καὶ ἔτι βελτίων, ὅτι ἀσφαλεστέρως ἂν τὸ σῶμα τὸ μὲν τῇ ἀντισηκωθείη μετεωρισθέν.	καί ὁ διά ὁ  ἕτερος τις τοιοῦτος καί ἔτι βελτίων , ὅτι2  ἄν ὁ σῶμα ὁ μέν ὁ ἀντισηκόω μετεωρίζω .
184879	tlg0057.tlg095.1st1K-grc1	περὶ γὰρ τὸ ὑπεροειδὲς ὦμος, εἰ καὶ κατεπεπείγει, περισφάλλεσθαι τὸ σῶμα κίνδυνος ἢ τῇ ἢ τῇ.	περί γάρ ὁ ὑπεροειδής  , εἰ καί  , περισφάλλω ὁ σῶμα κίνδυνος τίη ὁ ἤ ὁ .
184880	tlg0057.tlg095.1st1K-grc1	Πέμπτος οὗτος αὐτῷ τρόπος ἐμβολῆς ἐστι.	οὗτος αὐτός τρόπος ἐμβολή εἰμί .
184881	tlg0057.tlg095.1st1K-grc1	διὰ τί δὲ βελτίων ἐστὶ τοῦ προειρημένου τοῦ τετάρτου περὶ τὸ ὑπεροειδὲς, αὐτὸς ἐξηγεῖται σαφέστατα.	διά τίς δέ βελτίων εἰμί ὁ προαγορεύω ὁ τέταρτος περί ὁ ὑπεροειδής , αὐτός ἐξηγέομαι σαφής .
184882	tlg0057.tlg095.1st1K-grc1	Χρὴ μέντοι καὶ ἐπὶ τῷ κλιμακτῆρι ἐπιδεδέσθαι τι ἄνωθεν στρογγύλον, ἐναρμόσσον ἐς τὸ κοῖλον τῆς μασχάλης, ὃ προσδιαναγκάσῃ τὴν κεφαλὴν τοῦ βραχίονος ἐς τὴν φύσιν ἀπιέναι.	μέντοι καί ἐπί ὁ κλιμακτήρ  τι ἄνωθεν  ,  εἰς ὁ κοῖλος ὁ μασχάλη , ὁ  ὁ κεφαλή ὁ  εἰς ὁ φύσις ἄπειμι2 .
184883	tlg0057.tlg095.1st1K-grc1	Ἐξ αὐτοῦ τοῦ κατὰ τὸν κλιμακτῆρα ξύλον τοιοῦτον ἐξέχον εὐθὺς ἀπ’ ἀρχῆς γίνεται κατὰ τὸ μηχανικὸν κλιμάκιον, ᾧ καὶ ἡμεῖς συνήθως χρώμεθα.	ἐκ αὐτός ὁ κατά ὁ κλιμακτήρ ξύλον τοιοῦτος ἐξέχω εὐθύς ἀπό ἀρχή γίγνομαι κατά ὁ μηχανικός κλιμάκιον , ὅς καί  συνήθης χράω2 .
184884	tlg0057.tlg095.1st1K-grc1	παραπλήσιον δέ ἐστι τῷ κατὰ τὴν ἐφεξῆς ὑπ’ αὐτοῦ μέλλοντι γράφεσθαι ξύλῳ κατὰ τὴν ἄμβην ἔχοντι τὸ πέρας, ἐφ’ οὗ καὶ πάλιν προσαγορεύουσιν αὐτὸ ἄμβην οἱ μετ’ αὐτὸν ἰατροὶ πάντες.	παραπλήσιος δέ εἰμί τῷ κατά ὁ ἐφεξῆς ὑπό αὐτός μέλλω γράφω ξύλον κατά ὁ ἄμβη ἔχω ὁ πέρας , ἐπί οὗ καί πάλιν προσαγορεύω αὐτός ἄμβη ὁ μετά αὐτός ἰατρός πᾶς .
184885	tlg0057.tlg095.1st1K-grc1	ἐπιτιθέναι δὲ τοῦτο καὶ τοῖς στασίμοις ὀργάνοις, οἷον ἐστι τό τε τοῦ Ἀνδρέου καὶ τὸ τοῦ τέκτονος, ὧν οὐδενὸς ἀναγκαῖόν ἐστι λέγειν νῦν τὴν κατασκευήν.	δέ οὗτος καί ὁ  ὄργανον , οἷος εἰμί ὁ τε ὁ Ἀνδρέης καί ὁ ὁ τέκτων , ὅς οὐδείς ἀναγκαῖος εἰμί λέγω νῦν ὁ κατασκευή .
184886	tlg0057.tlg095.1st1K-grc1	εἴρηται γὰρ μυρίοις τῶν νεωτέρων ὀργανικῶν, ἐν οἷς γεγράφασι περὶ τῶν ὀργάνων.	λέγω γάρ μυρίος ὁ νεώτερος  , ἐν   περί ὁ ὄργανον .
184887	tlg0057.tlg095.1st1K-grc1	ἡμῖν δὲ νῦν πρόκειται Ἱπποκράτους ἐξηγεῖσθαι χρωμένου πρὸς ἅπαντα τὰ σφοδροτέρας ἀντιτάσεως καὶ μοχλείας δεόμενα τῷ καλουμένῳ βάθρῳ.	ἐγώ δέ νῦν πρόκειμαι Ἱπποκράτης ἐξηγέομαι χράω2 πρός ἅπας ὁ   καί  δέω τῷ καλέω  .
184888	tlg0057.tlg095.1st1K-grc1	Κρατίστη μέντοι πασέων ἐμβολέων ἡ τοιήδε·	μέντοι πᾶς  ὁ τοιόσδε ·
184889	tlg0057.tlg095.1st1K-grc1	ξύλον χρὴ εἶναι πλάτος μὲν ὡς πεντεδάκτυλον ἢ τετραδάκτυλον τὸ ἐπίπαν, πάχος δὲ ὡς διδάκτυλον ἢ καὶ λεπτότερον, μῆκος δὲ δίπηχυ ἢ ὀλίγῳ ἔλασσον.	ξύλον χρή εἰμί πλάτος μέν ὡς  τίη τετραδάκτυλος ὁ ἐπίπαν , πάχος δέ ὡς  ἤ καί λεπτός , μῆκος δέ δίπηχυς ἤ ὀλίγος ἐλάσσων .
184890	tlg0057.tlg095.1st1K-grc1	ἔστω δὲ ἐπὶ θάτερα τὸ ἄκρον περιφερὲς καὶ στενώτατον ταύτῃ καὶ λεπτότατον.	εἰμί δέ ἐπί ἕτερος ὁ ἄκρον περιφερής καί στενός οὗτος καί λεπτός .
184891	tlg0057.tlg095.1st1K-grc1	ἄμβην δὲ ἐχέτω μικρὸν ὑπερέχουσαν ἐπὶ τῷ ὑστάτῳ τοῦ περιφερέος ἐν τῷ μέρει, ἀλλὰ μὴ τῷ πρὸς τὰς πλευρὰς, ἀλλὰ τῷ πρὸς τὴν κεφαλὴν τοῦ βραχίονος ἔχοντι, ὡς ὑφαρμόσειε τῇ μασχάλῃ παρὰ τὰς πλευρὰς ὑπὸ τὴν κεφαλὴν τοῦ βραχίονος ὑποτιθέμενος, ὀθονίῳ δὲ ἢ ταινίῃ μαλθακῇ κατακεκολλήσθω ἄκρην τὸ ξύλον, ὅκως﻿ προσηνέστερον ἔῃ, ἔπειτα χρὴ ὑπώσαντα τὴν κεφαλὴν τοῦ ξύλου ὑπὸ τὴν μασχάλην ὡς ἐσωτάτω μεσηγὺ τῶν πλευρέων καὶ τῆς κεφαλῆς τοῦ βραχίονος, τὴν δὲ ὅλην χεῖρα πρὸς τὸ ξύλον κατατείνοντα προσκαταδῆσαι κατά τε τὸν βραχίονα κατά τε τὸν πῆχυν κατά τε τὸν καρπὸν τῆς χειρὸς, ὡς ἂν ἀτρεμέῃ ὅτι μάλιστα.	ἄμβη δέ ἔχω μικρός ὑπερέχω ἐπί τῷ ὕστερος ὁ περιφερής ἐν ὁ μέρος , ἀλλά μή τῷ πρός ὁ πλευρά , ἀλλά τῷ πρός ὁ κεφαλή ὁ  ἔχω , ὡς ὑφαρμόζω ὁ  παρά ὁ πλευρά ὑπό ὁ κεφαλή ὁ βραχίων  ,  δέ τίη ταινία μαλθακός   ὁ ξύλον , ὅπως ﻿ προσηνής εἰμί ,  χρή ὑπωθέω ὁ κεφαλή ὁ  ὑπό ὁ μασχάλη ὡς   ὁ πλευρά καί ὁ κεφαλή ὁ  , ὁ δέ ὅλος χείρ πρός ὁ ξύλον κατατείνω προσκαταδέω κατά τε ὁ βραχίων κατά τε ὁ πῆχυς κατά τε ὁ καρπός ὁ χείρ , ὡς ἄν  ὅτι2 μάλιστα .
184892	tlg0057.tlg095.1st1K-grc1	περὶ παντὸς δὲ χρὴ ποιέεσθαι, ὅκως τὸ ἄκρον τοῦ ξύλου ὡς ἐσωτάτω τῆς μασχάλης ἔσται ὑπερβεβηκὸς τὴν κεφαλὴν τοῦ βραχίονος.	περί πᾶς δέ χρή ποιέω , ὅπως ὁ ἄκρος ὁ  ὡς  ὁ μασχάλη εἰμί ὑπερβαίνω ὁ κεφαλή ὁ βραχίων .
184893	tlg0057.tlg095.1st1K-grc1	Τὸν ἕκτον τρόπον τῆς ἐμβολῆς, ὃν ἐπῄνεσε μάλιστα, νῦν διδάσκειν ἄρχεται, τὴν κατασκευὴν τοῦ ξύλου γράφων σαφῶς, ᾧ κατὰ τὸ πέρας ἐπικειμένης ὀφρύος ἄμβωνι παραπλησίας ὅλον αὐτὸ προσαγορεύουσιν ἄμβην οἱ ἰατροί.	ἕκτος τρόπος ὁ ἐμβολή , ὅς ἐπαινέω μάλιστα , νῦν διδάσκω ἄρχω , ὁ κατασκευή ὁ  γράφω σαφής , ὅς κατά ὁ πέρας  ὀφρῦς  παραπλήσιος ὅλος αὐτός προσαγορεύω ἄμβη ὁ ἰατρός .
184894	tlg0057.tlg095.1st1K-grc1	τοιαύτη δέ ἐστιν ἡ ὀφρὺς, οἵη κατὰ τῶν λοπάδων πέρας τὸ ἄνω γίνεται πρὸς τὴν ἐντὸς ἐστραμμένην κοιλότητα·	τοιοῦτος δέ εἰμί ὁ ὀφρῦς , οἷος κατά ὁ λοπάς πέρας ὁ ἄνω2 γίγνομαι πρός ὁ ἐντός στράπτω κοιλότης ·
184895	tlg0057.tlg095.1st1K-grc1	καί τις τῶν κωμικῶν ἐπεῖπεν ἐπισκώπτων τινὰ δὴ τῶν λοπάδων τοὺς ἄμβωνας περιλείχειν.	καί τις ὁ κωμικός ἐπεῖπον ἐπισκώπτω  δή ὁ  ὁ  περιλείχω .
184896	tlg0057.tlg095.1st1K-grc1	ἀῤῥενικῶς μὲν οὖν ἄμβωνας οἱ Ἀττικοὶ, θηλυκῶς δὲ οἱ Ἴωνες τὰ τοιαῦτα σχήματα καλοῦσιν ἄμβας.	μέν οὖν  ὁ  , θηλυκός δέ ὁ Ἴωνες ὁ τοιοῦτος σχῆμα καλέω  .
184897	tlg0057.tlg095.1st1K-grc1	ἐπιτηδειότατον δὲ ἔτι τοῦτο παραδοῦναι μεταξὺ τῆς κεφαλῆς τοῦ βραχίονος καὶ τῶν πλευρῶν.	δέ ἔτι οὗτος παραδίδωμι  ὁ κεφαλή ὁ βραχίων καί ὁ  .
184898	tlg0057.tlg095.1st1K-grc1	καὶ μέντοι καὶ μοχλεύουσι χρησιμώτατον ἀσφαλῶς περιλαμβάνον τὴν κυρτότητα τῆς κεφαλῆς τοῦ βραχίονος.	καί  καί  χρήσιμος ἀσφαλής  ὁ  ὁ κεφαλή ὁ βραχίων .
184899	tlg0057.tlg095.1st1K-grc1	τὰ δὲ κατὰ μέρος ἅπαντα τῆς ῥήσεως αὐτοῦ σαφῆ.	ὁ δέ κατά μέρος ἅπας ὁ  αὐτός σαφής .
184900	tlg0057.tlg095.1st1K-grc1	Ἔπειτα χρὴ μεσηγὺ δύο στύλων στρωτῆρα πλάγιον εὖ προσδῆσαι, ἔπειτα ὑπερενεγκεῖν τὴν χεῖρα ξὺν τῷ ξύλῳ ὑπὲρ τοῦ στρωτῆρος, ὅκως ἡ μὲν χεὶρ ἐπὶ θάτερα ἔῃ, ἐπὶ θάτερα δὲ τὸ σῶμα, κατὰ δὲ τὴν μασχάλην ὁ στρωτήρ.	ἔπειτα χρή μεσηγύ γε στῦλος στρωτήρ πλάγιος εὖ προσδέω , ἔπειτα ὑπερφέρω ὁ χείρ σύν τῷ ξύλον ὑπέρ ὁ στρωτήρ , ὅπως ὁ μέν χείρ ἐπί ἕτερος εἰμί , ἐπί ἕτερος δέ ὁ σῶμα , κατά δέ ὁ μασχάλη ὁ στρωτήρ .
184901	tlg0057.tlg095.1st1K-grc1	κἄπειτα ἐπὶ μὲν θάτερα τὴν χεῖρα καταναγκάζειν ξὺν τῷ ξύλῳ περὶ τὸν στρωτῆρα, ἐπὶ θάτερα δὲ τὸ ἄλλο σῶμα.	ἔπειτα ἐπί μέν ἕτερος ὁ χείρ καταναγκάζω σύν τῷ ξύλον περί ὁ στρωτήρ , ἐπί ἕτερος δέ ὁ ἄλλος σῶμα .
184902	tlg0057.tlg095.1st1K-grc1	ὕψος δὲ ἔχων ὁ στρωτὴρ προσδεδέσθω, ὥστε μετέωρον τὸ ἄλλο σῶμα εἶναι ἐπ’ ἄκρων τῶν ποδῶν, οὗτος ὁ τρόπος παραπολὺ κράτιστος ἐμβολῆς ὤμου.	ὕψος δέ ἔχω ὁ στρωτήρ  , ὥστε  ὁ ἄλλος σῶμα εἰμί ἐπί ἄκρος ὁ πούς , οὗτος ὁ τρόπος  κράτιστος ἐμβολή ὦμος .
184903	tlg0057.tlg095.1st1K-grc1	δικαιότατα μὲν γὰρ μοχλεύει, ἢν καὶ μόνον ἐσωτέρω ἔῃ τὸ ξύλον τῆς κεφαλῆς τοῦ βραχίονος, δικαιόταται δὲ αἱ ἀντιῤῥοπαὶ, ἀσφαλέες δὲ τῷ τοῦ βραχίονος ὀστῷ.	μέν γάρ μοχλεύω , ἐάν καί μόνος  εἰμί ὁ ξύλον ὁ κεφαλή ὁ βραχίων ,  δέ ὁ ἀντιρροπή ,  δέ τῷ ὁ βραχίων  .
184904	tlg0057.tlg095.1st1K-grc1	τὰ μὲν οὖν νεαρὰ ἐμπίπτει θᾶσσον ἢ ὡς ἄν τις οἴοιτο, πρὶν ἢ κατατετάσθαι δοκέειν.	ὁ μέν οὖν νεαρός ἐμπίπτω ταχύς ἤ ὡς ἄν τις οἴομαι , πρίν τίη  δοκέω .
184905	tlg0057.tlg095.1st1K-grc1	Στύλους μὲν δῆλον ὅτι λέγει τοὺς κίονας, στρωτῆρα δὲ ξύλον μεταξὺ ἧκον ἀπὸ τοῦ ἑτέρου κίονος ἐπὶ τὸν ἕτερον.	μέν δῆλος ὅτι2 λέγω ὁ κίων , στρωτήρ δέ ξύλον μεταξύ ἥκω ἀπό ὁ ἕτερος  ἐπί ὁ ἕτερος .
184906	tlg0057.tlg095.1st1K-grc1	Ἀτὰρ καὶ τὰ παλαιὰ μούνη αὕτη τῶν ἐμβολέων οἵη τε ἐμβιβάσαι, ἢν μὴ ἤδη ὑπὸ χρόνου σὰρξ μὲν ἐπεληλύθῃ ἐπὶ τὴν κοτύλην, ἡ δὲ κεφαλὴ τοῦ βραχίονος ἤδη τρίβον ἑωυτῇ πεποιημένη ἔῃ ἐν τῷ χωρίῳ, ἵνα ἐξεκλίθῃ, οὐ μὴν ἀλλ’ ἐμβάλλειν γάρ μοι δοκέει καὶ οὕτω πεπαλαιωμένον ἔκπτωμα τοῦ βραχίονος, τί γὰρ ἂν δικαίη μόχλευσις οὐχὶ κινήσειε;	καί ὁ παλαιός μόνος οὗτος ὁ  οἷος τε ἐμβιβάζω , ἐάν μή ἤδη ὑπό χρόνος  μέν  ἐπί ὁ κοτύλη , ὁ δέ κεφαλή ὁ βραχίων ἤδη τρίβος ἑαυτοῦ ποιέω εἰμί ἐν ὁ χωρίον , ἵνα  , οὐ μήν ἀλλά ἐμβάλλω γάρ  δοκέω καί οὕτως παλαιόω ἔκπτωμα ὁ βραχίων , τίς γάρ ἄν δίκαιος μόχλευσις οὐ κινέω ;
184907	tlg0057.tlg095.1st1K-grc1	μένειν μέντοι οὐκ ἄν μοι δοκέῃ κατὰ χώραν, ἀλλ’ ὀλισθαίνειν ἂν ὡς τὸ ἔθος.	μένω  οὐ ἄν  δοκέω κατά χώρα , ἀλλά  ἐάν ὡς ὁ ἔθος .
184908	tlg0057.tlg095.1st1K-grc1	τὸ αὐτὸ δὲ ποιέει καὶ περὶ κλιμακτῆρα καταναγκάζειν, τοῦτον τὸν τρόπον σκευάσαντα.	ὁ αὐτός δέ ποιέω καί περί κλιμακτήρ καταναγκάζω , οὗτος ὁ τρόπος σκευάζω .
184909	tlg0057.tlg095.1st1K-grc1	Τὴν τετριμμένην τε καὶ τετυλωμένην χώραν ὠνόμασε τρίβον, ἥτις ὑπ’ αὐτῆς τῆς κεφαλῆς τοῦ βραχίονος γίνεται, πολυχρονίως ἐστηριγμένης ἐκείνῳ τῷ μέρει τῆς περικειμένης τῇ διαρθρώσει σαρκὸς, ἐν ᾗπερ ἂν αὐτὴ ἐξ ἀρχῆς τύχῃ στηριχθεῖσα.	τε καί  χώρα ὀνομάζω  , ὅστις ὑπό αὐτός ὁ κεφαλή ὁ βραχίων γίγνομαι ,   ἐκεῖνος τῷ μέρος ὁ  ὁ διαρθρόω σάρξ , ἐν  ἄν αὐτός ἐκ ἀρχή τυγχάνω  .
184910	tlg0057.tlg095.1st1K-grc1	κοτύλην δὲ ὠνόμασε τὴν ἐν τῇ διαρθρώσει κοιλότητα κατὰ τὸ πέρας, ὡς εἴρηται, τοῦ τῆς ὠμοπλάτης αὐχένος ἐπικειμένην ὡς τὸ πολύ.	κοτύλη δέ ὀνομάζω ὁ ἐν ὁ διάρθρωσις κοιλότης κατά ὁ πέρας , ὡς λέγω , ὁ ὁ    ὡς ὁ  .
184911	tlg0057.tlg095.1st1K-grc1	τὰς δὲ βαθείας κοιλότητας καὶ μεγάλαις ὀφρύσιν ἐῤῥιζωμένας αὐτός τε καὶ ἄλλοι τῶν ἰατρῶν ὀνομάζουσι κοτύλας.	ὁ δέ  κοιλότης καί μέγας ὀφρῦς  αὐτός τε καί  ὁ ἰατρός ὀνομάζω κοτύλη .
184912	tlg0057.tlg095.1st1K-grc1	ἀλλὰ νῦν γε κατὰ γνώμην οὕτως προσηγόρευσεν, εἰς ἣν ἐμπίπτουσιν αἱ περικείμεναι σάρκες, ὅταν ἐξάρθρημα γένηται, καταλαμβάνουσαι τὴν χώραν τὴν πρότερον, ἢν ἡ κεφαλὴ τοῦ βραχίονος κατειλήφει.	ἀλλά νῦν γε κατά γνώμη οὕτως προσαγορεύω , εἰς ὅς ἐμπίπτω ὁ  σάρξ , ὅταν ἐξάρθρημα γίγνομαι ,  ὁ χώρα ὁ  , ἐάν ὁ κεφαλή ὁ βραχίων  .
184913	tlg0057.tlg095.1st1K-grc1	τοιγαροῦν συμβαίνει ἐκ τοῦ ἀποκλεῖσαι τήν τε οἰκείαν χώραν τῆς κεφαλῆς τοῦ βραχίονος, ἔκ τε τοῦ τὰς ὑποδεξαμένας τυλωθείσας ἀντὶ κοτύλης αὐτῶν γενέσθαι, κἂν ἐμβληθῇ ποτε, μὴ δύνασθαι μένειν, ἀποθεμένων μὲν αὐτῇ σαρκῶν ἕνεκα τῶν ἀποκειμένων τῇ κοτύλῃ·	τοιγάρ συμβαίνω ἐκ ὁ ἀποκλείω ὁ τε οἰκεῖος χώρα ὁ κεφαλή ὁ βραχίων , ἐκ τε ὁ ὁ   ἀντί κοτύλη αὐτός γίγνομαι , ἐάν ἐμβάλλω ποτε , μή δύναμαι μένω ,  μέν αὐτός σάρξ ἕνεκα ὁ  ὁ κοτύλη ·
184914	tlg0057.tlg095.1st1K-grc1	παρὰ φύσιν γὰρ αὕτη, ὑποδεξαμένων τοίνυν ὀστῶν ἐκ τοῦ τυλωθῆναι παραπλησίαν διαρθρώσει κοιλότητα λαμβανουσῶν.	παρά φύσις γάρ οὗτος ,  τοίνυν  ἐκ ὁ  παραπλήσιος διαρθρόω κοιλότης λαμβάνω .
184915	tlg0057.tlg095.1st1K-grc1	Πάνυ μὴν ἱκανῶς ἔχει καὶ περὶ μέγα ἕδος Θεσσαλικὸν ἀναγκάζειν, ἢν νεαρὸν ἔῃ τὸ ὀλίσθημα·	πάνυ μήν ἱκανός ἔχω καί περί μέγας ἕδος Θεσσαλικός ἀναγκάζω , ἐάν νεαρός εἰμί ὁ ὀλίσθημα ·
184916	tlg0057.tlg095.1st1K-grc1	ἐσκευάσθαι μέντοι χρὴ τὸ ξύλον, ὥσπερ εἴρηται, ἀτὰρ τὸν ἄνθρωπον καθίσαι πλάγιον ἐπὶ τῷ δίφρῳ, κἄπειτα τὸν βραχίονα ξὺν τῷ ξύλῳ ὑπερβαλλέειν ὑπὲρ τοῦ ἀνακλισμοῦ, καὶ ἐπὶ μὲν θάτερα τὸ σῶμα καταναγκάζειν, ἐπὶ δὲ θάτερα τὸν βραχίονα σὺν τῷ ξύλῳ.	σκευάζω  χρή ὁ ξύλον , ὥσπερ λέγω ,  ὁ ἄνθρωπος καθίζω πλάγιος ἐπί ὁ δίφρος ,  ὁ βραχίων σύν τῷ ξύλον  ὑπέρ ὁ ἀνακλισμός , καί ἐπί μέν ἕτερος ὁ σῶμα καταναγκάζω , ἐπί δέ ἕτερος ὁ βραχίων σύν ὁ ξύλον .
184917	tlg0057.tlg095.1st1K-grc1	τὸ αὐτὸ δὲ ποιέειν ἀναγκάζειν καὶ ὑπὲρ δίκλειδος θύρης, χρέεσθαι δὲ τούτοισιν ἃ ἂν τύχῃ παρέοντα.	ὁ αὐτός δέ ποιέω ἀναγκάζω καί ὑπέρ  θύρα , χράομαι δέ οὗτος ὅς ἄν τυγχάνω  .
184918	tlg0057.tlg095.1st1K-grc1	Θρόνου τι τοιοῦτον ἦν σχῆμα κατὰ Θετταλίαν μάλιστα πλεονάζον πάλαι, κατ’ εὐθείας γραμμὰς ἀνατεταμένον εἰς ὕψος ὀρθὸν ἔχον τὸ οἷον ἐπίκλιντρον τοῦ θρόνου, περὶ οὗ τὴν ἀντίτασιν ἀξιοῖ ποιεῖσθαι, καθάπερ ἔμπροσθεν ὑπὸ τοῦ στρωτῆρος ἐδίδαξεν.	τι  εἰμί σχῆμα κατά Θεσσαλία μάλιστα πλεονάζω πάλαι , κατά εὐθεῖα γραμμή ἀνατείνω εἰς ὕψος ὀρθός ἔχω ὁ οἷος ἐπίκλιντρον ὁ θρόνος , περί ὅς ὁ ἀντίτασις ἀξιόω ποιέω , καθά ἔμπροσθεν ὑπό ὁ στρωτήρ διδάσκω .
184919	tlg0057.tlg095.1st1K-grc1	ὅπως δὲ χρὴ καθίζειν τὸν χειριζόμενον ἐπὶ τοῦ δίφρου σαφῶς αὐτὸς ἐδήλωσε.	ὅπως δέ χρή καθίζω ὁ χειρίζω ἐπί ὁ δίφρος σαφής αὐτός δηλόω .
184920	tlg0057.tlg095.1st1K-grc1	τὸ δὲ αὐτὸ ποιεῖ καὶ ἐπὶ δίκλειδος θύρας ἀναγκάζειν.	ὁ δέ αὐτός ποιέω καί ἐπί  θύρα ἀναγκάζω .
184921	tlg0057.tlg095.1st1K-grc1	εἰσὶ δέ τινες τοιαῦται θύραι κατὰ μέσον ἑαυτῶν ἔχουσαι διῆκον ξύλον ἰσχυρὸν οἷον ὀλίγον ἔμπροσθεν ὁ στρωτὴρ μεταξὺ τῶν δύο κιόνων ὑπάρχειν ἐλέγετο.	εἰμί δέ τις  θύρα κατά μέσος ἑαυτοῦ ἔχω  ξύλον ἰσχυρός οἷος ὀλίγος ἔμπροσθεν ὁ στρωτήρ  ὁ γε κίων ὑπάρχω λέγω .
184922	tlg0057.tlg095.1st1K-grc1	τοῦδε τοῦ ξύλου κάτωθεν μὲν ἑτέρα τίς ἐστιν ἀνοιγομένη θύρα, ἄνωθεν δὲ ἄλλη, καὶ διὰ τοῦτο δὴ καὶ τὴν θύραν δίκλειδα εἴρηκεν, οἷον διπλῆν τινὰ περιέχουσαν ἐν ἑαυτῇ δύο θύρας μικράς.	ὅδε ὁ  κάτωθεν μέν ἕτερος τις εἰμί ἀνοίγνυμι  , ἄνωθεν δέ ἄλλος , καί διά οὗτος δή καί ὁ θύρα  λέγω , οἷος διπλόος  περιέχω ἐν ἑαυτοῦ γε θύρα μικρός .
184923	tlg0057.tlg095.1st1K-grc1	ὑπερβάλλειν οὖν κελεύει τὸν ἐξηρθρηκότα ὦμον ὑπὲρ τὸ μεταξὺ δύο θυρῶν ξύλον ἕνεκα τῆς ἀντιτάσεως.	ὑπερβάλλω οὖν κελεύω ὁ  ὦμος ὑπέρ ὁ  γε θύρα ξύλον ἕνεκα ὁ  .
184924	tlg0057.tlg095.1st1K-grc1	ΠΕΡΙ ΤΩΝ ΟΥΧ ΕΩΡΑΜΕΝΩΝ ΙΠΠΟΚΡΑΤΕΙ ΕΚΠΤΩΣΕΩΝ.	.
184925	tlg0057.tlg095.1st1K-grc1	Ὁ μὲν Ἱπποκράτης εἰς μασχάλην μόνον ἑωρακέναι φησὶν ὀλισθαίνοντα βραχίονα·	μέν Ἱπποκράτης εἰς μασχάλη μόνος ὁράω φημί  βραχίων ·
184926	tlg0057.tlg095.1st1K-grc1	τῶν δὲ μετ’ αὐτὸν ἰατρῶν ἔνιοι καὶ ἄλλας ἐκπτώσεις ἔγραψαν, ὡς οἷόν τε καὶ αὐτοὶ καὶ ἡμεῖς δὲ αὐτοὶ πεντάκις εἴδομεν ἄχρι δεῦρο, κατὰ μὲν τὴν Ἀσίαν ἅπαξ, ἐν Ῥώμῃ δὲ τετράκις.	ὁ δέ μετά αὐτός  ἔνιοι καί ἄλλος ἔκπτωσις γράφω , ὡς  τε καί αὐτός καί ἐγώ δέ αὐτός πεντάκις ὁράω ἄχρι δεῦρο , κατά μέν ὁ Ἀσία ἅπαξ , ἐν Ῥώμη δέ τετράκις .
184927	tlg0057.tlg095.1st1K-grc1	ὁσάκις δὲ, οἶμαι, καὶ συνέβη τινὶ γενέσθαι πάθημα τοιοῦτον ἐν τῇ πόλει διὰ τὸ πάντας ἰατροὺς ἐοικέναι ἐμοὶ τὰ παράδοξα δεικνύναι συμβολῆς ἕνεκα, ἐγένοντο μὲν τέτταρες ἐκπτώσεις ἅπασαι μὲν ἐν τῇ πρόσω χώρᾳ, διαφέρουσαι δὲ ἀλλήλων·	ὁσάκις δέ , οἴομαι , καί συμβαίνω  γίγνομαι πάθημα  ἐν ὁ πόλις διά ὁ πᾶς ἰατρός ἔοικα  ὁ  δείκνυμι συμβολή ἕνεκα , γίγνομαι μέν τέσσαρες   μέν ἐν ὁ πρόσω χώρα , διαφέρω δέ ἀλλήλων ·
184928	tlg0057.tlg095.1st1K-grc1	πλησιέστερον ἢ ποῤῥώτερον εἶναι τῆς διαρθρώσεως κατὰ τὸ μῆκος τοῦ κώλου καὶ πλάτος.	τίη  εἰμί ὁ  κατά ὁ μῆκος ὁ  καί πλάτος .
184929	tlg0057.tlg095.1st1K-grc1	ἐθαύμαζον δή πως τοῦ μὲν οὐδ’ ὅλως, τῶν δὲ μετ’ αὐτὸν ἑωρακέναι λεγόντων ὁ μέν τις ἅπαξ, ὁ δὲ δὶς, οὐδεὶςδ’ οὕτω πολλάκις, ὡς ἡμεῖς ἄχρι δεῦρο.	θαυμάζω δή πως ὁ μέν οὐδέ ὅλος , ὁ δέ μετά αὐτός ὁράω λέγω ὁ μέν τις ἅπαξ , ὁ δέ δίς ,  δ’ οὕτως πολλάκις , ὡς   δεῦρο .
184930	tlg0057.tlg095.1st1K-grc1	τάχ’ ἂν καὶ αὖθις ὀφθῇ μοί τι τοιοῦτον.	ἄν καί αὖθις ὁράω  τι  .
184931	tlg0057.tlg095.1st1K-grc1	νομίζω γὰρ οὐ κατὰ τύχην, ἀλλὰ δι’ αἰτίας εὐλόγους οὕτως ἀπηντηκέναι τὸ πρᾶγμα,’ περὶ οὖ ἑξῆς ἐρῶ.	νομίζω γάρ οὐ κατά τύχη , ἀλλά διά αἰτία εὔλογος οὕτως ἀπαντάω ὁ πρᾶγμα , ’ περί οὐ ἑξῆς λέγω .
184932	tlg0057.tlg095.1st1K-grc1	κατὰ μέν γε τὴν ἡμετέραν Ἀσίαν τὸ πρῶτον ἐθεασάμην ἔκπτωσιν τοιαύτην, ἔθ’ ὑπὸ τοῖς ἐκεῖ διδασκάλοις παιδευόμενος ἐν Σμύρνῃ.	κατά μέν γε ὁ ἡμέτερος Ἀσία ὁ πρῶτος θεάομαι  τοιοῦτος ,  ὑπό ὁ ἐκεῖ διδάσκαλος  ἐν Σμύρνα .
184933	tlg0057.tlg095.1st1K-grc1	ἔστι δὲ ἡ πόλις αὕτη πολλαπλασία τὸ μέγεθος, ἧς Ἱπποκράτης μέμνηται συνεχῶς ὡς ἐπὶ τὸ πλεῖστον ἐν αὐτῇ διατρίψας, μετὰ τὸ τριακοστὸν ἔτος ἐν Ῥώμῃ διέτριψα, πόλει τοσοῦτον ἀνθρώπων πλῆθος ἐχούσῃ, ὡς ἐπαινεῖσθαι Πολέμωνα τὸν ῥήτορα τῆς οἰκουμένης ἐπιτομὴν αὐτὴν εἰπόντα.	εἰμί δέ ὁ πόλις οὗτος  ὁ μέγεθος , ὅς  μιμνήσκω συνεχής ὡς ἐπί ὁ πλεῖστος ἐν αὐτός διατρίβω , μετά ὁ τριακοστός ἔτος ἐν Ῥώμη διατρίβω , πόλις  ἄνθρωπος πλῆθος ἔχω , ὡς ἐπαινέω Πολέμων ὁ ῥήτωρ ὁ οἰκουμένη ἐπιτομή αὐτός λέγω .
184934	tlg0057.tlg095.1st1K-grc1	καὶ τοίνυν ὅτι τέτταρες ἐν αὐτῇ γεγόνασι μέχρι νῦν ἐξαρθρήσεις τοιαῦται σαφές.	καί τοίνυν ὅτι2 τέσσαρες ἐν αὐτός γίγνομαι μέχρι νῦν  τοιοῦτος  .
184935	tlg0057.tlg095.1st1K-grc1	διὰ δὲ τὸ πάντας, ὡς ἔφην, ἐμοὶ τοὺς ἰατροὺς κοινοῦσθαι περὶ τῶν παραδόξων ὀφθέντων, οὐ μόνον ἐν Ῥώμῃ λαθεῖν οὐκ ἐδύνατο συμβαῖνόν τι τοιοῦτον, ἀλλὰ οὐδὲ κατὰ τὸν λιμένα καὶ τὴν πλησίον αὐτοῦ πόλιν ἣν Ὀστίαν ὀνομάζουσι διὰ τὸ καὶ τοὺς ἐν ἐκείνοις τοῖς χωρίοις ἰατρεύοντας ἅπαντας εἶναι φίλους, οὖσι καὶ αὐτοῖς πολυανθρώποις.	διά δέ ὁ πᾶς , ὡς φημί ,  ὁ ἰατρός κοινόω περί ὁ παράδοξος ὁράω , οὐ μόνος ἐν Ῥώμη λανθάνω οὐ δύναμαι συμβαίνω τι τοιοῦτος , ἀλλά οὐδέ κατά ὁ λιμήν καί ὁ πλησίος αὐτός πόλις ὅς  ὀνομάζω διά ὁ καί ὁ ἐν ἐκεῖνος ὁ   ἅπας εἰμί  , εἰμί καί αὐτός  .
184936	tlg0057.tlg095.1st1K-grc1	αἱ δὲ πόλεις, ὧν Ἱπποκράτης ἐμνημόνευσεν, ὡς ἐν αὐταῖς ἐπὶ πλέον διατρίψας ἑνὸς ἀμφόδου τῶν ἐν Ῥώμῃ πλείονας οὐκ εἶχον οἰκήτορας.	ὁ δέ πόλις , ὅς Ἱπποκράτης μνημονεύω , ὡς ἐν αὐτός ἐπί πολύς διατρίβω   ὁ ἐν Ῥώμη πολύς οὐ ἔχω οἰκήτωρ .
184937	tlg0057.tlg095.1st1K-grc1	οὐδὲν οὖν θαυμαστὸν ἐν πόλει πλῆθος ἀνθρώπων ἐχούσῃ πλείους ὁμοίως παθόντας.	οὖν θαυμαστός ἐν πόλις πλῆθος ἄνθρωπος ἔχω πολύς ὅμοιος πάσχω .
184938	tlg0057.tlg095.1st1K-grc1	ἔτι δὲ κἀκεῖνο διδαχθεὶς ἀπὸ τῆς πείρας εἰς τὴν τῆς αἰτίας εὕρεσιν ἐποδηγήθην.	ἔτι δέ  διδάσκω ἀπό ὁ πείρω εἰς ὁ ὁ αἰτία   .
184939	tlg0057.tlg095.1st1K-grc1	ἔνιοι μὲν γὰρ ἐν παλαίστραις τοιούτῳ τρόπῳ πεσόντες, ἐνίοις δὲ ἔοικεν ὑπὸ τῶν ἰατρῶν γενέσθαι.	ἔνιοι μέν γάρ ἐν παλαίστρα τοιοῦτος τρόπος πίπτω , ἔνιοι δέ ἔοικα ὑπό ὁ ἰατρός γίγνομαι .
184940	tlg0057.tlg095.1st1K-grc1	δύο γάρ τινες τῶν ὀφθέντων μοι τὴν μέν ἔκπτωσιν ἔλεγον εἰς μασχάλην γεγονέναι, μοχλευόντων δὲ ἀμαθῶς τῶν ἰατρῶν σφηνωθῆναι τὸ ἄρθρον, οὐχ ὡς ἑωρᾶτο κατὰ συμβολὰς τῶν μυῶν·	γε γάρ τις ὁ ὁράω ἐγώ ὁ μέν  λέγω εἰς μασχάλη γίγνομαι , μοχλεύω δέ ἀμαθής ὁ ἰατρός  ὁ ἄρθρον ,  ὡς ὁράω κατά συμβολή ὁ  ·
184941	tlg0057.tlg095.1st1K-grc1	ὥστε τῷ κατὰ τὴν τῶν Ῥωμαίων πόλιν πλήθει, εἰ προθείης τὰς εἰρημένας αἰτίας δύο, ζητήσεις οὐ διὰ τί τοσούτους γε εἶδον, ἀλλὰ διὰ τί γε οὐχὶ πλείους εἶδον, οἷς οὕτως ἐξήρθρησεν.	ὥστε τῷ κατά ὁ ὁ  πόλις πλῆθος , εἰ  ὁ λέγω αἰτία γε , ζητέω οὐ διά τίς τοσοῦτος γε ὁράω , ἀλλά διά τι γε οὐ πλέως ὁράω , ὅς οὕτως  .
184942	tlg0057.tlg095.1st1K-grc1	ἐπὶ γάρ τοι τῶν Ἱπποκράτους χρόνων οἱ ἰατρεύοντες ἐμεμαθήκεισαν νομίμως καὶ μάλιστα περὶ τὰς τοιαύτας χειρουργίας τέχνην.	ἐπί γάρ τοι ὁ Ἱπποκράτης χρόνος ὁ ἰατρεύω  νόμιμος καί μάλιστα περί ὁ τοιοῦτος χειρουργία τέχνη .
184943	tlg0057.tlg095.1st1K-grc1	οἱ δὲ νῦν μὴ μαθόντες ὅλως ἢ παντάπασιν ὀλίγῳ χρόνῳ μαθόντες·	ὁ δέ νῦν μή μανθάνω ὅλος τίη  ὀλίγος χρόνος μανθάνω ·
184944	tlg0057.tlg095.1st1K-grc1	εἶτα τῶν παλαισμάτων τῇ ἐμπειρίᾳ θαυμαστὸν ὅσον ἐπιδέδωκε τῶν διδασκόντων αὐτὰ πολυειδῶς ἐκστρεφόντων καὶ λυγιζόντων τὰ κῶλα.	εἶτα ὁ πάλαισμα ὁ ἐμπειρία θαυμαστός   ὁ διδάσκω αὐτός πολυειδής  καί  ὁ κῶλον .
184945	tlg0057.tlg095.1st1K-grc1	ζητήσεις οὖν, ἔφην, οὐ διὰ τί τοσούτους εἶπον, ἀλλὰ διὰ τί πλείους οὐκ εἶδον ἐν τοσαύταις μυριάσιν ἀνθρώπων ὑπὸ πολλῶν μὲν παιδοτριβῶν, παμπόλλων δὲ ἰατρῶν ἀμαθῶν εἰς τοιαύτας ἐξαρθρήσεις ἀγομένων.	ζητέω οὖν , φημί , οὐ διά τι τοσοῦτος λέγω , ἀλλά διά τίς πολύς οὐ ὁράω ἐν τοσοῦτος μυριάς ἄνθρωπος ὑπό πολύς μέν  ,  δέ ἰατρός  εἰς τοιοῦτος  ἄγω .
184946	tlg0057.tlg095.1st1K-grc1	ἡ δ’ οὖν ἐμβολὴ καίτοι τῶν ἐξαρθρημάτων τοῖς αὐτοῖς τάσσεται σκοποῖς, ἀντιτάσει τε καὶ μοχλείᾳ καὶ ἀποθέσει.	ὁ  οὖν ἐμβολή καίτοι ὁ  ὁ αὐτός  σκοπός ,  τε καί  καί  .
184947	tlg0057.tlg095.1st1K-grc1	προσήκει δὲ οὐκ ἐπὶ μασχάλης ἐκπτώσεως, οὕτω καὶ νῦν μὲν μοχλεύειν.	προσήκω δέ οὐ ἐπί  ἔκπτωσις , οὕτως καί νῦν μέν μοχλεύω .
184948	tlg0057.tlg095.1st1K-grc1	ἐπ’ ἐκείνης μὲν γὰρ ἔδει πρόσω πρῶτον, εἶτ’ ἄνω τὸ ἄρθρον ἄγειν, ἄχρις ἂν ἐπ’ εὐθείας γένηται τῇ κοιλότητι.	ἐπί ἐκεῖνος μέν γάρ δέω πρόσω πρῶτος ,  ἄνω2 ὁ ἄρθρον ἄγω , ἄχρι ἄν ἐπί εὐθεῖα γίγνομαι ὁ κοιλότης .
184949	tlg0057.tlg095.1st1K-grc1	νῦν δὲ ἐπειδὴ πάντως μὲν ἐν τοῖς πρόσω μέρεσι τῆς διαρθρώσεώς ἐστιν, ἤτοι δ’ ἐγκέκλεισται πρὸς τὴν ἔνδον ἢ τὴν ἔξω χώραν ἐσφηνωμένον ἐν τοῖς μυσὶν ὠθεῖν αὐτὸ χρὴ πρὸς τὴν ἐναντίαν χώραν ἐμβαλόντα τῶν μυῶν ἀνασπασθὲν εἰς τὴν μασχάλην ἐνεχθῆναι.	νῦν δέ ἐπεί πᾶς μέν ἐν ὁ πρόσω μέρος ὁ  εἰμί , ἤτοι   πρός ὁ ἔνδον τίη ὁ ἔξω χώρα σφηνόω ἐν ὁ μῦς ὠθέω αὐτός χρή πρός ὁ ἐναντίος χώρα ἐμβάλλω ὁ μῦς  εἰς ὁ μασχάλη φέρω .
184950	tlg0057.tlg095.1st1K-grc1	μάλιστα μὲν οὖν οὔτε ἡ ἀντίτασις ἐᾷ γενέσθαι τοῦτο, καὶ κατὰ ταύτην δὲ τὴν ἀντίτασιν οὐδὲ χεῖρόν ἐστιν ἠσφαλίσθαι τὸ κατὰ τὴν μασχάλην χωρίον, ὡς ἐπράξαμεν ἐν Σμύρνῃ περὶ τὸ γενόμενον οὕτως ἐξάρθρημα.	μάλιστα μέν οὖν οὔτε ὁ  ἐάω γίγνομαι οὗτος , καί κατά οὗτος δέ ὁ ἀντίτασις οὐδέ χείρων εἰμί ἀσφαλίζω ὁ κατά ὁ μασχάλη χωρίον , ὡς πράσσω ἐν Σμύρνα περί ὁ γίγνομαι οὕτως ἐξάρθρημα .
184951	tlg0057.tlg095.1st1K-grc1	κατὰ παλαίστραν μὲν γάρ τινι συνέβη διαπλωθείσης τῆς χειρὸς ὑπὸ τοῦ παλαίοντος, ὅστις μάλιστα τρόπος εἰς τὸ πρόσω δύναται μεταστῆσαι τὸ ἄρθρον.	κατά παλαίστρα μέν γάρ  συμβαίνω  ὁ χείρ ὑπό ὁ παλαίω , ὅστις μάλιστα τρόπος εἰς ὁ πρόσω δύναμαι μεθίστημι ὁ ἄρθρον .
184952	tlg0057.tlg095.1st1K-grc1	ὕπτιον δὲ κατακλίναντες τὸν πεπονθότα τὴν ἀντίτασιν ἐποιησάμεθα τῇ διὰ τῆς πτέρνης παραπλησίαν ὄπισθεν μὲν καθίσαντές τινα, περιβάλλοντες δὲ τὴν μασχάλην πλατὺν ἱμάντα προϋποβεβλημένου τινὸς εἰς τὸ κοῖλον ἐκπληρώματος.	δέ κατακλίνω ὁ πάσχω ὁ ἀντίτασις ποιέω ὁ διά ὁ πτέρνα  ὄπισθεν μέν  τις , περιβάλλω δέ ὁ   ἱμάς   εἰς ὁ κοῖλος  .
184953	tlg0057.tlg095.1st1K-grc1	αὐτοὶ δὲ, ὡς ἔφην, ἔξω τῶν προσφιγγόντων τὸ ἄρθρον μυῶν ἀπώσαντες, εἶτ’ ἀνέντες τὴν κατάτασιν ἐπετρέψαμεν ἀνασπασθῆναι πρὸς τῶν μυῶν εἰς ἑαυτοὺς συντρεχόντων ἐμβληθῆναι τῇ κοιλότητι.	αὐτός δέ , ὡς φημί , ἔξω ὁ  ὁ ἄρθρον μῦς ἀπωθέω ,  ἀνίημι ὁ κατάτασις ἐπιτρέπω  πρός ὁ μῦς εἰς ἑαυτοῦ συντρέχω ἐμβάλλω ὁ κοιλότης .
184954	tlg0057.tlg095.1st1K-grc1	τοῦτο μὲν οὖν εὐκόλως ἐνέπεσε·	οὗτος μέν οὖν εὔκολος ἐμπίπτω ·
184955	tlg0057.tlg095.1st1K-grc1	καὶ γὰρ παραχρῆμα κατ’ αὐτὴν τὴν παλαίστραν ἐπεχειρήσαμεν τῇ θεραπείᾳ.	καί γάρ παραχρῆμα κατά αὐτός ὁ παλαίστρα ἐπιχειρέω ὁ θεραπεία .
184956	tlg0057.tlg095.1st1K-grc1	καὶ ἤρκεσέ γε ἡ τῆς πεπονθυίας χειρὸς ἡ κατάτασις ὑφ’ ἡμῶν αὑτῶν γινομένη, καθάπερ ἐπὶ τοῦ διὰ τῆς πτέρνης τρόπου, ἄλλοτε δὴ καὶ διὰ βρόχου τὴν κατάτασιν ἐποιησάμεθα.	καί ἀρκέω γε ὁ ὁ  χείρ ὁ κατάτασις ὑπό ἐγώ ἑαυτοῦ  , καθά ἐπί ὁ διά ὁ πτέρνα τρόπος , ἄλλος δή καί διά  ὁ κατάτασις ποιέω .
184957	tlg0057.tlg095.1st1K-grc1	χρὴ δὲ ἰσότονον εἶναι τὸν βρόχον, οἷός ἐστιν ὅ τε διπλοῦς καρχήσιος ὅτ’ ἐκ δυοῖν διαντέων·	χρή δέ  εἰμί ὁ βρόχος ,  εἰμί ὁ τε διπλόος  ὁ τ’ ἐκ   ·
184958	tlg0057.tlg095.1st1K-grc1	ἄλλοτε δὲ κεχρονισμένου τοῦ ἐξαρθρήματος ἐδεήθημεν τοῦ Ἱπποκρατείου βάθρου, περὶ οὗ ποιήσει τὴν διδασκαλίαν αὐτὸς ἐπὶ προήκοντι τῷ συγγράμματι, νυνὶ δὲ ἀρκέσει τῶν κατολισθημάτων.	ἄλλος δέ  ὁ  δέω2 ὁ ἱπποκράτειος  , περί οὗ ποιέω ὁ διδασκαλία αὐτός ἐπί προήκω τῷ σύγγραμμα , νυνί δέ ἀρκέω ὁ  .
184959	tlg0057.tlg095.1st1K-grc1	ἑξῆς οὖν αὐτῷ περὶ τῆς διαφορᾶς αὐτῶν τῶν σωμάτων, ἐν οἷς ἧττον καὶ μᾶλλον ἐκπίπτει τὰ ἄρθρα διδάσκοντι συνακολουθήσομεν.	ἑξῆς οὖν αὐτός περί ὁ διαφορά αὐτός ὁ σῶμα , ἐν ὅς ἥσσων καί μᾶλλον ἐκπίπτω ὁ ἄρθρον διδάσκω συνακολουθέω .
184960	tlg0057.tlg095.1st1K-grc1	Εἰδέναι μὲν οὖν χρὴ ὅτι φύσιες φυσίων μέγα διαφέρουσιν ἐς τὸ ῥηϊδίως ἐμπίπτειν τὰ ἐκπίπτοντα.	οἶδα μέν οὖν χρή ὅτι2 φύσις  μέγας διαφέρω εἰς ὁ ῥᾴδιος ἐμπίπτω ὁ ἐκπίπτω .
184961	tlg0057.tlg095.1st1K-grc1	διενέγκοι μὲν γὰρ ἅν τι καὶ κοτύλη κοτύλης, ἡ μὲν εὐυπέρβατος ἐοῦσα, ἡ δὲ ἧσσον.	διαφέρω μέν γάρ  τις καί κοτύλη  , ὁ μέν εὐυπέρβατος εἰμί , ὁ δέ ἥσσων .
184962	tlg0057.tlg095.1st1K-grc1	πλεῖστον δὲ διαφέρει καὶ τῶν νεύρων ὁ σύνδεσμος, τοῖσι μὲν ἐπιδόσιας ἔχων, τοῖσι δὲ ξυντεταμένος ἐών.	πλεῖστος δέ διαφέρω καί ὁ  ὁ σύνδεσμος , ὁ μέν ἐπίδοσις ἔχω , ὁ δέ συντείνω εἰμί .
184963	tlg0057.tlg095.1st1K-grc1	Συντελέσας τὸν περὶ τῶν ἐμβολῶν λόγον ἤρξατο νῦν διδάσκειν αἰτίας.	ὁ περί ὁ  λόγος ἄρχω νῦν διδάσκω αἰτία .
184964	tlg0057.tlg095.1st1K-grc1	τισὶν ἐκπίπτει μὲν οὖν ῥᾳδίως ἐμβάλλεταί τε χωρὶς τῆς μεγάλης πραγματείας ὁτιοῦν ἄρθρον.	ἐκπίπτω μέν οὖν ῥᾴδιος  τε χωρίς ὁ μέγας πραγματεία ὁτιοῦν ἄρθρον .
184965	tlg0057.tlg095.1st1K-grc1	ἐν οἷς δὲ ἐκπίπτει ὀλιγάκις, ἐμβάλλεταί γε χαλεπῶς.	ἐν ὅς δέ ἐκπίπτω ὀλιγάκις ,  γε χαλεπός .
184966	tlg0057.tlg095.1st1K-grc1	εἴρηται δ’ ὑφ’ ἡμῶν ἔμπροσθεν ἤδη τήν τε τῶν ὀστῶν διάρθρωσιν ἀντιωμένων, τήν τε τῶν προκειμένων αὐτοῖς μυῶν, ἤτοι συντονίαν ἢ χαλαρότητα.	λέγω  ὑπό ἐγώ ἔμπροσθεν ἤδη ὁ τε ὁ  διάρθρωσις  , ὁ τε ὁ  αὐτός μῦς , ἤτοι συντονία ἤ χαλαρότης .
184967	tlg0057.tlg095.1st1K-grc1	Καὶ γὰρ ἡ ὑγρότης τοῖσιν ἀνθρώποισι γίνεται ἡ ἐκ τῶν ἄρθρων διὰ τῶν νεύρων τὴν ἀπάρτισιν ἢ χαλαρά τε εἴη φύσει καὶ τὰς ἐπιτάσιας εὐφόρως φέρῃ.	καί γάρ ὁ ὑγρότης ὁ ἄνθρωπος γίγνομαι ὁ ἐκ ὁ ἄρθρον διά ὁ  ὁ ἀπάρτισις ἤ  τε εἰμί φύσις καί ὁ ἐπίτασις εὔφορος φέρω .
184968	tlg0057.tlg095.1st1K-grc1	συχνοὺς γὰρ ἄν τις ἴδοι, οἳ οὕτως ὑγροί εἰσιν, ὥστε ὁπόταν ἐθέλωσι, τότε αὐτοῖσι τὰ ἄρθρα ἐξίστανται ἀνωδύνως καὶ καθίστανται ἀνωδύνως.	συχνός γάρ ἄν τις ὁράω , ὁ οὕτως  εἰμί , ὥστε ὁπότε ἐθέλω , τότε αὐτός ὁ ἄρθρον ἐξίστημι ἀνώδυνος καί καθίστημι ἀνώδυνος .
184969	tlg0057.tlg095.1st1K-grc1	Ἐνηλλαγμένως μοὶ δοκεῖ τὴν ἑρμηνείαν ποιεῖσθαι·	δοκέω ὁ ἑρμηνεία ποιέω ·
184970	tlg0057.tlg095.1st1K-grc1	διὰ γὰρ τὴν ὑγρότητα τῆς φύσεως τοῦ ἀνθρώπου γιγνομένων τῶν νευρωδῶν σωμάτων χαλαρῶν, οὐ διότι ταῦτά ἐστι χαλαρὰ, διὰ τοῦτο ὑγραινομένων τῶν περὶ τὰ ἄρθρα.	διά γάρ ὁ ὑγρότης ὁ φύσις ὁ ἄνθρωπος  ὁ  σῶμα  , οὐ διότι  εἰμί  , διά οὗτος  ὁ περί ὁ ἄρθρον .
184971	tlg0057.tlg095.1st1K-grc1	ἡ λέξις αὐτοῦ τὸ ἐναντίον εἴρηκε, δοκεῖ μοι βουληθεὶς τὴν ἑτοιμοτάτην ἐπὶ πλέον ἔκτασιν τῶν νευρωδῶν ποιεῖσθαι σωμάτων, ἐκ τῆς τῶν ἀνθρώπων ὑγρότητος οὐ κρατῆσαι τούτων κατὰ τὴν ἑρμηνείαν, ἀλλὰ χρησάμενος οὐ κυρίως λίαν συνδέσμῳ πρὸς τὴν τῆς αἰτίας νόησιν ἄγει τοὺς ἀναγινώσκοντας.	ὁ λέξις αὐτός ὁ ἐναντίος λέγω , δοκέω  βούλομαι ὁ ἑτοῖμος ἐπί πολύς ἔκτασις ὁ  ποιέω σῶμα , ἐκ ὁ ὁ ἄνθρωπος ὑγρότης οὐ κρατέω οὗτος κατά ὁ ἑρμηνεία , ἀλλά χράομαι οὐ κύριος λίαν σύνδεσμος πρός ὁ ὁ αἰτία νόησις ἄγω ὁ ἀναγιγνώσκω .
184972	tlg0057.tlg095.1st1K-grc1	Διαφέρει μέντοι καὶ σχέσις τις σώματος·	διαφέρω μέντοι καί σχέσις τις σῶμα ·
184973	tlg0057.tlg095.1st1K-grc1	τοῖσι μὲν γὰρ εὖ ἔχουσι τὸ γυῖον καὶ σεσαρκωμένοισιν ἐκπίπτει τε ἧσσον, ἐμπίπτει τε χαλεπώτερον.	ὁ μέν γάρ εὖ ἔχω ὁ γυῖον καί  ἐκπίπτω τε ἥσσων , ἐμπίπτω τε χαλεπός .
184974	tlg0057.tlg095.1st1K-grc1	ὅταν δὲ αὐτοὶ σφῶν αὐτῶν λεπτότεροι καὶ ἀσαρκότεροι ἔωσι, τότε ἐκπίπτει τε μᾶλλον, ἐμπίπτει τε ῥᾷον.	ὅταν δέ αὐτός σφεῖς αὐτός  καί  εἰμί , τότε ἐκπίπτω τε μᾶλλον , ἐμπίπτω τε ῥᾴδιος .
184975	tlg0057.tlg095.1st1K-grc1	σημεῖον δὲ ὅτι ταῦτα οὕτως ἔχει τόδε·	σημεῖον δέ ὅτι2 οὗτος οὕτως ἔχω ὅδε ·
184976	tlg0057.tlg095.1st1K-grc1	τοῖσι γὰρ βουσὶ τότε ἐκπίπτουσι μᾶλλον οἱ μηροὶ ἐκ τῆς κοτύλης, ἡνίκα ἂν αὐτοὶ σφῶν αὐτῶν λεπτότατοι ἔωσι.	ὁ γάρ  τότε ἐκπίπτω μᾶλλον ὁ μηρός ἐκ ὁ κοτύλη , ἡνίκα ἄν αὐτός σφεῖς αὐτός λεπτός εἰμί .
184977	tlg0057.tlg095.1st1K-grc1	γίνονται δὲ καὶ βόες λεπτότατοι τοῦ χειμῶνος τελευτῶντος, τότε οὖν καὶ ἐξαρθρέουσι μάλιστα.	γίγνομαι δέ καί βοῦς λεπτός ὁ χειμών τελευτάω , τότε οὖν καί ἐξαρθρέω μάλιστα .
184978	tlg0057.tlg095.1st1K-grc1	εἰ δή τι καὶ τοιοῦτο δεῖ ἐν ἰητρικῇ γράψαι, δεῖ δέ.	εἰ δή τις καί τοιοῦτος δέω ἐν ἰατρικός γράφω , δέω δέ .
184979	tlg0057.tlg095.1st1K-grc1	Αἱ μὲν φύσεις καὶ διαφοραὶ τῶν ἄρθρων, ἐφ’ αἷς ἢ τὸ ῥᾳδίως ἢ μόγις αἵ τε ἐξαρθρήσεις καὶ ἐμβολαὶ γίνονται, δύο εἰσὶν, ἃς ἐγὼ πολλάκις εἶπον ἔν τε τῇ πρὸ ταύτης ἔγραψα ῥήσει.	ὁ μέν φύσις καί διαφορά ὁ  , ἐπί ὅς τίη ὁ ῥᾴδιος τίη μόγις ὁ τε  καί ἐμβολή γίγνομαι , γε εἰμί , ὅς  πολλάκις λέγω ἐν τε ὁ πρό οὗτος γράφω  .
184980	tlg0057.tlg095.1st1K-grc1	προσέρχεται δὲ αὐταῖς ἐνίοτε καὶ τρίτη, περὶ ἧς νῦν διδάσκει, κατὰ πάχος τε καὶ λεπτότητα τοῦ σώματος γιγνομένη, ἣν ὀνομάζουσι σχέσιν.	προσέρχομαι δέ αὐτός ἐνίοτε καί  , περί ὅς νῦν διδάσκω , κατά πάχος τε καί λεπτότης ὁ σῶμα  , ὅς ὀνομάζω σχέσις .
184981	tlg0057.tlg095.1st1K-grc1	ὅσοι γὰρ ἂν εὑρεθῶσιν εὐσαρκότεροι γενηθεῖσιν ἑαυτῶν οἱ ἄνθρωποι, τοσούτῳ δυσκολώτεροι αἵ τε ἐμπτώσεις τῶν ἄρθρων αὐτοῖς, αἵ τε ἐμβολαὶ συντελοῦνται διὰ τὸ σφίγγεσθαι πανταχόθεν αὐτὰ τῷ πλήθει τῶν σαρκῶν.	ὅσος γάρ ἄν εὑρίσκω   ἑαυτοῦ ὁ ἄνθρωπος , τοσοῦτος δύσκολος ὁ τε  ὁ ἄρθρον αὐτός , ὁ τε ἐμβολή συντελέω διά ὁ  πανταχόθεν αὐτός ὁ πλῆθος ὁ σάρξ .
184982	tlg0057.tlg095.1st1K-grc1	ἔμπαλιν δὲ τοῖς λεπτυνθεῖσι χαλαρὸν μὲν τὸ δέρμα γίνεται τῶν περικειμένων ταῖς ἀρθρώσεσι σαρκῶν ὀλίγοισί τε εἰκῆ ταῖς διαρθρώσεσιν.	ἔμπαλιν δέ ὁ  χαλαρός μέν ὁ δέρμα γίγνομαι ὁ  ὁ  σάρξ  τε εἰκῇ ὁ  .
184983	tlg0057.tlg095.1st1K-grc1	ἐὰν μέντοι τις ἰσχνὸς ᾖ φύσει, κάκιον οὐδὲν ἔχει τοῦ παχυτέρου.	ἐάν  τις ἰσχνός εἰμί φύσις , κακός  ἔχω ὁ  .
184984	tlg0057.tlg095.1st1K-grc1	δέδεικται γὰρ ἐν τοῖς περὶ κράσεων ὁ μὲν ἰσχνότερος φύσει ξηρότερος ὢν τὴν κρᾶσιν, ὁ δὲ παχύτερος ὑγρότερος, ὥστε τῶν μὲν ἰσχνῶν σύντονος οὖσα τῶν μυῶν ἡ οὐσία σφίγγει τὴν διάρθρωσιν, τῶν δὲ παχυτέρων, καθόσον μὲν πλείους αἱ σάρκες εἰσὶν, ἀποκλείουσί γε τὴν πέριξ τῶν ἄρθρων χώραν, καθόσον δὲ μαλακαὶ ῥᾳδίως ἀνατρέπονται, παραδέχουσαι τὰς κεφαλὰς ἑξῆς τῶν ἐξισταμένων φαλακρῶν ὀστῶν, ὥστε ἀνίστασθαι τὰ κατὰ τὰς ἐκπτώσεις ἑκατέροις.	δείκνυμι γάρ ἐν ὁ περί κρᾶσις ὁ μέν  φυσάω  εἰμί ὁ κρᾶσις , ὁ δέ παχύς  , ὥστε ὁ μέν   εἰμί ὁ μῦς ὁ οὐσία  ὁ διάρθρωσις , ὁ δέ παχύς ,  μέν πολύς ὁ σάρξ εἰμί ,  γε ὁ πέριξ ὁ ἄρθρον χώρα , καθόσον δέ  ῥᾴδιος ἀνατρέπω ,  ὁ κεφαλή ἑξῆς ὁ ἐξίστημι φαλακρός  , ὥστε ἀνίστημι ὁ κατά ὁ ἔκπτωσις ἑκάτερος .
184985	tlg0057.tlg095.1st1K-grc1	εἰ μέντοι τις εὔσαρκος φύσει κατά τινα καιρὸν ἰσχνότερος ἑαυτοῦ γίνηται, ῥᾷον ἂν ἐκπίπτει τε τούτῳ καὶ αὖθις ἐμπίπτει κατὰ τὸν καιρὸν ἐκεῖνον ἢ πρόσθεν, ὥσπερ καὶ εἰ σαρκωθείη τις ὢν φύσει λεπτὸς, ἐκπίπτειτ’ ἂν αὐτῷ μόγις, ἐμβάλλοιτό τε χαλεπῶς, τούτου τε λόγου τὰ κατὰ τοὺς βοῦς φαινόμενα γράφει μαρτύρια σαφῶς ἑρμηνεύων, ὡς μηδεμιᾶς ἐξηγήσεως δεῖσθαι, πλὴν εἰ λέξις τις εἴη μία που καὶ δύο τοιαῦται, περὶ ὧν ἐπισημανοῦμαι κἀγώ.	εἰ μέντοι τις εὔσαρκος φύσις κατά  καιρός  ἑαυτοῦ γίγνομαι , ῥᾴδιος ἐάν ἐκπίπτω τε οὗτος καί αὖθις ἐμπίπτω κατά ὁ καιρός ἐκεῖνος ἤ πρόσθεν , ὥσπερ καί εἰ  τις εἰμί φύσις λεπτός , ἐκπίπτω τ’ ἄν αὐτός μόγις ,  τε χαλεπός , οὗτος τε λόγος ὁ κατά ὁ βοῦς φαίνω γράφω μαρτύριον σαφής ἑρμηνεύω , ὡς μηδείς ἐξήγησις δέω ,  εἰ λέξις τις εἰμί  που καί γε τοιοῦτος , περί ὅς   .
184986	tlg0057.tlg095.1st1K-grc1	Καλῶς γὰρ Ὅμηρος καταμεμαθήκει ὅτι πάντων τῶν προβάτων βόες ὅτι μάλιστα πονέουσι ταύτην τὴν ὥρην καὶ βοῶν οἱ ἀρόται, ὅτι κατὰ τὸν χειμῶνα ἐργάζονται.	γάρ Ὅμηρος καταμανθάνω ὅτι2 πᾶς ὁ πρόβατον βοῦς ὅτι2 μάλιστα πονέω οὗτος ὁ ὥρα2 καί  ὁ ἀρότης , ὅτι2 κατά ὁ χειμών ἐργάζομαι .
184987	tlg0057.tlg095.1st1K-grc1	τούτοισι τοίνυν ἐκπίπτει μάλιστα, οὗτοι γὰρ μάλιστα λεπτύνονται·	οὗτος τοίνυν ἐκπίπτω μάλιστα , οὗτος γάρ μάλιστα λεπτύνω ·
184988	tlg0057.tlg095.1st1K-grc1	τὰ μὲν γὰρ ἄλλα βοσκήματα δύναται βραχεῖαν τὴν πόην βόσκεσθαι, βοῦς δὲ οὐ μάλα, πρὶν βαθεῖα γένηται.	ὁ μέν γάρ ἄλλος βόσκημα δύναμαι βραχύς ὁ  βόσκω , βοῦς δέ οὐ μάλα , πρίν βαθύς γίγνομαι .
184989	tlg0057.tlg095.1st1K-grc1	τοῖσι μὲν γὰρ ἄλλοισίν ἐστι λεπτὴ ἡ προβολὴ τοῦ χείλεος, λεπτὴ δὲ ἡ ἄνω γνάθος, παχεῖα δὲ καὶ ἀμβλεῖα ἡ ἄνω γνάθος, διὰ ταῦτα ὑποβάλλειν εἰς τὰς βραχεῖας πόας οὐ δύνανται.	ὁ μέν γάρ ἄλλος εἰμί λεπτός ὁ προβολή ὁ  , λεπτός δέ ὁ ἄνω2 γνάθος , παχύς δέ καί ἀμβλύς ὁ ἄνω2 γνάθος , διά οὗτος ὑποβάλλω εἰς ὁ  πόα οὐ δύναμαι .
184990	tlg0057.tlg095.1st1K-grc1	Πρόβατα νῦν εἷπεν ἅπαντα τὰ βοσκήματα, καθάπερ ἐν τῷ περὶ ἱερῆς νόσου γέγραπται κατὰ λέξιν οὕτως·	νῦν λέγω ἅπας ὁ βόσκημα , καθά ἐν ὁ περί ἱερή νόσος γράφω κατά λέξις οὕτως ·
184991	tlg0057.tlg095.1st1K-grc1	οὐκ ἔστιν ἄλλο πρόβατον οὐδὲν ἢ βόες καὶ αἶγες.	οὐ εἰμί ἄλλος  οὐδείς τίη βοῦς καί αἴξ .
184992	tlg0057.tlg095.1st1K-grc1	καὶ τὸ παρὰ τῷ ποιητῇ τοιοῦτόν ἐστιν, ἔνθα φησί·	καί ὁ παρά τῷ ποιητής τοιοῦτος εἰμί , ἔνθα φημί ·
184993	tlg0057.tlg095.1st1K-grc1	Πολλά τέ οἱ πρόβατ’ ἐστί.	τε ἕ  εἰμί .
184994	tlg0057.tlg095.1st1K-grc1	βούλεται γὰρ ἀγέλας βοσκημάτων δηλοῦν.	βούλομαι γάρ ἀγέλη βόσκημα δηλόω .
184995	tlg0057.tlg095.1st1K-grc1	ἐχρήσαντο καὶ ἄλλοι οὕτως τῶν παλαιῶν τῇ φωνῇ.	χράομαι καί ἄλλος οὕτως ὁ παλαιός ὁ φωνή .
184996	tlg0057.tlg095.1st1K-grc1	Τά τε αὖ μώνυχα τῶν ζώων, ἅτε ἀμφώδοντα ἐόντα.	τε αὖ μῶνυξ ὁ  , ἅτε  εἰμί .
184997	tlg0057.tlg095.1st1K-grc1	δύναται μὲν γὰρ σαρκάζειν, δύναται δὲ ὑπὸ τὴν βραχεῖαν πόην ὑποβάλλειν τοὺς ὀδόντας καὶ ἥδεται τῇ οὕτως ἐχούσῃ πόῃ μᾶλλον ἢ τῇ βαθείῃ.	δύναμαι μέν γάρ σαρκάζω , δύναμαι δέ ὑπό ὁ βραχύς  ὑποβάλλω ὁ ὀδούς καί ἥδομαι ὁ οὕτως ἔχω  μᾶλλον ἤ ὁ  .
184998	tlg0057.tlg095.1st1K-grc1	καὶ γὰρ τὸ ἐπίπαν ἀμείνων καὶ στερεωτέρη ἡ βραχεῖα πόη τῆς βαθείας, ὅτι καὶ πρὶν ἐκκαρπεῖν τὴν βαθεῖαν.	καί γάρ ὁ ἐπίπαν ἀμείνων καί στερεός ὁ βραχύς πόα ὁ  , ὅτι2 καί πρίν ἐκκαρπέω ὁ  .
184999	tlg0057.tlg095.1st1K-grc1	διὰ τοῦτο οὖν ἐποίησεν ὧδε τάδε τὰ ἔπη·	διά οὗτος οὖν ποιέω ὧδε ὅδε ὁ ἔπος ·
185000	tlg0057.tlg095.1st1K-grc1	ὡς δ’ ὁπότ’ ἀσπάσιον ἔαρ ἤλυθε βουσὶν ἕλιξιν.	ὡς   ἀσπάσιος ἔαρ ἔρχομαι   .
185001	tlg0057.tlg095.1st1K-grc1	ὅτι ἀσμενωτάτη τοῖσι αὐτοῖσιν ἡ βαθεῖα πόη φαίνεται.	ὅτι2  ὁ αὐτός ὁ βαθύς πόα φαίνω .
185002	tlg0057.tlg095.1st1K-grc1	ἀτὰρ καὶ ἄλλως ὁ βοῦς χαλαρὸν φύσει τὸ ἄρθρον τοῦτο ἔχει μᾶλλον τῶν ἄλλων, διὰ τοῦτο καὶ εἰλίπουν ἐστὶ μᾶλλον τῶν ἄλλων ζώων καὶ μάλιστα ὅταν λεπτὸν καὶ γηραλέον ἔῃ, διὰ ταῦτα πάντα καὶ ἐκπίπτει βοΐ μάλιστα.	καί ἄλλος ὁ βοῦς χαλαρός φύσις ὁ ἄρθρον οὗτος ἔχω μᾶλλον ὁ ἄλλος , διά οὗτος καί  εἰμί μᾶλλον ὁ ἄλλος  καί μάλιστα ὅταν λεπτός καί γηραιός εἰμί , διά οὗτος πᾶς καί ἐκπίπτω  μάλιστα .
185003	tlg0057.tlg095.1st1K-grc1	πλείω δὲ γέγραπται περὶ αὐτοῦ, ὅτι πάντων τῶν προειρημένων ταῦτα μαρτύριά ἐστι.	πολύς δέ γράφω περί αὐτός , ὅτι2 πᾶς ὁ προαγορεύω οὗτος μαρτύριον εἰμί .
185004	tlg0057.tlg095.1st1K-grc1	περὶ οὗ νῦν ὁ λόγος, τοῖσιν ἀσάρκοισι μᾶλλον ἐκπίπτει, ὡς θᾶσσον ἐμπίπτειν ἢ τοῖσιν εὖ σεσαρκωμένοισι καὶ ἧσσον ἐπιφλεγμαίνουσι τοῖσιν ὑγροῖσι καὶ τοῖσιν ἀσάρκοισιν ἢ τοῖσι σκελιφροῖσι καὶ σεσαρκωμένοισι.	περί οὗ νῦν ὁ λόγος , ὁ ἄσαρκος μᾶλλον ἐκπίπτω , ὡς ταχύς ἐμπίπτω ἤ ὁ εὖ  καί ἥσσων  ὁ  καί ὁ ἄσαρκος ἤ ὁ  καί  .
185005	tlg0057.tlg095.1st1K-grc1	Τὸ σαρκάζειν ἔνιοι μὲν δηλοῦν φασι συνάγειν ἀλλήλοις τὰ χείλη σφοδρῶς οὕτως, ὡς δύνασθαι καὶ ἀποσπᾶσθαί τι βοτάνης μέρος ὑπ’ αὐτῶν, ἔνιοι δὲ τὸ τοῖς ὀδοῦσι τὸ κάτω μετὰ τοῦ ἄνω ἐργάζεσθαι ταὐτὸ, ἐπειδὴ καὶ οἱ σαρκάζοντές τινες δάκνουσι τοῖς ὀδοῦσι τὸ χεῖλος.	σαρκάζω ἔνιοι μέν δηλόω φημί συνάγω ἀλλήλων ὁ χεῖλος σφοδρός οὕτως , ὡς δύναμαι καί ἀποσπάω τις βοτάνη μέρος ὑπό αὐτός , ἔνιοι δέ ὁ ὁ ὀδούς ὁ κάτω μετά ὁ ἄνω2 ἐργάζομαι  , ἐπεί καί ὁ  τις δάκνω ὁ ὀδούς ὁ χεῖλος .
185006	tlg0057.tlg095.1st1K-grc1	ἀλλ’ ἐκεῖνοι μὲν τοῖς ἄνωθεν ὀδοῦσι τὸ κάτω χεῖλος δάκνουσι, τὰ δὲ μηρυκίζοντα τὸν κάτω στοῖχον μόνον ἔχοντα τῶν ὀδόντων, χρῆσθαι πρὸς τοὺς δάκνοντας διότι μὲν ὠνόμασται, φασὶ, σαρκάζειν, ἐπειδὴ καὶ σαρκοφαγοῦντα τοῖς ζώοις ἑκατέροις χρῆται·	ἀλλά ἐκεῖνος μέν ὁ ἄνωθεν ὀδούς ὁ κάτω χεῖλος δάκνω , ὁ δέ  ὁ κάτω στοῖχος μόνος ἔχω ὁ ὀδούς , χράω2 πρός ὁ δάκνω διότι μέν ὀνομάζω , φημί , σαρκάζω , ἐπεί καί  ὁ  ἑκάτερος χράω2 ·
185007	tlg0057.tlg095.1st1K-grc1	καὶ τούτοις ἔοικε τὰ συμφραζόμενα τῇ λέξει μαρτυρεῖν, οὐ τὰ·	καί οὗτος ἔοικα ὁ  ὁ λέγω μαρτυρέω , οὐ ὁ ·
185008	tlg0057.tlg095.1st1K-grc1	μηρυκίζοντα τῶν ζώων εἰρηκότος αὐτοῦ σαρκάζειν, ἀλλὰ τὰ τοὺς δύο τῶν ὀδόντων ἔχοντα στοίχους ἃ καλοῦσιν ἀμφόδοντα.	ὁ  λέγω αὐτός σαρκάζω , ἀλλά ὁ ὁ γε ὁ ὀδούς ἔχω  ὅς καλέω  .
185009	tlg0057.tlg095.1st1K-grc1	ταῦτα μὲν δύναται καὶ τὰς βραχείας νέμεσθαι πόας, τουτέστι βοτάνας, οἷον ἵπποι καὶ ὄνοι καὶ ἡμίονοι.	οὗτος μέν δύναμαι καί ὁ  νέμω  ,   , οἷος ἵππος καί  καί ἡμίονος .
185010	tlg0057.tlg095.1st1K-grc1	τῶν δὲ τὸν ἕνα στοῖχον ἐχόντων ἐκεῖνα μόνα δύνανται, οἷς λεπτὴ τοῦ χείλους ἐστὶ προβολὴ καὶ διὰ τοῦτο μόνοι τῶν βοτάνας ἐσθιόντων ζώων οἱ βόες ἀποροῦσι τροφῆς ἐν χειμῶνι, διότι μήτε σαρκάζειν δύνανται τὴν βραχεῖαν πόαν, τουτέστι τοῖς ὀδοῦσιν ἀποτέμνειν αὐτὴν, μηδὲ τοῖς χείλεσι παραλαμβάνειν δύνασθαι τὴν βραχεῖαν πόαν ὁμοίως αἰξὶ καὶ προβάτοις.	ὁ δέ ὁ  στοῖχος ἔχω ἐκεῖνος μόνος δύναμαι , ὅς λεπτός ὁ  εἰμί προβολή καί διά οὗτος μόνος ὁ  ἐσθίω ζήω ὁ βοῦς ἀπορέω2 τροφή ἐν χειμών , διότι  σαρκάζω δύναμαι ὁ βραχύς πόα ,  ὁ ὀδούς ἀποτέμνω αὐτός , μηδέ ὁ χεῖλος παραλαμβάνω δύναμαι ὁ βραχύς πόα ὅμοιος  καί  .
185011	tlg0057.tlg095.1st1K-grc1	ταῦτα μὲν οὖν τὰ τρία γένη τῶν ζώων ἔχει χηλάς.	οὗτος μέν οὖν ὁ  γένος ὁ ζωός ἔχω χηλή .
185012	tlg0057.tlg095.1st1K-grc1	μώνυχα δέ ἐστι τὰ ἀμφόδοντα, συνῃρημένου τοῦ ὀνόματος, ὥς φασιν οἱ τὰς ἐτυμολογίας τιμῶντες, ἐκ τοῦ μονώνυχας, ἐπειδήπερ ἔχουσιν ὄνων ὄνυχας.	δέ εἰμί ὁ  ,  ὁ ὄνομα , ὡς φημί ὁ ὁ ἐτυμολογία τιμάω , ἐκ ὁ  , ἐπεί ἔχω ὄνος ὄνυξ .
185013	tlg0057.tlg095.1st1K-grc1	τοιοῦτον γὰρ ἐν τοῖς ὅπλοις ἔχουσι ζώοις, οἷς ἐστὶ τὸ κατ’ ἄκρους τοὺς πόδας, οἷον ἀνθρώποις οἱ ὄνυχες, καὶ ἧσσον ἐπιφλεγμαίνει τούτοις, ὅτι καὶ ῥᾷον ἐκπίπτει.	τοιοῦτος γάρ ἐν ὁ ὅπλον ἔχω ζωός , ὅς εἰμί ὁ κατά ἄκρος ὁ πούς , οἷος ἄνθρωπος ὁ ὄνυξ , καί ἥσσων ἐπιφλεγμαίνω οὗτος , ὅτι2 καί ῥᾴδιος ἐκπίπτω .
185014	tlg0057.tlg095.1st1K-grc1	τούτῳ γὰρ ἕπεται καὶ τὸ τὸ ἐμβάλλεσθαι, τούτοις δ’ αὖ πάλιν τὸ μικρὰν ἢ μηδ’ ὅλως ἕπεσθαι φλεγμονήν.	οὗτος γάρ  καί ὁ ὁ ἐμβάλλω , οὗτος  αὖ πάλιν ὁ μικρός ἤ  ὅλος  φλεγμονή .
185015	tlg0057.tlg095.1st1K-grc1	ἐν γὰρ ταῖς βιαίοις ἐκπτώσεσιν, ὥσπερ καὶ ταῖς ἐμβολαῖς, ὀδύναι γίνονται τοῖς μυσὶν, αἷς ἕπονται φλεγμοναί.	ἐν γάρ ὁ βίαιος  , ὥσπερ καί ὁ ἐμβολή , ὀδύνη γίγνομαι ὁ μῦς , ὅς  φλεγμονή .
185016	tlg0057.tlg095.1st1K-grc1	Καὶ ἧσσόν γε δέδειται ἐς τὸν ἔπειτα χρόνον·	καί  γε  εἰς ὁ ἔπειτα χρόνος ·
185017	tlg0057.tlg095.1st1K-grc1	ἀτὰρ καὶ ἡ μύξα πλείων ὑπείη τοῦ μετρίου, μὴ ξὺν φλεγμονῇ δὲ, οὕτως ἂν ὀλισθηρὸν εἴη.	καί ὁ μύξα πολύς ὕπειμι ὁ μέτριος , μή σύν  δέ , οὕτως ἄν ὀλισθηρός εἰμί .
185018	tlg0057.tlg095.1st1K-grc1	μυξωδέστερα γὰρ τοὐπίπαν τὰ ἄρθρα τοῖσιν ἀσάρκοισιν ἢ τοῖσι σεσαρκωμένοισίν ἐστιν.	μυξώδης γάρ ἐπίπαν ὁ ἄρθρον ὁ ἄσαρκος ἤ ὁ  εἰμί .
185019	tlg0057.tlg095.1st1K-grc1	Ἅπαντα δύναται λέγειν διττὸν ὄντα χρόνον τόν τε μετὰ τὴν ἐμβολὴν εὐθέως, ἐν ᾧ θεραπεύονται τὰ φλεγμαίνοντα μόρια καὶ τὸν τῆς διαδεχομένης αὐτὸν ἑξῆς ἀοχλήτου καταστάσεως.	δύναμαι λέγω δισσός εἰμί χρόνος ὁ τε μετά ὁ ἐμβολή εὐθύς , ἐν ὅς θεραπεύω ὁ φλεγμαίνω μόριον καί ὁ ὁ  αὐτός ἑξῆς  κατάστασις .
185020	tlg0057.tlg095.1st1K-grc1	ὁ μὲν γὰρ μετὰ τὴν ἐμβολὴν εὐθέως, ὅταν μετὰ φλεγμονῆς ᾖ, δι’ αὐτὴν ἐκείνην ἔχει ἐσφιγμένον τὸ ἄρθρον, ὡς καὶ αὐτὸς εἴρηκεν, ὁ δὲ μετὰ τὴν θεραπείαν ὅτι σύντονός ἐστιν ἐπὶ τῶν τοιούτων ἀνθρώπων ἡ τῶν μυῶν οὐσία καὶ ὅτι διὰ τὰς ἐπιγινομένας φλεγμονὰς μεγάλας οὔσας ὑπολείπεταί τις ἐν τοῖς μυσὶ σκληρότης, ὡς ὑπὸ δεσμοῦ σφίγγεται τὸ ἄρθρον.	ὁ μέν γάρ μετά ὁ ἐμβολή εὐθύς , ὅταν μετά φλεγμονή εἰμί , διά αὐτός ἐκεῖνος ἔχω  ὁ ἄρθρον , ὡς καί αὐτός λέγω , ὁ δέ μετά ὁ θεραπεία ὅτι2  εἰμί ἐπί ὁ τοιοῦτος ἄνθρωπος ὁ ὁ μῦς οὐσία καί ὅτι2 διά ὁ   μέγας εἰμί  τις ἐν ὁ  σκληρότης , ὡς ὑπό δεσμός σφίγγω ὁ ἄρθρον .
185021	tlg0057.tlg095.1st1K-grc1	Καὶ γὰρ αὗται αἱ σάρκες τῶν μὴ ἀπὸ τέχνης ὀρθῶς λελιμαγχημένων αἱ τῶν λεπτῶν μυξωδέστεραί εἰσιν ἢ αἱ τῶν παχέων.	καί γάρ οὗτος ὁ σάρξ ὁ μή ἀπό τέχνη ὀρθός  ὁ ὁ λεπτός  εἰμί τίη ὁ ὁ παχύς .
185022	tlg0057.tlg095.1st1K-grc1	ὅσοισι μέντοι ξὺν φλεγμονῇ μύξα ὑπογίνεται, ἡ φλεγμονὴ δήσασα ἔχει τὸ ἄρθρον.	ὅσος μέντοι σύν φλεγμονή μύζω ὑπογίγνομαι , ὁ φλεγμονή δέω ἔχω ὁ ἄρθρον .
185023	tlg0057.tlg095.1st1K-grc1	διὰ τοῦτο οὐ μάλα ἐκπίπτει τὰ ὑπόμυξα, ἐκπίπτοντα ἂν εἰ μή τι ἢ πλέον ἢ ἔλασσον φλεγμονῆς ὑπεγένετο·	διά οὗτος οὐ μάλα ἐκπίπτω ὁ ὑπομύζω , ἐκπίπτω ἐάν εἰ μή τις τίη πολύς ἤ ἐλάσσων φλεγμονή  ·
185024	tlg0057.tlg095.1st1K-grc1	οἷσι μὲν οὖν ὅταν ἐκπέσῃ τὸ ἄρθρον καὶ μὴ ἐπιφλεγμήνῃ τὰ περιέχοντα, χρῆσθαί τε ἀνωδύνως αὐτίκα τῷ ὤμῳ δύνανται.	ὅς μέν οὖν ὅταν ἐκπίπτω ὁ ἄρθρον καί μή ἐπιφλεγμαίνω ὁ περιέχω , χράω2 τε ἀνώδυνος αὐτίκα ὁ ὦμος δύναμαι .
185025	tlg0057.tlg095.1st1K-grc1	οὗτοι μὲν οὐδὲν νομίζουσι δεῖν ἑωυτῶν ἐπιμελεῖσθαι.	οὗτος μέν  νομίζω δέω ἑαυτοῦ ἐπιμελέομαι .
185026	tlg0057.tlg095.1st1K-grc1	ἰητροῦ μήν ἐστι καταμαντεύσασθαι τῶν τοιούτων.	μήν εἰμί  ὁ τοιοῦτος .
185027	tlg0057.tlg095.1st1K-grc1	τοῖσι τοιούτοισιν ἐκπίπτει καὶ αὖθις μᾶλλον καὶ οἷσιν ἂν ἐπιφλεγμήνῃ τὰ νεῦρα, τοῦτο κατὰ πάντα τῷ ἀνθρώπῳ οὕτως ἔχει καὶ μάλιστα κατ’ ὦμον καὶ κατὰ γόνυ.	ὁ τοιοῦτος ἐκπίπτω καί αὖθις μᾶλλον καί ὅς ἄν ἐπιφλεγμαίνω ὁ νεῦρον , οὗτος κατά πᾶς τῷ ἄνθρωπος οὕτως ἔχω καί μάλιστα κατά ὦμος καί κατά γόνυ .
185028	tlg0057.tlg095.1st1K-grc1	μάλιστα γὰρ οὖν καὶ ὀλισθαίνῃ ταῦτα.	μάλιστα γάρ οὖν καί  οὗτος .
185029	tlg0057.tlg095.1st1K-grc1	οἶσι δ’ ἂν ἐπιφλεγμήνῃ τὰ νεῦρα οὐ δύνανται χρέεσθαι τῷ ὤμῳ·	ἄν ἐπιφλεγμαίνω ὁ νεῦρον οὐ δύναμαι χράομαι τῷ ὦμος ·
185030	tlg0057.tlg095.1st1K-grc1	κωλύει γὰρ ἡ ὀδύνη καὶ ἡ ξύντασις τῆς φλεγμονῆς.	κωλύω γάρ ὁ ὀδύνη καί ὁ σύντασις ὁ φλεγμονή .
185031	tlg0057.tlg095.1st1K-grc1	τοὺς οὖν τοιούτους ἰᾶσθαι χρὴ κηρωτῇ καὶ σπλήνεσι καὶ ὀθονίοισι πολλοῖσιν ὑποδέοντα.	ὁ οὖν τοιοῦτος ἰάομαι χρή κηρωτή καί  καί  πολύς  .
185032	tlg0057.tlg095.1st1K-grc1	ὑποτιθέναι δὲ ἐς τὴν μασχάλην εἴριον μαλθακὸν, καθαρὸν ξυνειλίσαντα, ἐκπλήρωμα τοῦ κοίλου ποιέοντα, ἵνα ἀντιστήριγμα μὲν τῇ ἐπιδέσει ἔῃ, ἀνακωχέῃ δὲ τὸ ἄρθρον.	δέ εἰς ὁ μασχάλη ἔριον μαλθακός , καθαρός  , ἐκπλήρωμα ὁ κοῖλος ποιέω , ἵνα  μέν ὁ ἐπίδεσις εἰμί ,  δέ ὁ ἄρθρον .
185033	tlg0057.tlg095.1st1K-grc1	τὸν δὲ βραχίονα ἐς τὸ ἄνω ῥέποντα ἴσχειν χρὴ τὰ πλεῖστα, οὕτω γὰρ ἂν οἵη ἑκάστῳ εἴη χωρίου, ἐς ὃ ὄλισθεν ἡ κεφαλὴ τοῦ ὤμου.	ὁ δέ βραχίων εἰς ὁ ἄνω2 ῥέπω ἴσχω χρή ὁ πλεῖστος , οὕτως γάρ ἄν οἷος ἕκαστος εἰμί χωρίον , εἰς   ὁ κεφαλή ὁ ὦμος .
185034	tlg0057.tlg095.1st1K-grc1	χρὴ δὲ ὅταν ἐπιδήσῃς τὸν ὦμον ἔπειτα προσκαταδεῖν τὸν βραχίονα πρὸς τὰς πλευρὰς ταινίῃ τινὶ κύκλῳ περὶ τὸ σῶμα περιβάλλοντα.	χρή δέ  ἐπιδέω ὁ ὦμος ἔπειτα προσκαταδέω ὁ βραχίων πρός ὁ πλευρά   κύκλος περί ὁ σῶμα περιβάλλω .
185035	tlg0057.tlg095.1st1K-grc1	Ὅσοι διὰ λιμὸν ἢ διὰ πολιορκίαν ἢ πένθος ἢ λύπην ἢ ἀνορεξίαν ἐνδεῶς προσφερόμενοι τροφὴν ἐλεπτύνθησαν, οὐκ εὐθέως αἱ σάρκες αὐτοῖς γίνονται ξηραὶ, καθάπερ τοῖς ὑπὸ τέχνης ὀρθῶς λελιμαγχημένοις.	διά  τίη διά πολιορκία τίη πένθος τίη λύπη τίη  ἐνδεής προσφέρω τροφή  , οὐ εὐθύς ὁ σάρξ αὐτός γίγνομαι ξηρός , καθά ὁ ὑπό τέχνη ὀρθός  .
185036	tlg0057.tlg095.1st1K-grc1	ἀλλ’ ὑγροτέρας τοὐπίπαν ἐν ἁπάσαις εἴρηκε περιστάσεσιν ἀποτελούσας συντήξεων τινῶν ἐν αὐταῖς γιγνομένων διὰ τὴν ἔνδειαν.	ἀλλά  ἐπίπαν ἐν  λέγω     ἐν αὐτός  διά ὁ ἔνδεια .
185037	tlg0057.tlg095.1st1K-grc1	οἶς δὲ καὶ λυπεῖσθαι πρόσεστι καὶ μᾶλλον οὗτοι συντήκονται δὴ καὶ μελεδόνας οἱ ποιηταὶ τὰς λύπας καλοῦσιν ἐν ἴσῳ τὰ μέλη ἐδούσας καὶ κατεσθιούσας.	δέ καί λυπέω πρόσειμι καί μᾶλλον οὗτος συντήκω δή καί  ὁ ποιητής ὁ λύπη καλέω ἐν ἴσος ὁ μέλος  καί  .
185038	tlg0057.tlg095.1st1K-grc1	συντήκεται δὲ ἐν αὐταῖς ἥ τε πιμελὴ πᾶσα καὶ ὅση μαλθακὴ καὶ ὅση νεοπαγής ἐστι σάρξ.	συντήκω δέ ἐν αὐτός ὁ τε πιμελή πᾶς καί ὅσος  καί ὅσος  εἰμί σάρξ .
185039	tlg0057.tlg095.1st1K-grc1	ὅταν δὲ ἰατρὸς ἑκὼν ἰσχνότερον ἐργάζηταί τι, σῶμα μέν εὑρημένοις τε τοῦτο πράττῃ καὶ μετὰ τοῦτο τρίβει ὅτε χρή.	ὅταν δέ ἰατρός ἑκών ἰσχνός  τις , σῶμα μέν  τε οὗτος πράσσω καί μετά οὗτος τρίβω ὅτε χρή .
185040	tlg0057.tlg095.1st1K-grc1	εἴ τις γένοιτο σύντηξις, ἐκκενοῦν αὐτὴν εἴτε διὰ τῶν ἱδρώτων αἰσθητῶς ἢ λόγῳ θεωρητῶς κατὰ τὴν ἄδηλον αἰσθήσει διαπνοήν.	εἰ τις γίγνομαι σύνταξις ,  αὐτός εἴτε διά ὁ ἱδρώς αἰσθητός τίη λόγος  κατά ὁ ἄδηλος αἴσθησις διαπνοή .
185041	tlg0057.tlg095.1st1K-grc1	εἰκὸς δὲ δήπου καὶ τῶν ἐδεσμάτων τε καὶ πομάτων οὐκ ἀμελῶς ἔχειν αὐτὸν, ἀλλὰ καὶ διὰ τούτων ἐπιχειρεῖν εὐλύτους ἐργάζεσθαι τὰς ἐκκρίσεις ἁπάσας, οὐ μόνον ὅσαι διὰ τῆς γαστρὸς, ἀλλὰ καὶ διὰ τῶν οὔρων γιγνομένας.	ἔοικα δέ  καί ὁ ἔδεσμα τε καί  οὐ ἀμελής ἔχω αὐτός , ἀλλά καί διά οὗτος ἐπιχειρέω εὔλυτος ἐργάζομαι ὁ  ἅπας , οὐ μόνος ὅσος διά ὁ γαστήρ , ἀλλά καί διά ὁ ὅρος  .
185042	tlg0057.tlg095.1st1K-grc1	οὕτω γὰρ ἂν μάλιστα πανταχόθεν, εἴ τις εἵη κατὰ τὸ σῶμα διὰ τὴν σύντηξιν ὑγρότης περὶ τὴν κένωσιν ἔξω τοῦ σώματος ποιοῖτο.	οὕτως γάρ ἄν μάλιστα πανταχόθεν , εἰ τις ἵημι κατά ὁ σῶμα διά ὁ σύνταξις  περί ὁ κένωσις ἔξω ὁ σῶμα ποιέω .
185043	tlg0057.tlg095.1st1K-grc1	μένουσα γὰρ ἔνδον ὑπομυξώδεις τῷ χρόνῳ τὰς σάρκας ἐργάζεται, κατὰ τὴν ἄδηλον διαπνοὴν ἄνευ τῶν ἄλλων μᾶλλον γιγνομένην.	μένω γάρ ἔνδον  τῷ χρόνος ὁ σάρξ ἐργάζομαι , κατά ὁ ἄδηλος διαπνοή ἄνευ ὁ ἄλλος μᾶλλον  .
185044	tlg0057.tlg095.1st1K-grc1	ὅσον μὲν γὰρ ἀκριβῶς λεπτόν ἐστι καὶ ὀῤῥῶδες ἐν τοῖς συντήγμασιν ἀπέρχεταί τε καὶ διαφορεῖται.	ὅσος μέν γάρ ἀκριβής λεπτός εἰμί καί  ἐν ὁ   τε καί  .
185045	tlg0057.tlg095.1st1K-grc1	τὸ δὲ ὑποπαχύτερον ὑπομένει μόνον, ὅπερ ἑνὶ τῷ χρόνῳ γλισχρότητά τινα προσλαμβάνον ὅμοιον μύξῃ γίγνεται.	ὁ δέ  ὑπομένω μόνος , ὅς  τῷ χρόνος  τις  ὅμοιος  γίγνομαι .
185046	tlg0057.tlg095.1st1K-grc1	Χρὴ δὲ καὶ ἀνατρίβειν τὸν ὦμον ἡσυχέως καὶ λιπαρῶς.	δέ καί ἀνατρίβω ὁ ὦμος  καί λιπαρής .
185047	tlg0057.tlg095.1st1K-grc1	πολλῶν δὲ ἔμπειρον δεῖ εἶναι τὸν ἰατρὸν, ἀτὰρ δὴ καὶ ἀνατρίψιος·	πολύς δέ ἔμπειρος δέω εἰμί ὁ ἰατρός ,  δή καί  ·
185048	tlg0057.tlg095.1st1K-grc1	ἀπὸ γὰρ τοῦ αὐτοῦ ὀνόματος οὐ τὸ αὐτὸ ἀποβαίνει.	ἀπό γάρ ὁ αὐτός ὄνομα οὐ ὁ αὐτός ἀποβαίνω .
185049	tlg0057.tlg095.1st1K-grc1	καὶ γὰρ ἂν δήσειεν ἄρθρον ἀνάτριψις χαλαρώτερον τοῦ καιροῦ ἐὸν καὶ λύσειεν ἄρθρον σκληρότερον τοῦ καιροῦ ἐόν.	καί γάρ ἄν δέω ἄρθρον ἀνάτριψις  ὁ καιρός εἰμί καί λύω ἄρθρον  ὁ καιρός εἰμί .
185050	tlg0057.tlg095.1st1K-grc1	ἄλλα διοριεῖται ἡμῖν περὶ ἀνατρίψιος ἐν ἄλλῳ λόγῳ.	ἄλλος   περί  ἐν ἄλλος λόγος .
185051	tlg0057.tlg095.1st1K-grc1	τὸν γοῦν τοιοῦτον ὦμον μαλθακοῖσι χρὴ χερσὶν ἀνατρίβειν, συμφέρει γὰρ καὶ ἄλλως πρῃέως.	ὁ γοῦν τοιοῦτος ὦμος μαλθακός χρή χείρ ἀνατρίβω , συμφέρω γάρ καί ἄλλος  .
185052	tlg0057.tlg095.1st1K-grc1	Εἰς τὸ μηδὲν ὑπολειφθῆναι λείψανον τῆς φλεγμονῆς σκιῤῥῶδες ἐπιτήδειός ἐστιν ἡσύχως τε καὶ λιπαρῶς ἡ τρίψις γιγνομένη.	ὁ  ὑπολείπω  ὁ φλεγμονή  ἐπιτήδειος εἰμί ἥσυχος τε καί λιπαρής ὁ τρῖψις  .
185053	tlg0057.tlg095.1st1K-grc1	χρὴ δ’ αὐτὴν ποιεῖσθαι πολυειδῶς, περιφέρεσθαι τὰς χεῖρας ἄνωθέν τε κάτω καὶ κάτωθεν ἄνω·	χρή  αὐτός ποιέω πολυειδής , περιφέρω ὁ χείρ ἄνωθεν τε κάτω καί κάτωθεν ἄνω2 ·
185054	tlg0057.tlg095.1st1K-grc1	κἄπειτα λοξὰς οὐ κάτωθεν ἄνω μόνον, ἀλλὰ καὶ ἄνωθεν κάτω.	ἔπειτα  οὐ κάτωθεν ἄνω2 μόνος , ἀλλά καί ἄνωθεν κάτω .
185055	tlg0057.tlg095.1st1K-grc1	καὶ μὲν δὴ καὶ τὰς ἐν κύκλῳ τε καὶ οἷον ἐγκαρσίας ἀπό τε τῶν δεξιῶν ἐπὶ τὰ ἀριστερὰ καὶ αὖθις ἐπ’ ἐκείνων ἐπὶ τὰ δεξιὰ, χάριν τοῦ τὰς ἶνας ἁπάσας μαλάττεσθαι τῶν μυῶν.	καί μέν δή καί ὁ ἐν κύκλος τε καί οἷος  ἀπό τε ὁ δεξιά ἐπί ὁ ἀριστερός καί αὖθις ἐπί ἐκεῖνος ἐπί ὁ δεξιός , χάριν ὁ ὁ ἴς ἅπας  ὁ μῦς .
185056	tlg0057.tlg095.1st1K-grc1	τὸ γὰρ τῆς ἀνατρίψεως ὄνομα τοῖς παλαιοῖς ἀντὶ τοῦ τῆς τρίψεως ἐλέγετο.	ὁ γάρ ὁ  ὄνομα ὁ  ἀντί ὁ ὁ τρῖψις λέγω .
185057	tlg0057.tlg095.1st1K-grc1	μὴ τοίνυν ὑπονοήσῃς πῶς ἔδοξάν τινες ἀξιοῦν αὐτὸν ἐκ τῶν κάτω μερῶν ἄνω ποιεῖσθαι τὴν φορὰν τῶν χειρῶν, ὁπότε τὸν ὦμον ἀνατρίβομεν, ἀλλὰ τὸ ἀνατρίβειν αὐτὸ συμβαίνει ὅλου τοῦ γένους τῶν τρίψεων ὂν δηλωτικὸν οὐ μιᾶς διαφορᾶς τῆς κάτωθεν ἄνω.	μή τοίνυν  πῶς δοκέω τις ἀξιόω αὐτός ἐκ ὁ κάτω μέρος ἄνω2 ποιέω ὁ φορά ὁ χείρ , ὁπότε ὁ ὦμος  , ἀλλά ὁ ἀνατρίβω αὐτός συμβαίνω  ὁ γένος ὁ  εἰμί  οὐ  διαφορά ὁ κάτωθεν ἄνω2 .
185058	tlg0057.tlg095.1st1K-grc1	δῆλον δὲ τοῦτο ποιεῖ λέγων αὐτὸς, ἀλλὰ διώρισται περὶ ἀνατρίψεως ἐν ἄλλῳ λόγῳ·	δῆλος δέ οὗτος ποιέω λέγω αὐτός , ἀλλά διορίζω περί  ἐν ἄλλος λόγος ·
185059	tlg0057.tlg095.1st1K-grc1	οὐ γὰρ δήπου τὸν περὶ μιᾶς διαφορᾶς λόγον ἐρεῖν ἐπαγγέλλεται, τὰς ἄλλας λιπών.	οὐ γάρ  ὁ περί  διαφορά λόγος ἐρέω ἐπαγγέλλω , ὁ ἄλλος λείπω .
185060	tlg0057.tlg095.1st1K-grc1	καὶ μέντοι κἀν τῷ κατ’ ἰητρεῖον ἁπάσας ἐδήλωσεν αὐτὰς ὀνομάζων κἀκεῖ τὸ γένος ὅλον, ἀνάτριψις δύναται λύσαι, δῆσαι, σαρκῶσαι, μινυθῆσαι καὶ τὰ τούτοις ἐφεξῆς, ὑπὲρ ὧν ἐν τε τοῖς εἰς ἐκεῖνο τὸ βιβλίον ὑπομνήμασι λέλεκται καὶ μέντοι κατὰ τὴν ὑγιεινὴν πραγματείαν εἴρηται τελεώτατα.	καί  ἐν τῷ κατά ἰατρεῖον ἅπας δηλόω αὐτός ὀνομάζω ἐκεῖ ὁ γένος ὅλος ,  δύναμαι  , δέω , σαρκόω , μινυθέω καί ὁ οὗτος ἐφεξῆς , ὑπέρ ὅς ἐν τε ὁ εἰς ἐκεῖνος ὁ βιβλίον ὑπόμνημα λέγω καί  κατά ὁ ὑγιεινός πραγματεία λέγω τέλειος .
185061	tlg0057.tlg095.1st1K-grc1	Τὸ δὲ ἄρθρον διακινέειν μὴ βίῃ, ἀλλὰ τοσοῦτον, ὅσον ἀνωδύνως κινήσεται.	δέ ἄρθρον διακινέω μή βία , ἀλλά τοσοῦτος , ὅσος ἀνώδυνος κινέω .
185062	tlg0057.tlg095.1st1K-grc1	καθίσταται δὲ πάντα τὰ μὲν ἐν πλείονι χρόνῳ, τὰ δ’ ἐν ἐλάσσονι.	καθίστημι δέ πᾶς ὁ μέν ἐν  χρόνος , ὁ  ἐν ἐλάσσων .
185063	tlg0057.tlg095.1st1K-grc1	Οὐδέν ἐστι χρησιμώτερον τῆς τοιαύτης κινήσεως ἐν παρακμαζούσαις φλεγμοναῖς.	οὐδείς εἰμί χρήσιμος ὁ τοιοῦτος κίνησις ἐν  φλεγμονή .
185064	tlg0057.tlg095.1st1K-grc1	λύει γὰρ αὐτῶν τὸ λείψανον ἅπαν, ἐξ οὗ πέφυκεν ἀμεληθέντος ἀγκυλοῦσθαί τε καὶ δεσμεῖσθαι τὰ ἄρθρα, καλοῦσι γὰρ ἑκατέρως τὸ πάθημα.	λύω γάρ αὐτός ὁ λείψανον ἅπας , ἐκ οὗ2 φύω ἀμελέω  τε καί  ὁ ἄρθρον , καλέω γάρ ἑκάτερος ὁ πάθημα .
185065	tlg0057.tlg095.1st1K-grc1	Γινώσκειν δὲ εἰ ἐκπέπτωκεν ὁ βραχίων τούτοισι χρὴ τοῖσι σημείοισι.	δέ εἰ ἐκπίπτω ὁ  οὗτος χρή ὁ  .
185066	tlg0057.tlg095.1st1K-grc1	Κἀν τῷ περὶ τῶν ἀγμῶν ἐπὶ τοὺς ἁμαρτάνοντας ἧκε τῷ λόγῳ προτέρους καὶ νῦν οὕτω πράξας, ἐπειδὴ συνάψας τῷ πρὸς ἐκείνους ἐλέγχῳ καὶ περὶ τῆς ἐμβολῆς εἶπεν, οὐ μόνον ἑπομένοις τοῖς εἰρημένοις, ἀλλὰ καὶ μαρτυροῦσιν, ἐπ’ ἐκείνην ἀφίκετο προτέραν, εἶθ’ ἑξῆς νῦν διδάσκει τὰ γνωρίσματα τοῦ κατ’ ὦμον ὀλισθήματος.	ἐν τῷ περί ὁ ἀγμός ἐπί ὁ ἁμαρτάνω ἵημι τῷ λόγος πρότερος καί νῦν οὕτως πράσσω , ἐπεί συνάπτω τῷ πρός ἐκεῖνος ἔλεγχος καί περί ὁ ἐμβολή λέγω , οὐ μόνος  ὁ λέγω , ἀλλά καί μαρτυρέω , ἐπί ἐκεῖνος ἀφικνέομαι πρότερος ,  ἑξῆς νῦν διδάσκω ὁ γνώρισμα ὁ κατά ὦμος ὀλίσθημα .
185067	tlg0057.tlg095.1st1K-grc1	ἐπὶ μὲν τῶν ἔργων τῆς τέχνης ἐξ ἀνάγκης προηγούμενα, κατὰ δὲ τὴν διδασκαλίαν οὐκ ἐξ ἀνάγκης.	ἐπί μέν ὁ ἔργον ὁ τέχνη ἐκ ἀνάγκη  , κατά δέ ὁ διδασκαλία οὐ ἐκ ἀνάγκη .
185068	tlg0057.tlg095.1st1K-grc1	ἔστω δέ σοι τὸ γνώρισμα τῶν ἑπομένων ἢ προηγουμένων ἐξ ἀνάγκης τὸ μὴ δύνασθαι καλῶς ἤτοι πραχθῆναι τὸ ἑπόμενον ἔργον ἢ νοηθῆναι τὸ μάθημα, πρὶν γνωρισθῆναι τὸ ἡγούμενον.	εἰμί δέ  ὁ γνώρισμα ὁ  τίη  ἐκ ἀνάγκη ὁ μή δύναμαι καλός ἤτοι πράσσω ὁ  ἔργον ἤ νοέω ὁ μάθημα , πρίν γνωρίζω ὁ  .
185069	tlg0057.tlg095.1st1K-grc1	ἡ τοίνυν ἐμβολὴ τῶν ἐξηρθρηκότων πρὸ μὲν τοῦ νοηθῆναι τὴν μετάστασιν τοῦ ἐκπεσόντος εἰς τὶ χωρίον ἐγένετο, διδαχθῆναι σαφῶς οὐ δύναται, πρὶν μέντοι τὰ σημεῖα μαθεῖν αὐτῆς, ἐγχωρεῖ διδαχθῆναι.	ὁ τοίνυν ἐμβολή ὁ  πρό μέν ὁ νοέω ὁ μετάστασις ὁ ἐκπίπτω εἰς  χωρίον γίγνομαι , διδάσκω σαφής οὐ δύναμαι , πρίν  ὁ σημεῖον μανθάνω αὐτός , ἐγχωρέω διδάσκω .
185070	tlg0057.tlg095.1st1K-grc1	μόνον γοῦν τοῦτο μεμαθηκότος ἐν ἀρχῇ τοῦ λόγου τὸ γίγνεσθαι τὴν ἔκπτωσιν εἰς μασχάλην, αὐτοί γ·	μόνος γοῦν οὗτος μανθάνω ἐν ἀρχή ὁ λόγος ὁ γίγνομαι ὁ  εἰς μασχάλη , αὐτός  ·
185071	tlg0057.tlg095.1st1K-grc1	ἐπινοῆσαι τὴν ἐμβολὴν ἐδυνάμεθα καὶ διδάσκοντος ἑτέρου μαθεῖν, οὐ μὴν ἄνευ τοῦ γνῶναι σαφῶς ὅτι εἰς μασχάλην ἔκπτωσις γίγνεται πρὸ τοῦ γνῶναι τὴν φύσιν ἅπασαν τῆς διαρθρώσεως.	ἐπινοέω ὁ ἐμβολή  καί διδάσκω ἕτερος μανθάνω , οὐ μήν ἄνευ ὁ γιγνώσκω σαφής ὅτι2 εἰς μασχάλη ἔκπτωσις γίγνομαι πρό ὁ γιγνώσκω ὁ φύσις ἅπας ὁ  .
185072	tlg0057.tlg095.1st1K-grc1	εἰ μὲν οὖν τις εἰπὼν ἐμβολὴν ἐφεξῆς διδάσκει ποίας διαφορὰς ὀλισθήματος εἴρηκεν ἐμβολὴν, ἐναλλάττει τάξιν ἀναγκαίαν, ὥσπερ εἰ καὶ ὅσον τις ἐπὶ τὴν διαφορὰν τῆς ἐκπτώσεως ἀφικόμενος ἐν τῇ διδασκαλίᾳ πρότερον αὐτῆς ἐπὶ τὴν φύσιν ἔρχεται τῆς διαρθρώσεως.	εἰ μέν οὖν τις λέγω ἐμβολή ἐφεξῆς διδάσκω ποιός διαφορά ὀλίσθημα λέγω ἐμβολή ,  τάξις ἀναγκαῖος , ὥσπερ εἰ καί ὅσος τις ἐπί ὁ διαφορά ὁ ἔκπτωσις ἀφικνέομαι ἐν ὁ διδασκαλία πρότερος αὐτός ἐπί ὁ φύσις ἔρχομαι ὁ  .
185073	tlg0057.tlg095.1st1K-grc1	εἰ γὰρ ὅλως ἐνόησέ τις ὅπως εἰς μασχάλην ἔκπτωσις γίγνεται περιττὸν αὐτῷ διδάσκεσθαι τὴν φύσιν τῆς διαρθρώσεως.	εἰ γάρ ὅλος  τις ὅπως εἰς μασχάλη ἔκπτωσις γίγνομαι  αὐτός διδάσκω ὁ φύσις ὁ  .
185074	tlg0057.tlg095.1st1K-grc1	εἰ, δὲ πρώτην μὲν ἀκουστέον, ὡς μάθοι ταύτην ὁποία τίς ἐστιν, ἐφεξῆς δὲ τὴν ἔκπτωσιν, οὐδὲν ἐνδεῖ τοῦτο πρὸς τὴν τῆς ἐμβολῆς διδασκαλίαν.	εἰ , δέ πρῶτος μέν ἀκούω , ὡς μανθάνω οὗτος ὁποῖος τις εἰμί , ἐφεξῆς δέ ὁ  , οὐδείς ἐνδέω οὗτος πρός ὁ ὁ ἐμβολή διδασκαλία .
185075	tlg0057.tlg095.1st1K-grc1	ἀμέλει καὶ νῦν ἡμῖν οὐδὲν ἐνενόησεν εἰς τὴν τῶν ἐμβολῶν νόησιν ἡ τῶν σημείων ἄγνοια καὶ τοῦτο ἐν πάσῃ διδασκαλίᾳ θεραπείας ἐστί.	ἀμέλει καί νῦν ἐγώ  ἐννοέω εἰς ὁ ὁ ἔμβολος νόησις ὁ ὁ σημεῖον ἄγνοια καί οὗτος ἐν πᾶς διδασκαλία θεραπεία εἰμί .
185076	tlg0057.tlg095.1st1K-grc1	δύναται γάρ τις ἥπατος φλεγμονῆς διδάσκεσθαι θεραπείαν ἢ κοιλίας ἢ νεφρῶν ἢ κώλου πρὸ τῆς διαγνώσεως τῶν ἐν αὐτοῖς παθῶν, οὐ μὴν θεραπεῦσαι δύναται πρὸ τῆς διαγνώσεως, ὥσπερ οὐ κατὰ μέθοδον ἢ εὑρεῖν τὴν θεραπείαν ἢ διδαχθῆναι πρὸς ἑτέρου, πρὶν ἀκριβῶς γνῶναι τοῦ θεραπευομένου μορίου τὴν φύσιν.	δύναμαι γάρ τις ἥπατος φλεγμονή διδάσκω θεραπεία τίη κοιλία τίη  ἤ  πρό ὁ διάγνωσις ὁ ἐν αὐτός  , οὐ μήν θεραπεύω δύναμαι πρό ὁ διάγνωσις , ὥσπερ οὐ κατά μέθοδος ἤ εὑρίσκω ὁ θεραπεία ἤ διδάσκω πρός ἕτερος , πρίν ἀκριβής γιγνώσκω ὁ θεραπεύω μόριον ὁ φύσις .
185077	tlg0057.tlg095.1st1K-grc1	Τοῦτο μὲν ἐπειδὴ δίκαιον ἔχουσι τὸ σῶμα οἱ ἄνθρωποι καὶ τὰς χεῖρας καὶ τὰ σκέλεα παραδείγματι χρέεσθαι δεῖ τῷ ὑγιεῖ πρὸς τὸ μὴ ὑγιὲς καὶ τῷ μὴ ὑγιεῖ πρὸς τὸ ὑγιὲς μήτ’ ἀλλότρια ἄρθρα καθορῶντα.	οὗτος μέν ἐπεί δίκαιος ἔχω ὁ σῶμα ὁ ἄνθρωπος καί ὁ χείρ καί ὁ  παράδειγμα χράομαι δέω τῷ  πρός ὁ μή ὑγιής καί τῷ μή  πρός ὁ ὑγιής  ἀλλότριος ἄρθρον καθοράω .
185078	tlg0057.tlg095.1st1K-grc1	Τὸ ἀκριβῶς ἴσον ἑκατέρωθεν ἐκ δεξιῶν γε καὶ ἀριστερῶν δίκαιον ὠνόμασεν, ἐπεὶ δὲ τῶν κώλων ἰδέαι διαφέρουσαι τοῖς ἀνθρώποις εἰσὶν, ἀξιοῖ παραβάλλεσθαι τὸ τοῦ πεπονθότος αὐτοῦ κῶλον ὁμόζυγον ἐξ ἐκείνου τε τεκμαίρεσθαι πόσον ἐξήλλακται τοῦ κατὰ φύσιν.	ἀκριβής ἴσος ἑκατέρωθεν ἐκ δεξιός γε καί  δίκαιος ὀνομάζω , ἐπεί δέ ὁ κῶλον ἰδέα διαφέρω ὁ ἄνθρωπος εἰμί , ἀξιόω παραβάλλω ὁ ὁ πάσχω αὐτός κῶλον  ἐκ ἐκεῖνος τε τεκμαίρομαι ποσός  ὁ κατά φύσις .
185079	tlg0057.tlg095.1st1K-grc1	Ἄλλοι γὰρ ἄλλων μᾶλλον ἔξαρθροι πεφύκασιν, ἄλλα τὰ αὐτὰ τοῦ κάμνοντος, ἢν ἀνόμοιον ἔῃ τὸ ὑγιὲς τῷ κάμνοντι.	γάρ ἄλλος μᾶλλον ἔξαρθρος φύω , ἄλλος ὁ αὐτός ὁ κάμνω , ἐάν ἀνόμοιος εἰμί ὁ ὑγιής τῷ κάμνω .
185080	tlg0057.tlg095.1st1K-grc1	Τοὺς ἐκκείμενα καὶ προὔχοντα κεκτημένους τὰ ἄρθρα κέκληκεν ἐξάρθρους ἐν αὐτῷ τῷ κατὰ φύσιν ἔχειν.	καί προέχω  ὁ ἄρθρον καλέω  ἐν αὐτός τῷ κατά φύσις ἔχω .
185081	tlg0057.tlg095.1st1K-grc1	Καὶ τοῦτο εἰρήσεται μὲν ὀρθῶς, παραξύνεσιν δὲ ἔχει πάνυ πολλήν.	καί οὗτος ἔρομαι μέν ὀρθός , παρασύνεσις δέ ἔχω πάνυ πολύς .
185082	tlg0057.tlg095.1st1K-grc1	διὰ τὰ τοιαῦτα καὶ οὐκ ἀρκέει μοῦνον λόγῳ εἰδέναι τὴν τέχνην ταύτην, ἀλλὰ καὶ ὁμιλίῃ ὁμιλέειν.	διά ὁ τοιοῦτος καί οὐ ἀρκέω μόνος λόγος οἶδα ὁ τέχνη οὗτος , ἀλλά καί ὁμιλία ὁμιλέω .
185083	tlg0057.tlg095.1st1K-grc1	Οὐχ ἁπλῶς ἅπασαν ἄγνοιαν ὀνομάζει παρασύνεσιν, ἀλλὰ τὴν παρακειμένην τε καὶ τὴν πλησιάζουσαν τῇ γνώσει.	οὐ ἁπλόος ἅπας ἄγνοια ὀνομάζω  , ἀλλά ὁ  τε καί ὁ πλησιάζω ὁ γιγνώσκω .
185084	tlg0057.tlg095.1st1K-grc1	διδάξει δ’ αὐτὸς διὰ τῶν ἐφεξῆς, ὅπως ἐξαπατᾶσθαι συμβαίνει τοῖς ἐνίοτε παραβάλλουσι τὸ ἐφεξῆς τὸ ὑγιὲς τῷ πεπονθότι.	διδάσκω  αὐτός διά ὁ ἐφεξῆς , ὅπως ἐξαπατάω συμβαίνω ὁ ἐνίοτε παραβάλλω ὁ ἐφεξῆς ὁ ὑγιής τῷ πάσχω .
185085	tlg0057.tlg095.1st1K-grc1	Πολλοὶ γὰρ ὑπὸ ὀδύνης ἢ ὑπ’ ἀλλοίης προφάσιος οὐκ ἐξεστεώτων αὐτέοισι τῶν ἄρθρων.	πολύς γάρ ὑπό ὀδύνη τίη ὑπό  πρόφασις οὐ ἐξίστημι αὐτός ὁ ἄρθρον .
185086	tlg0057.tlg095.1st1K-grc1	ὅμως οὐ δύνανται ἐς τὰ ὅμοια σχήματα καθιστάναι, ἐς οἶά περ τὸ ὑγιαῖνον σῶμα σχηματίζεται.	ὅμως οὐ δύναμαι εἰς ὁ ὅμοιος σχῆμα καθίστημι , εἰς  περ ὁ  σῶμα σχηματίζω .
185087	tlg0057.tlg095.1st1K-grc1	προξυνιέναι δὲ δεῖ οὖν καὶ ἐννοεῖν καὶ τὸ τοιόνδε σχῆμα χρὴ, ἀτὰρ καὶ ἐν τῇ μασχάλῃ ἡ κεφαλὴ τοῦ βραχίονος φαίνεται ἐγκειμένη, πολλῷ μᾶλλον τοῦ ἐκπεπτωκότος ἢ τοῦ ὑγιέος.	δέ δέω οὖν καί ἐννοέω καί ὁ τοιόσδε σχῆμα χρή ,  καί ἐν ὁ μασχάλη ὁ κεφαλή ὁ βραχίων φαίνω  , πολύς μᾶλλον ὁ ἐκπίπτω ἤ ὁ ὑγιής .
185088	tlg0057.tlg095.1st1K-grc1	τοῦτο δὲ ἄνωθεν κατὰ τὴν ἐπωμίδα κοῖλον φαίνεται τὸ χωρίον καὶ τὸ τοῦ ἀκρωμίου ὀστέου ἐξέχον φαίνεται, ἅτε ὑποδεδυκότος τοῦ ἄρθρου ἐς τὸ κάτω τοῦ χωρίου.	οὗτος δέ ἄνωθεν κατά ὁ ἐπωμίς κοῖλος φαίνω ὁ χωρίον καί ὁ ὁ   ἐξέχω φαίνω , ἅτε ὑποδύω ὁ  εἰς ὁ κάτω ὁ χωρίον .
185089	tlg0057.tlg095.1st1K-grc1	Μίαν μὲν τήνδε παρασύνεσιν, ὧς αὐτὸς ὠνόμασεν, ἐδίδαξεν ἐν τῷ νῦν λόγῳ περὶ τὰ σχήματα γιγνομένην, ἐνίοτε γὰρ οὐ δύνανταί τινα σχήματα περιτιθέναι τοῖς πεπονθόσι κώλοις.	μέν   , ὡς αὐτός ὀνομάζω , διδάσκω ἐν τῷ νῦν λόγος περί ὁ σχῆμα  , ἐνίοτε γάρ οὐ  τις σχῆμα  ὁ   .
185090	tlg0057.tlg095.1st1K-grc1	οἱ κάμνοντες δὲ οὐ δι’ ἔκπτωσιν ἄρθρου τοῦτο πάσχουσι, ἀλλὰ δι’ ὀδύνην ἢ σύστασιν μυός.	ὁ κάμνω δέ οὐ διά   οὗτος πάσχω , ἀλλά διά ὀδύνη ἤ σύστασις μῦς .
185091	tlg0057.tlg095.1st1K-grc1	ἐφεξῆς δὲ ἑτέραν ἄγνοιαν διδάσκει.	ἐφεξῆς δέ ἕτερος ἄγνοια διδάσκω .
185092	tlg0057.tlg095.1st1K-grc1	Παραξύνεσιν μὲν καὶ ἐν τούτῳ ἔχει τινὰ, ἀλλ’ ὕστερον περὶ αὐτοῦ γεγράψεται, ἄξιον γὰρ γραφῆς ἐστι.	μέν καί ἐν οὗτος ἔχω  , ἀλλά ὕστερον περί αὐτός  , ἄξιος γάρ γραφή εἰμί .
185093	tlg0057.tlg095.1st1K-grc1	Τὸ κατὰ τὴν ἐπωμίδα κοῖλον φαίνεσθαι τὸ χωρίον, ἔχειν τινὰ διαμαρτίαν φησὶν, ἣν ὕστερον ἐρεῖν ἐπαγγέλλεται.	κατά ὁ ἐπωμίς κοῖλος φαίνω ὁ χωρίον , ἔχω  διαμαρτία φημί , ὅς ὕστερον  ἐπαγγέλλω .
185094	tlg0057.tlg095.1st1K-grc1	γίγνεται γὰρ ἐνίοτε τοῦτο διασπασθείσης τῆς κλειδὸς ἀπὸ τῆς ὠμοπλάτης.	γίγνομαι γάρ ἐνίοτε οὗτος διασπάω ὁ κλείς ἀπό ὁ ὠμοπλάτη .
185095	tlg0057.tlg095.1st1K-grc1	Τοῦτο δὲ τοῦ ἐκπεπτωκότος ὁ ἀγκὼν φαίνεται ἀφεστεὼς μᾶλλον ἀπὸ τῶν πλευρέων ἢ τοῦ ἑτέρου.	οὗτος δέ ὁ ἐκπίπτω ὁ  φαίνω ἀφίστημι μᾶλλον ἀπό ὁ  ἤ ὁ ἕτερος .
185096	tlg0057.tlg095.1st1K-grc1	εἰ μέντοι τις προσαναγκάζοι, προσάγεται μὲν, ἐπιπόνως δέ.	εἰ μέντοι τις προσαναγκάζω , προσάγω μέν , ἐπίπονος δέ .
185097	tlg0057.tlg095.1st1K-grc1	Τοῦτο σημεῖον ἔχει παρακείμενον σφάλμα καὶ εἰ ἔτι ὁ κατὰ τὴν μασχάλην ἀγκὼν ὑποπιπτούσης ἐνταῦθα τοῖς ἁπτομένοις τῆς κεφαλῆς τοῦ βραχίονος, δι’ ἣν οὐδὲ προσάγειν δύναται ταῖς πλευραῖς τὴν χεῖρα χωρὶς ὀδύνης μεγάλης.	οὗτος σημεῖον ἔχω  σφάλμα καί εἰ ἔτι ὁ κατά ὁ μασχάλη   ἐνταῦθα ὁ ἅπτω ὁ κεφαλή ὁ  , διά ὅς οὐδέ προσάγω δύναμαι ὁ πλευρά ὁ χείρ χωρίς ὀδύνη μέγας .
185098	tlg0057.tlg095.1st1K-grc1	Τοῦτο δὲ ἆραι ἄνω τὴν χεῖρα παρὰ τὸ οὖς ἐκτεταμένου τοῦ ἀγκῶνος οὐ μάλα δύναται, ὥσπερ τὴν ὑγιέα οὐδὲ παράγειν ἔνθα καὶ ἔνθα ὁμοίως.	οὗτος δέ αἴρω ἄνω2 ὁ χείρ παρά ὁ οὖς  ὁ ἀγκών οὐ μάλα δύναμαι , ὥσπερ ὁ ὑγιής οὐδέ παράγω ἔνθα καί ἔνθα ὅμοιος .
185099	tlg0057.tlg095.1st1K-grc1	τά τε οὖν σημήϊα ταῦτά ἐστιν ὤμου ἐκπεπτωκότος αἵ τε ἐμβολαὶ γεγραμμέναι αἵ τε ἰητρεῖαι αὗται.	ὁ τε οὖν σημεῖον  εἰμί ὦμος ἐκπίπτω ὁ τε ἐμβολή γράφω ὁ τε  οὗτος .
185100	tlg0057.tlg095.1st1K-grc1	Τοῦτο τὸ σημεῖον ὃ μικρὸν ἔμπροσθεν ἔφη παρασύνεσιν ἔχειν.	ὁ σημεῖον ὁ μικρός ἔμπροσθεν φημί  ἔχω .
185101	tlg0057.tlg095.1st1K-grc1	δῆλον δὲ ἐξ ὧν ἐπήνεγκεν εἰπών·	δῆλος δέ ἐκ ὅς ἐπιφέρω λέγω ·
185102	tlg0057.tlg095.1st1K-grc1	πολλοὶ γὰρ ὑπὸ ὀδύνης ἢ καὶ ὑπὸ ἀλλοίης προφάσιος οὐκ ἐξεστεώτων αὐτέοισι τῶν ἄρθρων, ὅμως οὐ δύνανται εἰς τὰ ὅμοια σχήματα καθιστάναι, εἰς οἷάπερ τὸ ὑγιαῖνον σῶμα σχηματίζεται.	πολύς γάρ ὑπό ὀδύνη ἤ καί ὑπό   οὐ   ὁ  , ὅμως οὐ δύναμαι εἰς ὁ ὅμοιος σχῆμα καθίστημι , εἰς  ὁ  σῶμα σχηματίζω .
185103	tlg0057.tlg095.1st1K-grc1	εἰσενεγκεῖν τὰς χεῖρας πρὸς τὰς πλευρὰς, ὡς εἴρηκεν, ἑτοίμως τις δύναται, βέβαιον γνώρισμά ἐστι τοῦ κατὰ φύσιν ἔχειν τὸ ἄρθρον.	εἰσφέρω ὁ χείρ πρός ὁ πλευρά , ὡς λέγω , ἑτοῖμος τις δύναμαι , βέβαιος  εἰμί ὁ κατά φύσις ἔχω ὁ ἄρθρον .
185104	tlg0057.tlg095.1st1K-grc1	ἐὰν δὲ ἐμποδίζηται κατά τι, δυνατόν ἐστι δι’ ὀδύνην ἢ σύντασιν μυῶν τοῦτο γίγνεσθαι.	ἐάν δέ ἐμποδίζω κατά τι , δυνατός εἰμί διά ὀδύνη ἤ σύντασις μῦς οὗτος γίγνομαι .
185105	tlg0057.tlg095.1st1K-grc1	Ἐπάξιον δὲ τὸ μάθημα, ὡς χρὴ ἰητρεύειν τοὺς πυκνὰ ἐκπίπτοντας ὤμους.	δέ ὁ μάθημα , ὡς χρή ἰατρεύω ὁ πυκνός ἐκπίπτω ὦμος .
185106	tlg0057.tlg095.1st1K-grc1	πολλοὶ μὲν γὰρ ἤδη ἀγωνίης ἐκωλύθησαν διὰ ταύτην τὴν ξυμφορὰν τἄλλα πάντα ἀξιόχρεοι ὄντες, πολλοὶ δὲ ἐν πολεμικοῖσιν ἀχρήϊοι ἐγένοντο καὶ διεφθάρησαν διὰ ταύτην τὴν ξυμφορὰν ἅμα τε ἐπάξιον καὶ διὰ τοῦτο ὅτι μηδένα οἶδα ὀρθῶς ἰητρεύοντα, ἀλλὰ τοὺς μὲν μηδὲν ἐγχειρέοντας, τοὺς δὲ τἀναντία τοῦ ξυμφέροντος φρονέοντάς τε καὶ ποιέοντας.	πολύς μέν γάρ ἤδη ἀγωνία κωλύω διά οὗτος ὁ συμφορά ἄλλος πᾶς ἀξιόχρεως εἰμί , πολύς δέ ἐν  ἀχρεῖος γίγνομαι καί διαφθείρω διά οὗτος ὁ συμφορά ἅμα τε ἐπάξιος καί διά οὗτος ὅτι2  οἶδα ὀρθός  , ἀλλά ὁ μέν  ἐγχειρέω , ὁ δέ ἐναντίος ὁ συμφέρω φρονέω τε καί ποιέω .
185107	tlg0057.tlg095.1st1K-grc1	συχνοὶ γὰρ ἤδη ἰητροὶ ἔκαυσαν ὤμους ἐκπίπτοντας κατά τε τὴν ἐπωμίδα κατά τε τὸ ἔμπροσθεν, ᾗ ἡ κεφαλὴ τοῦ βραχίονος ἐξογκέει, κατά τε τὸ ὄπισθεν ὀλίγον τῆς ἐπωμίδος.	συχνός γάρ ἤδη ἰατρός καίω ὦμος ἐκπίπτω κατά τε ὁ ἐπωμίς κατά τε ὁ ἔμπροσθεν , ὅς ὁ κεφαλή ὁ βραχίων ἐξογκέω , κατά τε ὁ ὄπισθεν ὀλίγος ὁ ἐπωμίς .
185108	tlg0057.tlg095.1st1K-grc1	αὗται οὖν αἱ καύσιες, εἰ μὲν εἰς τὸ ἄνω ἐξέπιπτεν ὁ βραχίων ἢ ἐς τοὔμπροσθεν ἢ ἐς τοὔπισθεν ὀρθῶς ἂν ἔκαιον.	οὗτος οὖν ὁ καῦσις , εἰ μέν εἰς ὁ ἄνω2 ἐκπίπτω ὁ βράχεα ἤ εἰς ἔμπροσθεν τίη εἰς ὄπισθεν ὀρθός ἄν καίω .
185109	tlg0057.tlg095.1st1K-grc1	νῦν δὲ δὴ ὅτε ἐς τὸ κάτω ἐκπίπτει, ἐμβάλλουσιν αὗται αἱ καύσιες μᾶλλον ἢ κωλύουσιν.	νῦν δέ δή  εἰς ὁ κάτω ἐκπίπτω , ἐμβάλλω οὗτος ὁ καῦσις μᾶλλον ἤ κωλύω .
185110	tlg0057.tlg095.1st1K-grc1	ἀποκλείουσι γὰρ τῆς ἄνω εὐρυχωρίης τὴν κεφαλὴν τοῦ βραχίονος.	ἀποκλείω γάρ ὁ ἄνω2 εὐρυχωρία ὁ κεφαλή ὁ βραχίων .
185111	tlg0057.tlg095.1st1K-grc1	χρὴ δὲ ὧδε καίειν ταῦτα ἀπολαβόντα τοῖσι δακτύλοισι κατὰ τὴν μασχάλην τὸ δέρμα ἀφελκύσαι κατ’ αὐτὴν τὴν ἴξιν μάλιστα, καθ’ ἣν ἡ κεφαλὴ τοῦ βραχίονος ἐκπίπτει.	χρή δέ ὧδε καίω οὗτος ἀπολαμβάνω ὁ δάκτυλος κατά ὁ μασχάλη ὁ δέρμα ἀφέλκω κατά αὐτός ὁ ἵξις μάλιστα , κατά ὅς ὁ κεφαλή ὁ βραχίων ἐκπίπτω .
185112	tlg0057.tlg095.1st1K-grc1	Καὶ ἐν τούτῳ τῷ λόγῳ τὰ πλεῖστά ἐστι σαφῆ, ὧν οὐ μνημονεύσομεν, πλὴν ἐν οἷς ἀσάφειά τις περιέχεται.	καί ἐν οὗτος ὁ λόγος ὁ  εἰμί σαφής , ὅς οὐ μνημονεύω , πλήν ἐν ὅς  τις περιέχω .
185113	tlg0057.tlg095.1st1K-grc1	Ἔπειτα δὲ οὕτως ἀφειλκυσμένον τὸ δέρμα διακαῦσαι ἐς τὸ πέρην.	ἔπειτα δέ οὕτως  ὁ δέρμα διακαίω εἰς ὁ πέραν .
185114	tlg0057.tlg095.1st1K-grc1	Ἀξιοῖ μηδὲν ἄκαυστον καταλιπεῖν τοῦ ἀνατεινομένου δέρματος, ἀλλὰ διεκβάλλειν τὸ διάπυρον σιδήριον ἐκ τῶν δεξιῶν ἐπὶ τὰ ἀριστερὰ μέρη τῆς μασχάλης καὶ ἐξ ἐκείνων ἐπὶ τὰ δεξιά.	ἄκαυστος καταλείπω ὁ  δέρμα , ἀλλά διεκβάλλω ὁ  σιδήριον ἐκ ὁ δεξιός ἐπί ὁ ἀριστερός μέρος ὁ μασχάλη καί ἐκ  ἐπί ὁ δεξιός .
185115	tlg0057.tlg095.1st1K-grc1	Σιδηρίοισι χρὴ τὰ τοιαῦτα καίειν μὴ παχέσι, μηδὲ λίην φαλακροῖσιν, ἀλλὰ προμήκεσι.	χρή ὁ τοιοῦτος καίω μή παχύς , μηδέ λίαν  , ἀλλά  .
185116	tlg0057.tlg095.1st1K-grc1	ταχυπορώτερα γὰρ καὶ τῇ χειρὶ ἐπερείδειν.	γάρ καί ὁ χειρίς ἐπερείδω .
185117	tlg0057.tlg095.1st1K-grc1	Φαλακρὰ κέκληκε τὰ περιφέρειαν ἔχοντα κατὰ τὸ πέρας, οἷον οἱ κατὰ τὰς μασχάλας ἔχουσι πυρίνες ἤτοι τὰ διαπύρινα καλούμενα καὶ αἱ σπαθομίλαι.	καλέω ὁ περιφέρεια ἔχω κατά ὁ πέρας , οἷος ὁ κατά ὁ μασχάλη ἔχω  ἤτοι ὁ  καλέω καί ὁ  .
185118	tlg0057.tlg095.1st1K-grc1	προμήκη δὲ τὰ τούτοις ἐναντίως διακείμενα προσηγόρευσεν, ὧν οὐκ ἔστι περιφερὲς τὸ πέρας, ἀλλ’ ὀξύτερόν περ ἐμπλήρωμα παραπλήσιόν πως τοῖς εἰς τὰς παρακεντήσεις ἐπιτηδείοις ὀργάνοις.	δέ ὁ οὗτος ἐναντίος  προσαγορεύω , ὅς οὐ εἰμί περιφερής ὁ πέρας , ἀλλά  περ  παραπλήσιος πως ὁ εἰς ὁ  ἐπιτήδειος ὄργανον .
185119	tlg0057.tlg095.1st1K-grc1	Χρὴ δὲ διαφανέσι καίειν ὡς ὅτι τάχιστα περαιωθῇ κατὰ δύναμιν, τὰ γὰρ παχέα βραδέως περαιούμενα πλατυτέρας τὰς ἐκπτώσιας τῶν ἐσχαρῶν ποιέεται καὶ κίνδυνος ἂν·	χρή δέ διαφανής καίω ὡς ὅτι2 ταχύς  κατά δύναμις , ὁ γάρ παχύς βραδύς περαιόω πλατύς ὁ ἔκπτωσις ὁ  ποιέω καί κίνδυνος ἄν ·
185120	tlg0057.tlg095.1st1K-grc1	εἴη ξυῤῥαγῆναι τὰς ὠτειλὰς, καὶ κάκιον μὲν οὐδὲν ἂν εἴη, αἴσχιον δὲ καὶ ἀντεχνότερον.	εἰμί συρρήγνυμι ὁ ὠτειλή , καί κακός μέν  ἄν εἰμί , αἰσχρός δέ καί  .
185121	tlg0057.tlg095.1st1K-grc1	ὅταν δὲ διακαύσῃς ἐς τὸ πέρην τῶν μὲν πλείστων, ἱκανῶς ἂν ἔχοι ἐν τῷ κάτω μέρει τὰς ἐσχάρας ταύτας μόνας θεῖναι.	ὅταν δέ διακαίω εἰς ὁ πέραν ὁ μέν πλεῖστος , ἱκανός ἐάν ἔχω ἐν τῷ κάτω μέρος ὁ ἐσχάρα οὗτος μονή θείνω .
185122	tlg0057.tlg095.1st1K-grc1	Ἐκπεπυρῶσθαι βούλεται τὰ κατὰ τὴν μασχάλην σιδήρια, τὰ γὰρ ἱκανῶς διάπυρα διαφανῆ κέκληκεν.	βούλομαι ὁ κατά ὁ μασχάλη  , ὁ γάρ ἱκανός  διαφανής καλέω .
185123	tlg0057.tlg095.1st1K-grc1	Ἢν δὲ μὴ κίνδυνος φαίνηται εἶναι ξυῤῥαγῆναι τὰς ὠτειλὰς, ἀλλὰ πολὺ τὸ διὰ μέσου εἴη, ὑπάλειπτρον χρὴ λεπτὸν διέρσαι διὰ τῶν κατηγμάτων, ἔτι ἀναλελαμμένου τοῦ δέρματος·	ἐάν δέ μή κίνδυνος φαίνω εἰμί συρρήγνυμι ὁ ὠτειλή , ἀλλά πολύς ὁ διά μέσης εἰμί ,  χρή λεπτός διείρω διά ὁ κάταγμα2 , ἔτι  ὁ δέρμα ·
185124	tlg0057.tlg095.1st1K-grc1	οὐ γὰρ ἂν ἄλλως δύναιο διέρσαι.	οὐ γάρ ἄν ἄλλος  διείρω .
185125	tlg0057.tlg095.1st1K-grc1	ἐπὴν δὲ διέρσῃς, ἀφεῖναι τὸ δέρμα, ἔπειτα μεσηγὺ τῶν ἰσχαρῶν ἄλλην ἐσχάρην ἐμβάλλειν λεπτῷ σιδηρίῳ καὶ διακαῦσαι, ἄχρις ἂν τῷ ὑπαλείπτρῳ ἐγκύρσῃ.	ἐπεί δέ διείρω , ἀφίημι ὁ δέρμα , ἔπειτα  ὁ  ἄλλος ἐσχάρα ἐμβάλλω  σιδήριον καί διακαίω , ἄχρι ἐάν τῷ ὑπάλειπτρον ἐγκύρω .
185126	tlg0057.tlg095.1st1K-grc1	ὁκόσον δέ τι χρὴ τὸ δέρμα τὸ ἀπὸ τῆς μασχάλης ἀπολαμβάνειν, τοῖσι δὲ χρὴ τεκμαίρεσθαι, ἀδένες ὕπεισιν ὑπὸ τῇ μασχάλῃ, πολλαχῆ δὲ καὶ ἄλλῃ τοῦ σώματος.	δέ τις χρή ὁ δέρμα ὁ ἀπό ὁ μασχάλη ἀπολαμβάνω , ὁ δέ χρή τεκμαίρομαι ,  ὕπειμι2 ὑπό ὁ μασχάλη , πολλαχῆ δέ καί ἄλλος ὁ σῶμα .
185127	tlg0057.tlg095.1st1K-grc1	Ὠτειλὰς κέκληκε τὰ ἕλκη παραπλησίως τῷ ποιητῇ περὶ τοῦ προσφάτου τραύματος εἰπόντι·	καλέω ὁ ἕλκος παραπλήσιος τῷ ποιητής περί ὁ πρόσφατος τραῦμα λέγω ·
185128	tlg0057.tlg095.1st1K-grc1	ὄφρα οἱ αἷμ’ ἔτι θερμὸν ἀνήνοθεν ἐξ ὠτειλῆς.	ὄφρα ὁ  ἔτι θερμός ἀνήνοθε ἐκ ὠτειλή .
185129	tlg0057.tlg095.1st1K-grc1	Ἐὰν οὖν, ὡς εἶπεν, ἀνατείνας τὸ δέρμα διακαύσῃς ἐγκάρσιον ἐκ δεξιῶν εἰς ἀριστερὰ διερείσας τὸ σίδηρον, ἑτέραν ἐπὶ ταύτῃ δευτέραν καῦσιν ἀξιοῖ σε ποιήσασθαι, καθέντα τὸ διάπυρον σίδηρον, οὐκέτι ἐγκάρσιον ἐκ τοῦ θατέρου μέρους ἐπὶ θάτερον, ἀλλ’ οἷον εἰς τὸ βάθος ἄντικρυς ἕως.	οὖν , ὡς λέγω , ἀνατείνω ὁ δέρμα διακαίω ἐγκάρσιος ἐκ δεξιά εἰς ἀριστερός  ὁ  , ἕτερος ἐπί οὗτος δεύτερος καῦσις ἀξιόω  ποιέω ,  ὁ διάπυρος  , οὐκέτι ἐγκάρσιος ἐκ ὁ ἕτερος μέρος ἐπί ἕτερος , ἀλλά οἷος εἰς ὁ βάθος ἄντικρυς ἕως .
185130	tlg0057.tlg095.1st1K-grc1	χρὴ δὲ δῆλον ὅτι τὸ μεταξὺ τῶν προτέρων τραυμάτων ἀξιόλογον γίνεσθαι·	χρή δέ δῆλος ὅτι2 ὁ  ὁ πρότερος τραῦμα ἀξιόλογος γίγνομαι ·
185131	tlg0057.tlg095.1st1K-grc1	μικροῦ γὰρ ὄντος αὐτοῦ κίνδυνος ξυῤῥαγῆναι τὰς ἑλκώσεις καὶ γενέσθαι μεγάλην μίαν, ὑφ’ ἧς οὐδὲν μὲν ἀποβήσεται χεῖρον, οἵ γε καίομεν ἕνεκα τοῦ ξηρᾶναί τε καὶ σφίγξαι μέρος·	μικρός γάρ εἰμί αὐτός κίνδυνος συρρήγνυμι ὁ ἕλκωσις καί γίγνομαι μέγας  , ὑπό ὅς  μέν ἀποβαίνω χείρων , ὁ γε  ἕνεκα ὁ  τε καί σφίγγω μέρος ·
185132	tlg0057.tlg095.1st1K-grc1	οὐ μὴν ἀναγκαῖόν ἐστιν οὐλὴν μεγάλην ἐργασάμενον αἴσχιον ἀποδεῖξαι τὸ χωρίον, ἐν ᾧ ἐπὶ σμικραῖς τρήσεσι τὴν ἴσην ὠφέλειάν ἐστι ποιήσασθαι.	οὐ μήν ἀναγκαῖος εἰμί οὐλή μέγας  αἰσχρός ἀποδείκνυμι ὁ χωρίον , ἐν ὅς ἐπί μικρός  ὁ ἴσος ὠφέλεια εἰμί ποιέω .
185133	tlg0057.tlg095.1st1K-grc1	Ἀλλὰ ἐν ἄλλῳ λόγῳ περὶ ἀδένων οὐλομελίης γεγράψεται, ὅτι τέ εἰσι καὶ οἷα ἐν οἵοισι σημαίνουσί τε καὶ δύνανται.	ἀλλά ἐν ἄλλος λόγος περί    , ὅτι2 σύ εἰμί καί οἷος ἐν  σημαίνω τε καί δύναμαι .
185134	tlg0057.tlg095.1st1K-grc1	τοὺς μὲν οὖν ἀδένας οὐ χρὴ προσεπιλαμβάνειν, οὐδ’ ὅσα ἐσωτέρω τῶν ἀδένων, μέγας γὰρ ὁ κίνδυνος.	ὁ μέν οὖν  οὐ χρή προσεπιλαμβάνω ,  ὅσος  ὁ  , μέγας γάρ ὁ κίνδυνος .
185135	tlg0057.tlg095.1st1K-grc1	Τὴν ὁλόκληρον φύσιν τῆς τῶν ἀδένων φύσεως οὐλομελίην εἴρηκεν, ἣν ἑτέρωθι διδάσκειν ἐπηγγείλατο, οὐ μὴν διασώζεταί γε τοιοῦτον βιβλίον Ἱπποκράτους περὶ ἀδένων οὐλομελίης.	ὁλόκληρος φύσις ὁ ὁ  φύσις οὐλομελίη λέγω , ὅς ἕτερος διδάσκω ἐπαγγέλλω , οὐ μήν  γε τοιοῦτος βιβλίον Ἱπποκράτης περί   .
185136	tlg0057.tlg095.1st1K-grc1	ἀλλά τις τῶν νεωτέρων Ἱπποκρατείων ἔγραψε μικρὸν βιβλίδιον ἐπιγράψας Ἱπποκράτους περὶ ἀδένων οὐλομελίης, ὃ καὶ τῇ λέξει καὶ τῇ διανοίᾳ λείπεται πάμπολυ τῶν γνησίων Ἱπποκράτους συγγραμμάτων, οὐ μὴν οὐδὲ ἐμνημόνευσέ τις περὶ αὐτοῦ τῶν ἔμπροσθεν ἰατρῶν, ἀλλ’ οὐδ’ οἱ τοὺς πίνακας ποιήσαντες ἴσασι τὸ βιβλίον.	ἀλλά τις ὁ νεώτερος  γράφω μικρός βιβλάριον ἐπιγράφω Ἱπποκράτης περί ἀδήν  , ὅς καί ὁ λέγω καί ὁ διάνοια λείπω  ὁ γνήσιος Ἱπποκράτης σύγγραμμα , οὐ μήν οὐδέ  τις περί αὐτός ὁ ἔμπροσθεν ἰατρός , ἀλλά οὐδέ ὁ ὁ πίναξ ποιέω οἶδα ὁ βιβλίον .
185137	tlg0057.tlg095.1st1K-grc1	Τοῖσι γὰρ ἐπικαιροτάτοισι τόνοισι γειτονεύονται.	γάρ  τόνος γειτνιάω .
185138	tlg0057.tlg095.1st1K-grc1	ὅσον δὲ ἐξωτέρω τῶν ἀδένων ἐπὶ πλεῖστον ἀπολαμβάνειν, ἀσινέα γάρ.	δέ ἐξωτέρω ὁ  ἐπί πλεῖστος ἀπολαμβάνω , ἀσινής γάρ .
185139	tlg0057.tlg095.1st1K-grc1	γινώσκειν δὲ χρὴ ὅτι εἰ μὲν ἰσχυρῶς τὸν βραχίονα ἀνατείνοις, οὐ δυνήσῃ τοῦ δέρματος ἀπολαβεῖν οὐδὲν τοῦ ὑπὸ τῇ μασχάλῃ, ὅ τι καὶ ἄξιον λόγου κατατεῖναι.	γιγνώσκω δέ χρή ὅτι2 εἰ μέν ἰσχυρός ὁ βραχίων  , οὐ δύναμαι ὁ δέρμα ἀπολαμβάνω οὐδείς ὁ ὑπό ὁ μασχάλη , ὅς  καί ἄξιος λόγος κατατείνω .
185140	tlg0057.tlg095.1st1K-grc1	Ὑποκεῖσθαι τῷ ὑπὸ τῇ μασχάλῃ φησὶ τόνους ἐπικαίρους οὕτως ὀνομάζων τὰ νεῦρα.	τῷ ὑπό ὁ  φημί τόνος ἐπίκαιρος οὕτως ὀνομάζω ὁ νεῦρον .
185141	tlg0057.tlg095.1st1K-grc1	γελοίως οὖν ἔνιοι τῶν νεωτέρων ἰατρῶν οἴονται τόνους τούτους ἐκεῖνα τὰ νεῦρα μόνον προσαγορεύειν νῦν ὅσα κατὰ τὴν συζυγίαν ἐξ ἐγκεφάλου πέφυκεν, ἐπειδὴ κατὰ τὸ βιβλίον τῶν ἐπιδημιῶν ἔφη·	γέλοιος οὖν ἔνιοι ὁ νεώτερος ἰατρός οἴομαι τόνος οὗτος ἐκεῖνος ὁ νεῦρον μόνος προσαγορεύω νῦν ὅσος κατά ὁ συζυγία ἐκ  φύω , ἐπεί κατά ὁ βιβλίον ὁ  φημί ·
185142	tlg0057.tlg095.1st1K-grc1	δύο δὲ τόνοι ἀπ’ ἐγκεφάλου παρὰ τὸ ὀστέον τοῦ μεγάλου σπονδύλου καὶ τὰ τούτων ἐφεξῆς.	γε δέ τόνος ἀπό  παρά ὁ ὀστέον ὁ μέγας σφόνδυλος καί ὁ οὗτος ἐφεξῆς .
185143	tlg0057.tlg095.1st1K-grc1	τὰ γὰρ ἐπὶ χεῖρας φερόμενα πρὸς ἁπάντων ὁμολογεῖται τῶν ἀνατομικῶν ἀπὸ τοῦ κατὰ τὸν τράχηλον ἐκφύεσθαι νωτιαίου, καθ’ ἃ μέρη πλησιάζει τῷ θώρακι καὶ ὡς φαίνεται ταῦτα προσαγορεύων τόνους ἔν τε τῇ νῦν εἰρημένῃ ῥήσει καὶ μετ’ αὐτὴν πάλιν ἐφεξῆς δίς.	ὁ γάρ ἐπί χείρ φέρω πρός ἅπας ὁμολογέω ὁ  ἀπό ὁ κατά ὁ τράχηλος  νωτιαῖος , κατά ὅς μέρος πλησιάζω τῷ θώραξ καί ὡς φαίνω οὗτος προσαγορεύω τόνος ἐν τε ὁ νῦν λέγω  καί μετά αὐτός πάλιν ἐφεξῆς δίς .
185144	tlg0057.tlg095.1st1K-grc1	καὶ κατώτερον δὲ πάλιν ἐν τοῖς περὶ τῆς ῥάχεως λόγοις τόνους ὀνομάζει νεῦρα.	καί κάτω δέ πάλιν ἐν ὁ περί ὁ ῥάχις λόγος τόνος ὀνομάζω νευρά .
185145	tlg0057.tlg095.1st1K-grc1	Σιμοῦται γὰρ ἐν τῇ ἀνατάσει, οὐδ’ αὖ τόνους οὐδεμιῇ μηχανῇ δεῖ τιτρώσκειν.	γάρ ἐν ὁ ἀνάτασις , οὐδέ αὖ τόνος οὐδείς μηχανή δέω τιτρώσκω .
185146	tlg0057.tlg095.1st1K-grc1	οὗτοι γὰρ πρόχειροι γίνονται καὶ κατατεταμένοι ἐν τούτῳ τῷ σχήματι.	οὗτος γάρ πρόχειρος γίγνομαι καί κατατείνω ἐν οὗτος τῷ σχῆμα .
185147	tlg0057.tlg095.1st1K-grc1	εἰ δὲ μικρὸν ἐπάρῃς τὸν βραχίονα, πολὺ μὲν τοῦ δέρματος ἀπολήψῃ, οἱ δὲ τόνοι, ὧν δεῖ προμηθέεσθαι, εἴσω καὶ πρόσω τοῦ χειρίσματος γίνονται.	εἰ δέ μικρός ἐπαίρω ὁ βραχίων , πολύς μέν ὁ δέρμα  , ὁ δέ τόνος , ὅς δέω προμηθέομαι , εἴσω καί πρόσω ὁ χείρισμα γίγνομαι .
185148	tlg0057.tlg095.1st1K-grc1	Καταδαπανᾶσθαί φασι τὸ κατὰ τὴν μασχάλην δέρμα διὰ τῆς ἀνατάσεως ὅλης τῆς χειρὸς, ἐπειδὴ χαλαρὸν ἔμπροσθεν ὂν, ὡς περιττὸν εἶναι δοκεῖν, ἐν τούτῳ τῷ σχήματι περιγίνεται τοῖς ὑποκειμένοις, ὥστε τὸ περιττεύειν πρότερον φανταζόμενον ἀπόλλυσθαί τε καὶ οἷον ἐκδαπανᾶσθαι κατὰ τὴν ἀνάτασιν τῆς χειρός.	φημί ὁ κατά ὁ μασχάλη δέρμα διά ὁ ἀνάτασις ὅλος ὁ χείρ , ἐπεί χαλαρός ἔμπροσθεν εἰμί , ὡς περισσός εἰμί δοκέω , ἐν οὗτος τῷ σχῆμα περιγίγνομαι ὁ  , ὥστε ὁ περισσεύω πρότερος φαντάζω ἀπόλλυμι τε καί οἷος ἐκδαπανάω κατά ὁ ἀνάτασις ὁ χείρ .
185149	tlg0057.tlg095.1st1K-grc1	Ἆρ’ οὖν οὐκ ἐν πάσῃ τῇ τέχνῃ περὶ παντὸς χρὴ ποιέεσθαι τὰ δίκαια σχήματα ἐξευρίσκειν ἐφ’ ἑκάστοισι;	οὖν οὐ ἐν πᾶς ὁ τέχνη περί πᾶς χρή ποιέω ὁ δίκαιος σχῆμα ἐξευρίσκω ἐπί ἕκαστος ;
185150	tlg0057.tlg095.1st1K-grc1	Τὰ κατὰ δύναμιν ἴσα, τουτέστιν ἐν οἷς φυλάττεται τὸ κατὰ τὴν ἀξίαν τε καὶ οἰκεῖον ἑκάστῳ πράγματι.	κατά δύναμις ἴσος ,  ἐν  φυλάσσω ὁ κατά ὁ ἀξία τε καί οἰκεῖος ἕκαστος πρᾶγμα .
185151	tlg0057.tlg095.1st1K-grc1	νυνὶ γοῦν ἐστι τὸ μὲν προκείμενον πρᾶγμα καῦσις τοῦ κατὰ τὴν μασχάλην δέρματος, ἣν χρὴ ποιήσασθαι, βραχίονα σχηματίζοντα προσηκόντως.	νυνί γοῦν εἰμί ὁ μέν  πρᾶγμα καῦσις ὁ κατά ὁ μασχάλη δέρμα , ὅς χρή ποιέω , βραχίων  προσηκόντως .
185152	tlg0057.tlg095.1st1K-grc1	εἰ μὲν οὖν εἰς τοσοῦτον εἴη καθήμενος, ὡς ψαύειν τῶν πλευρῶν, εἴη παντάπασιν ὀλίγον ἐξῃρμένος, οὐδὲ θεάσασθαι τὸ βάθος τῆς μασχάλης οἷόν τε, μή τί γε τοῖς δακτύλοις ἀνατεῖναι τὸ δέρμα καὶ διακαῦσαι, μέχρι πλεῖστόν τε ἐπαρθέντος τοῦ βραχίονος, οὐδὲν ὅ τι καὶ ἄξιον λόγου δέρματος ἀνατεῖναι τοῖς δακτύλοις ἐγχωρεῖ.	εἰ μέν οὖν εἰς τοσοῦτος εἰμί  , ὡς ψαύω ὁ πλευρά , εἰμί παντάπασι ὀλίγος  , οὐδέ θεάομαι ὁ βάθος ὁ μασχάλη  τε , μή τίς γε ὁ δάκτυλος ἀνατείνω ὁ δέρμα καί διακαίω , μέχρι  τε ἐπαίρω ὁ βραχίων ,  ὅς  καί ἄξιος λόγος δέρμα ἀνατείνω ὁ δάκτυλος ἐγχωρέω .
185153	tlg0057.tlg095.1st1K-grc1	περιτείνεται γὰρ ἐν τῷδε τῷ σχήματι τοῖς ὑποκειμένοις σώμασιν, ἅμα δὲ καὶ τὰ νεῦρα πρόχειρα γίγνεται, τοιοῦτον ἐξαίρειν χρὴ τὸν βραχίονα καὶ ἀπάγειν τῆς μασχάλης, οἷον ὁρᾶται τὸ χωρίον ἡμῖν παρέξειν καὶ τοὺς δακτύλους εὐμαρῶς ὑποβάλλειν, ἀντιτείνειν τε τὸ δέρμα καὶ διακαίεν δύνασθαι οἷόν τε γένηται ταῦτα πράττειν, κατὰ τοῦτο τὸ σχῆμα τὴν χειρουργίαν προσίεσθαι προσήκει, προσώτερον δὲ μηκέτι ἀνατείνειν.	περιτείνω γάρ ἐν ὅδε τῷ σχῆμα ὁ  σῶμα , ἅμα δέ καί ὁ νεῦρον πρόχειρος γίγνομαι , τοιοῦτος ἐξαίρω χρή ὁ βραχίων καί ἀπάγω ὁ μασχάλη , οἷος ὁράω ὁ χωρίον ἐγώ παρέχω καί ὁ δάκτυλος εὐμαρής ὑποβάλλω , ἀντιτείνω τε ὁ δέρμα καί  δύναμαι  τε γίγνομαι οὗτος πράσσω , κατά οὗτος ὁ σχῆμα ὁ χειρουργία προσίημι προσήκω ,  δέ μηκέτι ἀνατείνω .
185154	tlg0057.tlg095.1st1K-grc1	οὐδὲ γὰρ ἄλλου τινὸς ἕνεκεν ἐξῄρομεν τὸν βραχίονα, πλὴν τὸ δύνασθαι τὸ περὶ τὴν μασχάλην δέρμα τοῖς δακτύλοις ἀνατείνειν τοσοῦτον, ὡς διακαῦσαι, καθότι προεῖπεν αὐτὸς, ὡς εἴ γε δυνατὸν ἦν ἐνεργεῖν ἡμᾶς ταῦτα καθημένους τοῦ βραχίονος σχήματός ἐστι χρεία, χαλαρώτερον ἐργαζομένου τὸ δέρμα·	οὐδέ γάρ   ἕνεκα  ὁ βραχίων , πλήν ὁ δύναμαι ὁ περί ὁ μασχάλη δέρμα ὁ δάκτυλος ἀνατείνω τοσοῦτος , ὡς διακαίω ,  προαγορεύω αὐτός , ὡς εἰ γε δυνατός εἰμί ἐνεργέω ἐγώ οὗτος  ὁ βραχίων σχῆμα εἰμί χρεία ,   ὁ δέρμα ·
185155	tlg0057.tlg095.1st1K-grc1	καὶ γὰρ πλεῖστον οὕτως ἀναταθήσεται καὶ τὰ τῆς χειρουργίας ἀκίνδυνα παντοίως ἔσται.	καί γάρ πλεῖστος οὕτως  καί ὁ ὁ χειρουργία  παντοῖος  .
185156	tlg0057.tlg095.1st1K-grc1	Ταῦτα μὲν κατὰ τὴν μασχάλην καὶ ἱκαναὶ αὗται αἱ καταλήψιες, ἢν ὀρθῶς τεθῶσιν αἱ ἐσχάραι.	μέν κατά ὁ μασχάλη καί ἱκανός οὗτος ὁ κατάληψις , ἐάν ὀρθός τίθημι ὁ ἐσχάρα .
185157	tlg0057.tlg095.1st1K-grc1	Εἴρηνται αἱ καταλήψεις κατὰ τὸ δέρμα.	ὁ  κατά ὁ δέρμα .
185158	tlg0057.tlg095.1st1K-grc1	Κάτωθεν δὲ τῆς.	δέ ὁ .
185159	tlg0057.tlg095.1st1K-grc1	μασχάλης δισσὰ μόνα ἐστὶ χωρία, ἵνα ἄν τις ἐσχάρας θείη, τιμωρεούσας τῷ παθήματι.	δισσός μόνος εἰμί χωρίον , ἵνα ἄν τις ἐσχάρα τίθημι , τιμωρέω τῷ πάθημα .
185160	tlg0057.tlg095.1st1K-grc1	Τὸ ἔκτοσθεν εἴρηκε νῦν οὐ τὴν τόπου διαφορὰν σημαῖνον, ἀλλ’ ὥσπερ καὶ παρὰ Δημοσθένει καὶ τοῖς ἄλλοις ῥήτορσιν ἔξωθέν τι τοῦ πράγματος εἰρῆσθαι λέγεται δηλούντων τὸ πρᾶγμα.	ἐκτός λέγω νῦν οὐ ὁ τόπος διαφορά  , ἀλλά ὥσπερ καί παρά Δημοσθένης καί ὁ ἄλλος ῥήτωρ  τις ὁ πρᾶγμα λέγω λέγω δηλόω ὁ πρᾶγμα .
185161	tlg0057.tlg095.1st1K-grc1	τὸ τοίνυν ὑπὸ τοῦ Ἱπποκράτους λεγόμενόν ἐστι τοιοῦτον·	ὁ τοίνυν ὑπό ὁ Ἱπποκράτης λέγω εἰμί τοιοῦτος ·
185162	tlg0057.tlg095.1st1K-grc1	καὶ χωρὶς δὲ τῆς εἰρημένης εἰς τὴν μασχάλην καύσεως ἄλλαι δύο καύσεις εἰσὶ βοηθοῦσαι τῷ πάθει.	καί χωρίς δέ ὁ  εἰς ὁ μασχάλη καῦσις ἄλλος γε καῦσις εἰμί  τῷ πάθος .
185163	tlg0057.tlg095.1st1K-grc1	τὸ γὰρ τιμωρεούσας τῷ παθήματι πρόδηλον ὅτι βοηθούσας δηλοῖ, καθάπερ καὶ Εὐριπίδης ἐποίησε τὸν Ὀρέστην λέγοντα·	ὁ γάρ τιμωρέω τῷ πάθημα πρόδηλος ὅτι2  δηλόω , καθά καί Εὐριπίδης ποιέω ὁ Ὀρέστης λέγω ·
185164	tlg0057.tlg095.1st1K-grc1	Ἀνόσια μὲν δρῶν, ἀλλὰ τιμωρῶν τῷ πατρί.	μέν δράω , ἀλλά τιμωρέω ὁ πατήρ .
185165	tlg0057.tlg095.1st1K-grc1	διαφέρει γὰρ τὸ τιμωρῶν τοῦ τιμωρούμενος, ὃ μετὰ τῆς καλουμένης αἰτιατικῆς πτώσεως σημαίνει τὸ κολάζον·	διαφέρω γάρ ὁ τιμωρέω ὁ τιμωρέω , ὅς μετά ὁ καλέω  πτῶσις σημαίνω ὁ  ·
185166	tlg0057.tlg095.1st1K-grc1	οὕτως γοῦν καὶ ἑαυτὸν τιμωρούμενος ἐπιγέγραπται τὸ Μενάνδρου δρᾶμα.	οὕτως γοῦν καί ἑαυτοῦ τιμωρέω ἐπιγράφω ὁ Μένανδρος δρᾶμα .
185167	tlg0057.tlg095.1st1K-grc1	Μίαν μὲν ἐν τῷ ἔμπροσθεν μεσηγὺ τῆς κεφαλῆς τοῦ βραχίονος καὶ τοῦ τένοντος τοῦ κατὰ τὴν μασχάλην.	μέν ἐν τῷ ἔμπροσθεν  ὁ κεφαλή ὁ βραχίων καί ὁ  ὁ κατά ὁ μασχάλη .
185168	tlg0057.tlg095.1st1K-grc1	Ἐν τούτῳ τῷ χωρίῳ καὶ ἡμῖν ἑώραται τὸ ἄρθρον ἐστηριγμένον, ὅπερ ἐστὶ μόριον ἁπάσης τῆς ἔμπροσθεν χώρας·	ἐν οὗτος τῷ χωρίον καί   ὁ ἄρθρον  , ὅς εἰμί μόριον ἅπας ὁ ἔμπροσθεν χώρα ·
185169	tlg0057.tlg095.1st1K-grc1	οὔσης γὰρ ὅλης αὐτῆς πλατείας ἓν μέν τι μέρος ἐστὶν ἀκριβῶς μέσον, ἄλλα δὲ ἑκατέρωθεν δύο, τὸ μὲν ἐκ τῶν ἔνδοθεν μερῶν, οὗ νῦν ἐμνημόνευσε, τὸ δὲ ἐκ τῶν ἐκτὸς, οὗ μετὰ ταῦτα μνημονεύει.	εἰμί γάρ ὅλος αὐτός πλατεῖα  μέν  μέρος εἰμί ἀκριβής μέσος , ἄλλος δέ ἑκατέρωθεν γε , ὁ μέν ἐκ ὁ ἔνδον μέρος , οὗ νῦν μνημονεύω , ὁ δέ ἐκ ὁ ἐκτός , οὗ μετά οὗτος μνημονεύω .
185170	tlg0057.tlg095.1st1K-grc1	καὶ θαυμάσαι γε ἔστιν αὐτὸν ὅτι μηδ’ ὅλως ἑωρακὼς εἰς ἄλλο χωρίον ἐκπῖπτον τὸ ἄρθρον ἢ κατὰ τὴν μασχάλην οὐκ ἤρκεσε τῇ κατ’ αὐτὸν καύσει μόνῃ.	καί θαυμάζω γε εἰμί αὐτός ὅτι2  ὅλος ὁράω εἰς ἄλλος χωρίον  ὁ ἄρθρον ἤ κατά ὁ μασχάλη οὐ ἀρκέω ὁ κατά αὐτός καίω μόνος .
185171	tlg0057.tlg095.1st1K-grc1	προστιθεὶς δὲ δύο ἑτέρας ἐκείνων ἀκριβῶς ἐστοχάσατο τῶν χωρίων, ἐν οἷς καὶ ἡμεῖς εἴδομεν ἐστηριγμένην τὴν κεφαλὴν τοῦ βραχίονος.	προστίθημι δέ γε ἕτερος ἐκεῖνος ἀκριβής  ὁ χωρίον , ἐν ὅς καί  ὁράω  ὁ κεφαλή ὁ βραχίων .
185172	tlg0057.tlg095.1st1K-grc1	ἐν οἷς τῆς ὠμιαίας φλεβὸς χώρα, καθ’ ἣν οἱ δύο μύες συμβάλλουσιν, ὅ τε ἀπὸ τοῦ στέρνου μέγας καὶ ὁ δελτοειδὴς ὀνομαζόμενος ἑώραται τετράκις ἡμῖν ὑποδεξαμένη τὴν ἔκπτωσιν.	ἐν  ὁ  φλέψ χώρα , κατά ὅς ὁ γε μῦς συμβάλλω ,  τε ἀπό ὁ στέρνον μέγας καί ὁ  ὀνομάζω  τετράκις  ὑποδέχομαι ὁ ἔκπτωσις .
185173	tlg0057.tlg095.1st1K-grc1	ἡ δ’ ἔξωθεν τῆς μέσης χώρας ἅπαξ, ὑπὲρ ἧς ἐφεξῆς ἐρεῖ.	ὁ  ἔξωθεν ὁ μέσος χώρα ἅπαξ , ὑπέρ ὅς ἐφεξῆς λέγω .
185174	tlg0057.tlg095.1st1K-grc1	Καὶ ταύτη τὸ μὲν δέρμα τελέως διακαίειν χρὴ, βαθύτερον δὲ οὐ χρή.	καί  ὁ μέν δέρμα τέλειος διακαίω χρή , βαθύς δέ οὐ χρή .
185175	tlg0057.tlg095.1st1K-grc1	φλέψ τε γὰρ παχείη πλησίη καὶ νεῦρα, ὧν οὐδέτερα θερμαντέα.	τε γάρ  πλησίος καί νευρά , ὅς οὐδέτερος θερμαντέος .
185176	tlg0057.tlg095.1st1K-grc1	Τὴν προσαγορευομένην ὠμιαίαν φλέβα λέγει νῦν παχεῖαν ἐν ἴσῳ τῷ εὐρεῖαν ἢ μεγάλην.	προσαγορεύω  φλέψ λέγω νῦν παχύς ἐν ἴσος τῷ εὐρύς ἤ μέγας .
185177	tlg0057.tlg095.1st1K-grc1	ἐπίκειται δὲ αὐτῇ συμβολὴ τῶν προειρημένων δύο μυῶν ἔχουσα παρακείμενον νεῦρον, ἀφ’ οὖ πᾶν τὸ πέριξ τῆς φλεβὸς δέρμα ἀπονεμήσεις λαμβάνει.	ἐπίκειμαι δέ αὐτός συμβολή ὁ προαγορεύω γε μῦς ἔχω   , ἀπό οὐ πᾶς ὁ πέριξ ὁ φλέψ δέρμα  λαμβάνω .
185178	tlg0057.tlg095.1st1K-grc1	τὸ μὲν οὖν φυλάττεσθαι ψαύειν τε τοῦ νεύρου καὶ τῆς φλεβὸς ἐν τῇ τοῦ δέρματος καύσει σαφῶς ἐδίδαξεν, οὐ μὴν ἐδήλωσέ γε πότερον ἐν τοῖς πρώτοις μέρεσι τῆς φλεβὸς ἢ ἐν τοῖς ἔνδον ἢ κατ’ αὐτὴν ἀκριβῶς κελεύει καίειν.	ὁ μέν οὖν φυλάσσω ψαύω τε ὁ  καί ὁ  ἐν ὁ ὁ δέρμα καίω σαφής διδάσκω , οὐ μήν  γε πότερος ἐν ὁ πρῶτος μέρος ὁ φλέψ ἤ ἐν ὁ ἔνδον τίη κατά αὐτός ἀκριβής κελεύω καίω .
185179	tlg0057.tlg095.1st1K-grc1	ἐγχωρεῖ γὰρ τοῦτο ποιῆσαι πρῶτον μὲν ἀνατείναντα τὸ δέρμα καθ’ ὃν εἴρηται τρόπον ἐπὶ τῆς μασχάλης, εἶτ’ ἐγκάρσιον διακαύσουσα, κἄπειτα τὸ ὑπάλειπτρον διεκβαλόντα καὶ κατὰ κύκλου τὴν δευτέραν ἐπέρεισιν τοῦ καυτηρίου ποιησάμενον·	ἐγχωρέω γάρ οὗτος ποιέω πρῶτος μέν  ὁ δέρμα κατά ὅς λέγω τρόπος ἐπί ὁ μασχάλη ,  ἐγκάρσιος  , ἔπειτα ὁ ὑπάλειπτρον  καί κατά κύκλος ὁ δεύτερος  ὁ   ·
185180	tlg0057.tlg095.1st1K-grc1	ὥσπερ γὰρ ἐν τῇ μασχάλῃ, καίτοι γε ὑποκειμένων νεύρων μεγίστων καὶ σὺν αὐτοῖς ἀρτηρίας καὶ φλεβὸς εὐρυτάτης, ὅμως ἐκέλευσε καίειν τὸ δέρμα, τὴν ἀσφάλειαν τοῖς ὑποκειμένοις παρασκευάζων ἐκ τῆς τοῦ ὑπολείπτρου διαρθρώσεως, οὕτω κἀπὶ τῆς νῦν προειρημένης καύσεως οὐδὲν θαυμαστὸν ἐπ’ αὐτοῦ τοῦ κατὰ τῆς φλεβὸς ἐπικειμένου δέρματος ἀξιοῦν αὐτὸν τίθεσθαι τὰς ἐσχάρας.	ὥσπερ γάρ ἐν ὁ μασχάλη ,  γε   μέγας καί σύν αὐτός ἀρτηρία καί   , ὅμως κελεύω καίω ὁ δέρμα , ὁ ἀσφάλεια ὁ  παρασκευάζω ἐκ ὁ ὁ   , οὕτως ἐπί ὁ νῦν προαγορεύω καῦσις  θαυμαστός ἐπί αὐτός ὁ κατά ὁ φλέψ  δέρμα ἀξιόω αὐτός τίθημι ὁ ἐσχάρα .
185181	tlg0057.tlg095.1st1K-grc1	ἐκεῖνα μὲν οὖν τὰ νεῦρα τόνους ἐπικαιροτάτους εἷπεν εἰθισμένος χρῆσθαι τούτῳ τῷ ὀνόματι κατὰ τῶν μεγάλην δύναμιν ἐχόντων, ὥσπερ ἔχουσιν ἐκεῖνοι, κατά γε τὸ πλησίον εἶναι τοῦ νωτιαίου καὶ αὐτοὺς παχυτάτους τὴν οὐσίαν ὑπάρχειν, παρὰ δὲ τοῦ τῆς ὠμιαίας φλεβὸς νεῦρον ἁπλῶς εἶπεν, οὐκέτι προσθεὶς τὸ ἐπίκαιρον.	ἐκεῖνος μέν οὖν ὁ νεῦρον τόνος ἐπίκαιρος λέγω ἐθίζω χράω2 οὗτος τῷ ὄνομα κατά ὁ μέγας δύναμις ἔχω , ὥσπερ ἔχω ἐκεῖνος , κατά γε ὁ πλησίος εἰμί ὁ νωτιαῖος καί αὐτός  ὁ οὐσία ὑπάρχω , παρά δέ ὁ ὁ  φλέψ  ἁπλόος λέγω , οὐκέτι προστίθημι ὁ ἐπίκαιρος .
185182	tlg0057.tlg095.1st1K-grc1	καὶ γὰρ ποῤῥωτάτω καὶ τοῦ νωτιαίου καὶ μικρὸν τῷ μεγέθει.	καί γάρ  καί ὁ νωτιαῖος καί μικρός τῷ μέγεθος .
185183	tlg0057.tlg095.1st1K-grc1	Ὄπισθεν δ’ αὖ ἄλλην ἐσχάρην ἐνδέχεται ἐνθεῖναι, ἀνωτέρω μὲν συχνῷ τοῦ τένοντος τοῦ κατὰ τὴν μασχάλην, κατωτέρω δὲ ὀλίγῳ τῆς κεφαλῆς τοῦ βραχίονος, καὶ τὸ μὲν δέρμα τελέως χρὴ διακαίειν, βαθεῖαν δὲ μηδὲ κάρτα ταύτην ποιέειν·	αὖ ἄλλος ἐσχάρα ἐνδέχομαι ἐντίθημι , ἄνω μέν  ὁ  ὁ κατά ὁ μασχάλη , κάτω δέ ὀλίγος ὁ κεφαλή ὁ βραχίων , καί ὁ μέν δέρμα τέλειος χρή διακαίω , βαθύς δέ μηδέ κάρτα οὗτος ποιέω ·
185184	tlg0057.tlg095.1st1K-grc1	πολέμιον γὰρ τὸ πῦρ νεύροισιν.	πολέμιος γάρ ὁ πῦρ  .
185185	tlg0057.tlg095.1st1K-grc1	Ἐπὶ τὴν ὑπόλοιπον χώραν τῶν ὑποδεχομένων τὸ κατ’ ὦμον ἄρθρον ἐκπῖπτον ἀφίκετο τῷ λόγῳ, αὕτη δέ ἐστιν ἐν τοῖς ἔξω μέρεσι τῆς πρόσω χώρας, εἰς ἣν καὶ αὐτὴν ἑώραταί μοι ἅπαξ ἐκπεσὼν ὁ βραχίων.	ὁ ὑπόλοιπος χώρα ὁ  ὁ κατά ὦμος   ἀφικνέομαι ὁ λόγος , οὗτος δέ εἰμί ἐν ὁ ἔξω μέρος ὁ πρόσω χώρα , εἰς ὅς καί αὐτός   ἅπαξ ἐκπίπτω ὁ βράχεα .
185186	tlg0057.tlg095.1st1K-grc1	οὐκ ὀρθῶς δὲ ἐν τοῖς πλείστοις τῶν ἀντιγράφων ἡ λέξις οὕτως γέγραπται, ὀπισθίην τε αὖ ἄλλην ἐσχάρην·	οὐ ὀρθός δέ ἐν ὁ πλεῖστος ὁ ἀντίγραφος ὁ λέξις οὕτως γράφω ,  τε αὖ ἄλλος ἐσχάρα ·
185187	tlg0057.tlg095.1st1K-grc1	οὐ γὰρ ὄπισθεν ὁ τόπος οὗτός ἐστι τῆς διαρθρώσεως, ἀλλ’ ἔξωθεν.	οὐ γάρ ὄπισθεν ὁ τόπος  εἰμί ὁ  , ἀλλά ἔξωθεν .
185188	tlg0057.tlg095.1st1K-grc1	εἰ γοῦν τις ἀκριβῶς ἐθέλοι διορίσαι τοὺς περικειμένους τόπους τῇ κατ’ ὦμον διαρθρώσει πλάτος ἔχοντας, δῆλον ὅτι νοῶν μὲν ἅπαντας ἐν μὲν τοῖς πρόσω μέσην μὲν εἶναί τινα γραμμὴν ἀπλατῆ, νοουμένην ἀκριβῶς μέσην, ἄνωθεν κατὰ μῆκος τοῦ βραχίονος τεταμένην, ἐπὶ πλάτειδ’ ἑκατέρωθεν ὁριζομένην τὸ πρόσω·	εἰ γοῦν τις ἀκριβής ἐθέλω διορίζω ὁ  τόπος ὁ κατά ὦμος διαρθρόω πλάτος ἔχω , δῆλος ὅτι2 νοέω μέν ἅπας ἐν μέν ὁ πρόσω μέσος μέν εἰμί  γραμμή  , νοέω ἀκριβής μέσος , ἄνωθεν κατά μῆκος ὁ βραχίων τείνω , ἐπί πλάτος δ’ ἑκατέρωθεν ὁρίζω ὁ πρόσω ·
185189	tlg0057.tlg095.1st1K-grc1	κατὰ μὲν τὴν ἔνδον χώραν ὑπὸ τῆς ὠμιαίας φλεβὸς, ἔξωθεν δὲ μέχρι τοσούτου πάλιν ἄλλου δή τινος διαστήματος, ὧν ἡ φλὲψ αὕτη τῆς ἀπλατοῦς ἀφέστηκεν.	κατά μέν ὁ ἔνδον χώρα ὑπό ὁ  φλέψ , ἔξωθεν δέ μέχρι τοσοῦτος πάλιν ἄλλος δή τις διάστημα , ὅς ὁ  οὗτος ὁ  ἀφίστημι .
185190	tlg0057.tlg095.1st1K-grc1	οὗτοι μὲν οὖν ὅροι τῆς πρόσω χώρας, ἐφ’ ἑκάτερα δὲ τῶν δύο ἕτεροι, ἀφ’ ἦς οἱ κατὰ τὴν μασχάλην τένοντες, ὁ μὲν τὴν ἔνδον ὁρίζων χώραν, ὁ δὲ τὴν ἔξω.	οὗτος μέν οὖν ὅρος ὁ πρόσω χώρα , ἐπί ἑκάτερος δέ ὁ γε ἕτερος , ἀπό  ὁ κατά ὁ μασχάλη  , ὁ μέν ὁ ἔνδον ὁρίζω χώρα , ὁ δέ ὁ ἔξω .
185191	tlg0057.tlg095.1st1K-grc1	τὴν μὲν ἔνδον χώραν τῆς διαρθρώσεως νοεῖσθαί σοι τοῦ μετὰ τῆς φλεβὸς καὶ οὐ μεταξὺ τῆς μασχάλης περιγράφοντος ἔξωθεν τένοντος·	ὁ μέν ἔνδον χώρα ὁ    ὁ μετά ὁ φλέψ καί οὐ  ὁ μασχάλη περιγράφω ἔξωθεν  ·
185192	tlg0057.tlg095.1st1K-grc1	ἔτι τε τῆς γραμμῆς ἐκείνης, ὧν ἠξίουν ἀπέχειν διαστημάτων μεταξὺ διάστημά τι τῆς ὠμιαίας φλεβὸς καὶ τῆςτ’ ἀκριβῶς προσθίας μέσης γραμμῆς, ὥστε κατ’ αὐτὴν διαίρεσιν, ὅσον ὑψηλότερόν ἐστι τοῦ κατὰ τὴν μασχάλην ἔξωθεν τένοντος οὐκ ἂν ὀπίσω τῆς διαρθρώσεώς ἐστι τὸ σιμὸν τῆς ὠμοπλάτης, ὥσπερ γε καὶ τὸ κατ’ ὦμον ἡ μασχάλη, τὸδ’ ἄνω μεταξὺ τοῦτ’ ἀκρωμίου καὶ τῆς κεφαλῆς τοῦ βραχίονος.	ἔτι τε ὁ γραμμή ἐκεῖνος , ὅς ἀξιόω ἀπέχω διάστημα μεταξύ διάστημα  ὁ  φλέψ καί ὁ τ’ ἀκριβής  μέσος γραμμή , ὥστε κατά αὐτός διαίρεσις , ὅσος  εἰμί ὁ κατά ὁ μασχάλη ἔξωθεν  οὐ ἄν ὀπίσω ὁ  εἰμί ὁ  ὁ  , ὥσπερ γε καί ὁ κατά ὦμος ὁ μασχάλη , ὁ δ’ ἄνω2  ὁ τ’ ἀκρώμιον καί ὁ κεφαλή ὁ βραχίων .
185193	tlg0057.tlg095.1st1K-grc1	Ἰητρεύειν μὲν οὖν χρὴ διὰ πάσης τῆς ἰητρείης τὰ ἕλκεα, μηδέποτε ἰσχυρῶς ἀνατείνοντα τὸν βραχίονα, ἀλλὰ μετρίως ὅσον τῶν ἑλκέων ἐπιμελείης εἵνεκα, ἧσσον μὲν γὰρ ἂν διαψύχοιτο.	ἰατρεύω μέν οὖν χρή διά πᾶς ὁ ἰατρεία ὁ ἕλκος , μηδέποτε ἰσχυρός ἀνατείνω ὁ βραχίων , ἀλλά μέτριος ὅσος ὁ  ἐπιμέλεια ἕνεκα , ἥσσων μέν γάρ ἄν διαψύχω .
185194	tlg0057.tlg095.1st1K-grc1	ξυμφέρει γὰρ πάντα τὰ καύματα σκέπειν, ὡς καὶ ἐπιεικῶς ἰητρεύεσθαι.	συμφέρω γάρ πᾶς ὁ καῦμα σκέπω , ὡς καί ἐπιεικής ἰατρεύω .
185195	tlg0057.tlg095.1st1K-grc1	ἧσσον δ’ ἂν ἐκπλήσσοιτο, ἧσσον δ’ ἂν αἱμοῤῥαγοίη, ἧσσον δ’ ἂν σπασμὸς ἐπιγένοιτο.	ἥσσων  ἄν  , ἥσσων  ἄν  , ἥσσων  ἄν σπασμός  .
185196	tlg0057.tlg095.1st1K-grc1	Τὰς αἰτίας αὐτὸς εἶπε, δι’ ἃς κελεύει τὸν βραχίονα μηδέποτε ἀνατεῖναι ἰσχυρῶς·	αἰτία αὐτός λέγω , διά ὅς κελεύω ὁ βραχίων μηδέποτε ἀνατείνω ἰσχυρός ·
185197	tlg0057.tlg095.1st1K-grc1	πρώτην μὲν ὅτι πάντα τὰ καύματα συμφέρει σκέπειν, ὡς ἰατρεύεσθαι καὶ μὴ καταψύχεσθαι·	πρῶτος μέν ὅτι2 πᾶς ὁ καῦμα συμφέρω σκέπω , ὡς ἰατρεύω καί μή  ·
185198	tlg0057.tlg095.1st1K-grc1	καὶ ἄλλως μὲν γὰρ, ὡς αὐτὸς ἔλεγεν, ἕλκεσι τὸ ψυχρὸν δακνῶδες δέρμα περισκληρύνει, ὀδύνην ἀνεκπύητον ποιέει.	καί ἄλλος μέν γάρ , ὡς αὐτός λέγω , ἕλκος ὁ ψυχρός δακνώδης δέρμα περισκληρύνω , ὀδύνη ἀνεκπύητος ποιέω .
185199	tlg0057.tlg095.1st1K-grc1	πολὺ δὲ μᾶλλον ὅσα θερμὸν αἴτιον εἰργάσατο, καθάπερ νῦν τὸ πῦρ, ἧσσονδ’ ἂν, φησὶν, ἐκπλήσσοιτο, τουτέστιν ἐπὶ πλέον διΐστασθαι τὸ τοῖς χείλεσιν ἕλκος.	πολύς δέ μᾶλλον ὅσος θερμός αἴτιος ἐργάζομαι , καθά νῦν ὁ πῦρ , ἥσσων δ’ ἐάν , φημί ,  ,  ἐπί πλέως  ὁ ὁ χεῖλος ἕλκος .
185200	tlg0057.tlg095.1st1K-grc1	ἐν τούτῳ γὰρ ψύχεται μᾶλλον καὶ χρονιώτερον συνουλοῦται καὶ αὐτὰς τὰς οὔλας ἔχει μείζονας.	ἐν οὗτος γάρ ψύχω μᾶλλον καί χρόνιος  καί αὐτός ὁ ὅλος ἔχω  .
185201	tlg0057.tlg095.1st1K-grc1	τὸ δ’ ἐφεξῆς εἰρημένον, ἧσσον δ’ ἂν αἱμοῤῥαγοίη, προσέθηκεν εἰς τὸν καθόλου λόγον ὑπενεχθεὶς ἁπάντων ἑλκῶν, οὐ τῶν νῦν προκειμένων ἴδιον.	ὁ  ἐφεξῆς λέγω , ἥσσων  ἄν αἱμορραγέω , προστίθημι εἰς ὁ καθόλου λόγος ὑποφέρω ἅπας  , οὐ ὁ νῦν  ἴδιος .
185202	tlg0057.tlg095.1st1K-grc1	εἰ γὰρ ὡς ἐκέλευσεν οὕτω τις τὸ δέρμα διακαύσειεν, οὐδεὶς ἀκολουθήσειε φόβος αἱμοῤῥαγίας.	εἰ γάρ ὡς κελεύω οὕτως τις ὁ δέρμα  ,  ἀκολουθέω φόβος  .
185203	tlg0057.tlg095.1st1K-grc1	ἴσως δ’ ἂν ἐκ τοῦ ψυχθῆναι τὰ νεῦρα γυμνωθέντος τοῦ δέρματος, οὐ τοῦ σπασμοῦ κίνδυνος ἀκολουθήσειε μόνος, καὶ αὐτοῦ κατὰ τὴν τελευτὴν ἐμνημόνευσε τῆς ὅλης ῥήσεως.	ἴσος  ἀνά ἐκ ὁ  ὁ νεῦρον γυμνόω ὁ δέρμα , οὐ ὁ σπασμός κίνδυνος ἀκολουθέω μόνος , καί αὐτός κατά ὁ τελευτή μνημονεύω ὁ ὅλος  .
185204	tlg0057.tlg095.1st1K-grc1	Ὅταν δὲ δὴ καθαρὰ γένηται τὰ ἕλκεα ἐς ὠτειλάς τε ἴῃ, τότε δὴ καὶ παντάπασι χρὴ αἰεὶ τὸν βραχίονα πρὸς τῇσι πλευρῇσι προδεδέσθαι καὶ νύκτα καὶ ἡμέρην.	δέ δή καθαρός γίγνομαι ὁ ἕλκος εἰς ὠτειλή τε εἶμι , τότε δή καί παντάπασι χρή ἀεί ὁ βραχίων πρός ὁ πλευρά  καί νύξ καί ἡμέρα .
185205	tlg0057.tlg095.1st1K-grc1	Τὰς ὠτειλὰς ἐνταῦθα κυρίως εἶπεν ἐπὶ τῶν οὐλῶν, οὐχ ὡς ἔμπροσθεν ἐπὶ τῶν ἑλκῶν·	ὠτειλή ἐνταῦθα κύριος λέγω ἐπί ὁ ὅλοξ ,  ὡς ἔμπροσθεν ἐπί ὁ  ·
185206	tlg0057.tlg095.1st1K-grc1	ἀξιοῖ δέ ποτε μάλιστα φροντίζειν τοῦ μηδέποτε ἀφίστασθαι τῶν πλευρῶν τὸν βραχίονα, πλὴν ἐπὶ βραχὺ μόνον ἐν ἐκείνῳ τῷ καιρῷ, καθ’ ὃν ἂν θεραπεύηται τὰ ἕλκη.	ἀξιόω δέ ποτε μάλιστα φροντίζω ὁ μηδέποτε ἀφίστημι ὁ  ὁ βραχίων ,  ἐπί βραχύς μόνος ἐν ἐκεῖνος ὁ καιρός , κατά ὅς ἄν θεραπεύω ὁ ἕλκος .
185207	tlg0057.tlg095.1st1K-grc1	μάλιστα γὰρ ἁλίσκεσθαι φαίνεται τὰ καθαρὰ τῶν ἑλκῶν οἷς κατὰ τὴν πρὸ ταύτης ῥῆσιν εἶπεν ἅπασι συμπτώμασι καὶ μάλιστα τοῖς ἀπὸ τῶν ἔξωθεν αἰτιῶν.	μάλιστα γάρ ἁλίσκομαι φαίνω ὁ καθαρός ὁ  ὅς κατά ὁ πρό οὗτος ῥῆσις λέγω ἅπας σύμπτωμα καί μάλιστα ὁ ἀπό ὁ ἔξωθεν  .
185208	tlg0057.tlg095.1st1K-grc1	ἐπειδὴ πρόσθεν ἡμῖν ἥκειν ἔτι ῥυπαρὰ καὶ φλεγμαίνοντα καὶ τὸν ῥύπον αὐτῶν εἶχεν οἷον πρόβλημά τι καὶ σκέπασμά τι καὶ τὴν περιουσίαν τῶν παρὰ φύσιν ὑγρῶν, ἀλλὰ καὶ ἡ θερμασία τῆς φλεγμονῆς ἀντεῖχε τοῖς ἔξωθεν μὴ γινομένοις ψυχροῖς.	ἐπεί πρόσθεν ἐγώ ἥκω ἔτι ῥυπαρός καί φλεγμαίνω καί ὁ ῥύπος αὐτός ἔχω οἷος πρόβλημα  καί   καί ὁ περιουσία ὁ παρά φύσις ὑγρός , ἀλλά καί ὁ θερμασία ὁ φλεγμονή ἀντέχω ὁ ἔξωθεν μή  ψυχρός .
185209	tlg0057.tlg095.1st1K-grc1	ἡνίκα δ’ ἂν φλεγμαίνει, τότε καθαρὰ καὶ οἷον ἀπέριττα γέγονεν, αἰσθάνεται μᾶλλον ἢ προσθὲν ὧν πάσχει.	ἡνίκα  ἐάν φλεγμαίνω , τότε καθαρός καί οἷος  γίγνομαι ,  μᾶλλον ἤ  ὅς πάσχω .
185210	tlg0057.tlg095.1st1K-grc1	διὰ ταῦτα πάντα ῥᾳδίως μὲν ὑπὸ τῶν ἔξωθεν αἰτιῶν καὶ μάλιστα τῶν ψυχρῶν ὀδυνᾶταί τε καὶ ψύχεται.	διά οὗτος πᾶς ῥᾴδιος μέν ὑπό ὁ ἔξωθεν αἰτία καί μάλιστα ὁ ψυχρός  τε καί ψύχω .
185211	tlg0057.tlg095.1st1K-grc1	τῷ δ’ ἀκριβεῖ τῆς αἰσθήσεως τήν τε ὀδύνην ἴσχει σφοδροτέραν καὶ τὰς ἐπικειμένας αὐτῇ δυσχερείας ἐπικτᾶται.	τῷ  ἀκριβής ὁ αἴσθησις ὁ τε ὀδύνη ἴσχω σφοδρός καί ὁ  αὐτός δυσχέρεια  .
185212	tlg0057.tlg095.1st1K-grc1	Ἀτὰρ καὶ ὅταν ὑγιέα γένηται τὰ ἕλκεα, ὁμοίως ἐπὶ πολὺν χρόνον χρὴ προσδεῖν τὸν βραχίονα πρὸς τὰς πλευράς·	καί ὅταν  γίγνομαι ὁ ἕλκος , ὅμοιος ἐπί πολύς χρόνος χρή  ὁ βραχίων πρός ὁ πλευρά ·
185213	tlg0057.tlg095.1st1K-grc1	οὕτω γὰρ ἂν μάλιστα ἐπουλωθείη καὶ ἀπολειφθείη ἡ εὐρυχωρίη, καθ’ ἣν μάλιστα ὀλισθαίνει ὁ βραχίων.	οὕτως γάρ ἄν μάλιστα ἐπουλόω καί ἀπολείπω ὁ  , κατά ὅς μάλιστα  ὁ βραχύς .
185214	tlg0057.tlg095.1st1K-grc1	Κἀνταῦθα τὸν σκοπὸν ὃν συνεβούλευσεν αὐτὸς ἐδήλωσεν εἰπὼν·	ὁ  ὅς συμβουλεύω αὐτός δηλόω λέγω ·
185215	tlg0057.tlg095.1st1K-grc1	οὕτως γὰρ ἂν μάλιστα ἐπουλωθείη καὶ ἀπολειφθείη εὐρυχωρίη, καθ’ ἣν ὀλισθαίνει ὁ βραχίων, δυνάμει τοῦτο λέγων.	οὕτως γάρ ἄν μάλιστα ἐπουλόω καί ἀπολείπω  , κατά ὅς  ὁ  , δύναμις οὗτος λέγω .
185216	tlg0057.tlg095.1st1K-grc1	ὅσῳπερ γὰρ ἡ οὐλὴ βραχυτέρα γένηται, τοσούτῳ μᾶλλον εἰς ὀλίγον συναχθήσεται τὸ περὶ τὴν μασχάλην δέρμα.	ὅσος γάρ ὁ οὐλή βραχύς γίγνομαι , τοσοῦτος μᾶλλον εἰς ὀλίγος  ὁ περί ὁ μασχάλη δέρμα .
185217	tlg0057.tlg095.1st1K-grc1	μέγιστον δέ ἐστι τοῦτο πρὸς τὸ μὴ.	μέγας δέ εἰμί οὗτος πρός ὁ μή .
185218	tlg0057.tlg095.1st1K-grc1	ῥᾳδίως ὀλισθαίνειν ἐνταῦθα τὸν βραχίονα.	ῥᾴδιος  ἐνταῦθα ὁ βραχίων .
185219	tlg0057.tlg095.1st1K-grc1	Ὅσοισι δ’ ἂν ὦμος καταπορηθῇ ἐμβληθῆναι ἢν μὲν ἔτι ἐν αὐξήσει ἔωσιν, οὐκ ἐθέλει συναύξεσθαι τὸ ὀστέον τοῦ βραχίονος, ὁμοίως τῷ ὑγιεῖ, ἀλλὰ αὔξεται μὲν ἐπί τι, βραχύτερον δὲ τοῦ ἑτέρου γίνεται.	ἄν ὦμος καταπορέω ἐμβάλλω ἐάν μέν ἔτι ἐν αὐξάνω εἰμί , οὐ ἐθέλω συναυξάνω ὁ ὀστέον ὁ βραχίων , ὅμοιος τῷ  , ἀλλά  μέν ἐπί τις , βραχύς δέ ὁ ἕτερος γίγνομαι .
185220	tlg0057.tlg095.1st1K-grc1	Τὰ συμπτώματα διέρχεται νῦν, ὅσα τοῖς ἔξαρθρον ἔχουσι τὸν ὦμον ἐξ ἀνάγκης ἐπιγίγνεται·	σύμπτωμα διέρχομαι νῦν , ὅσος ὁ  ἔχω ὁ ὦμος ἐκ ἀνάγκη ἐπιγίγνομαι ·
185221	tlg0057.tlg095.1st1K-grc1	πρῶτον μὲν οὖν ἐστι καὶ κοινότατον, ᾧ καὶ τἄλλα ἕπεται πάντα τὸ ἀτροφώτερον ταὐτὸν γίγνεσθαι, τούτῳδ’ αὐτῷ πάλιν ἕπεται.	πρῶτος μέν οὖν εἰμί καί κοινός , ὅς καί   πᾶς ὁ  αὐτός γίγνομαι , οὗτος δ’ αὐτός πάλιν  .
185222	tlg0057.tlg095.1st1K-grc1	τελειωθέντος μὲν οὖν ἤδη τοῦ κώλου λεπτότης, ἔτι τε αὐξανομένου καὶ ἡ σμικρότης.	μέν οὖν ἤδη ὁ   , ἔτι τε αὐξάνω καί ὁ μικρότης .
185223	tlg0057.tlg095.1st1K-grc1	αὕτη δ’ ἀτροφία διά τε τὴν διαστροφὴν γίγνεται τῶν κατὰ κῶλον ἀγγείων τε καὶ μυῶν, αἰτία δὲ ἡ ἀκινησία ὅλου τοῦ ἄρθρου·	οὗτος   διά τε ὁ διαστροφή γίγνομαι ὁ κατά κῶλον  τε καί  , αἰτία δέ ὁ ἀκινησία  ὁ  ·
185224	tlg0057.tlg095.1st1K-grc1	καὶ γάρ τι τῶν ὑγιῶν κώλων ἐπὶ χρόνῳ πολλῷ παντάπασιν ἀκίνητον μεῖναν σαφῶς ἀτροφώτερον φαίνεται.	καί γάρ τι ὁ ὑγιής κῶλον ἐπί χρόνος πολύς παντάπασι ἀκίνητος  σαφής  φαίνω .
185225	tlg0057.tlg095.1st1K-grc1	Καὶ οἱ καλεόμενοι δὲ ἐκ γενεῆς γαλιάγκωνες διὰ δισσὰς ξυμφορὰς ταύτας γίνονται·	καί ὁ καλέω δέ ἐκ γενεά γαλιάγκων διά  συμφορά οὗτος γίγνομαι ·
185226	tlg0057.tlg095.1st1K-grc1	ἤν γέ τι τοιοῦτον αὐτοὺς ἐξάρθρημα καταλάβῃ ἐν γαστρὶ ἐόντας, διά τε ἄλλην συμφορὴν, περὶ ἦς ὕστερόν ποτε γεγράψεται.	ἐάν γε τι τοιοῦτος αὐτός ἐξάρθρημα  ἐν γαστήρ εἰμί , διά τε ἄλλος συμφορά , περί  ὕστερον ποτε  .
185227	tlg0057.tlg095.1st1K-grc1	Εἴτε ἀπὸ τῆς πρὸς τὰς γαλᾶς ὁμοιότητος ἐκλήθησαν οἱ γαλιάγκωνες εἴτ’ ἀπ’ ἄλλου τινὸς ἐπιτρέπειν χρὴ τοῖς περὶ αὐτὰ σπουδάζουσιν ἐπιμελῶς ζητεῖν.	εἴτε ἀπό ὁ πρός ὁ γαλέη  καλέω ὁ γαλιάγκων  ἀπό ἄλλος  ἐπιτρέπω χρή ὁ περί αὐτός σπουδάζω ἐπιμελής ζητέω .
185228	tlg0057.tlg095.1st1K-grc1	ἰατρῷ δὲ χρήσιμον ἐπίστασθαι τὸ γεννᾶσθαί τινας ἐξάρθρους ἀμφότερα τὰ κατ’ ὦμον ἄρθρα, τό τε ἀριστερὸν καὶ τὸ δεξιὸν, ὅτι τε μικροὺς ἐξ ἀνάγκης ἔχουσιν οὗτοι τοὺς βραχίονας.	ἰατρός δέ χρήσιμος ἐφίστημι ὁ  τις  ἀμφότερος ὁ κατά ὦμος ἄρθρον , ὁ τε ἀριστερός καί ὁ δεξιός , ὅτι2 τε μικρός ἐκ ἀνάγκη ἔχω οὗτος ὁ βραχίων .
185229	tlg0057.tlg095.1st1K-grc1	εἰδέναι δεῖ τινα καὶ ἄλλην συμφορὰν ἐργαζομένην ταὐτὸ πάθημα, περὶ ἧς αὖθις ἐρεῖν ἐπαγγέλλεται.	οἶδα δέω τις καί ἄλλος συμφορά  αὐτός πάθημα , περί ὅς αὖθις  ἐπαγγέλλω .
185230	tlg0057.tlg095.1st1K-grc1	χαλεπὸν δὲ εὑρεῖν ἑτέραν, ἣν αὐτὸς ἐφεξῆς λέγει συμβαίνειν τοῖς νηπίοις.	χαλεπός δέ εὑρίσκω ἕτερος , ὅς αὐτός ἐφεξῆς λέγω συμβαίνω ὁ νήπιος .
185231	tlg0057.tlg095.1st1K-grc1	ἔχει δὲ ἡ λέξις οὕτως.	ἔχω δέ ὁ λέξις οὕτως .
185232	tlg0057.tlg095.1st1K-grc1	Ἀτὰρ καὶ οἷσιν ἔτι νηπίοισιν ἐοῦσι κατὰ τὴν κεφαλὴν τοῦ βραχίονος βαθεῖαι καὶ ὑποβρύχιοι ἐκπυήσιες γίνονται;	καί ὅς ἔτι  εἰμί κατά ὁ κεφαλή ὁ βραχύς βαθύς καί ὑποβρύχιος ἐκπύησις γίγνομαι ;
185233	tlg0057.tlg095.1st1K-grc1	καὶ οὗτοι πάντες γαλιάγκωνες γίνονται.	καί οὗτος πᾶς γαλιάγκων γίγνομαι .
185234	tlg0057.tlg095.1st1K-grc1	καὶ ἤν τε τμηθῶσιν ἤν τε καυθῶσιν ἤν τε αὐτόματόν σφιν ἐκραγῇ, εὖ εἰδέναι χρὴ ὅτι ταῦτα οὕτως ἔχει.	καί ἐάν τε  ἐάν τε καίω ἐάν τε αὐτόματος σφεῖς ἐκραγή , εὖ οἶδα χρή ὅτι2 οὗτος οὕτως ἔχω .
185235	tlg0057.tlg095.1st1K-grc1	χρέεσθαι μέντοι τῇ χειρὶ δυνατώτατοί εἰσιν οἱ ἐκ γενεῆς γαλιάγκωνες, οὐ μὴν οὐδὲ ἐκεῖνοί γε ἀνατεῖναι παρὰ τὸ οὖς τὸν βραχίονα ἐκτανύσαντες τὸν ἀγκῶνα δύνανται, ἀλλὰ πολὺ ἐνδεεστέρως ἢ τὴν ὑγιέα χεῖρα.	χράομαι  ὁ χείρ δυνατός εἰμί ὁ ἐκ γενεά γαλιάγκων , οὐ μήν οὐδέ ἐκεῖνος γε ἀνατείνω παρά ὁ οὖς ὁ βραχίων ἐκτανύω ὁ ἀγκών δύναμαι , ἀλλά πολύς  τίη ὁ ὑγιής χείρ .
185236	tlg0057.tlg095.1st1K-grc1	Δύναται δὲ τοῦτο καὶ κυουμένοις ἐπισυμβαίνειν·	δέ οὗτος καί κυέω  ·
185237	tlg0057.tlg095.1st1K-grc1	συμφορὰν δ’ ἄλλην ἔτι κυουμένοις ἐξαρθρήματος αἰτίαν γίνεσθαι χαλεπὸν εὑρεῖν, ἀμφοτέρας δὲ ταύτας οὐκ ἀδύνατον συμβῆναι·	συμφορά  ἄλλος ἔτι κυέω  αἰτία γίγνομαι χαλεπός εὑρίσκω , ἀμφότερος δέ οὗτος οὐ ἀδύνατος συμβαίνω ·
185238	tlg0057.tlg095.1st1K-grc1	καὶ γὰρ ἐκπυῆσαι δυνατόν ἐστι τὸ ἐκραγῆναι καὶ ἀπουλωθῆναι τῷ κυουμένῳ τῷ βρέφει πρὸς τῆς φύσεως καὶ τοῦτο μᾶλλον ἔτι κατὰ ἔμπτωσιν ἐνδέχεται τοῦ κατ’ ὦμον ἄρθρου διά τε τὴν ὑγρότητα τῆς φύσεως τοῦ παιδίου καὶ τῆς κατὰ διάρθρωσιν κοτύλης τὸ εὐυπέρβατον.	καί γάρ ἐκπυέω δυνατός εἰμί ὁ ἐκρήγνυμι καί ἀπουλόω τῷ κυέω τῷ  πρός ὁ φύσις καί οὗτος μᾶλλον ἔτι κατά  ἐνδέχομαι ὁ κατά ὦμος  διά τε ὁ ὑγρότης ὁ φύσις ὁ παίδιος καί ὁ κατά διάρθρωσις κοτύλη ὁ  .
185239	tlg0057.tlg095.1st1K-grc1	Οἷσι δ’ ἂν ἤδη ἂν ἀνδράσιν ἐοῦσι ἐκπέσῃ ὁ ὦμος καὶ μὴ ἐμβληθῇ, ἐπωμὶς ἀσαρκωτέρη γίνεται καὶ ἡ ἕξις λεπτὴ ἡ κατὰ τοῦτο, ὅταν μέντοι ὀδυνώμενοι παύσωνται.	ἐάν ἤδη ἄν ἀνήρ εἰμί ἐκπίπτω ὁ ὦμος καί μή ἐμβάλλω ,   γίγνομαι καί ὁ ἕξις λεπτός ὁ κατά οὗτος , ὅταν  ὀδυνάω παύω .
185240	tlg0057.tlg095.1st1K-grc1	ὁκόσα μὲν δεῖ ἐργάζεσθαι ἐπάραντας τὸν ἀγκῶνα ἀπὸ τῶν πλευρέων εἰς τὸ πλάγιον, ταῦτα μὲν οὐ δύναται ἅπαντα ὁμοίως ἐργάζεσθαι.	ὁπόσος μέν δέω ἐργάζομαι ἐπαίρω ὁ ἀγκών ἀπό ὁ  εἰς ὁ πλάγιον , οὗτος μέν οὐ δύναμαι ἅπας ὅμοιος ἐργάζομαι .
185241	tlg0057.tlg095.1st1K-grc1	ὁκόσα δὲ δεῖ ἐργάζεσθαι παραφέροντας τὸν βραχίονα παρὰ τὰς πλευρὰς ἢ ἐς τοὐπίσω ἢ ἐς τοὔμπροσθεν.	ὁπόσος δέ δέω ἐργάζομαι παραφέρω ὁ βραχίων παρά ὁ πλευρά τίη εἰς ὀπίσω τίη εἰς  .
185242	tlg0057.tlg095.1st1K-grc1	ταῦτα δὲ δύνανται ἐργάζεσθαι·	οὗτος δέ δύναμαι ἐργάζομαι ·
185243	tlg0057.tlg095.1st1K-grc1	καὶ γὰρ ἂν ἀρίδα ἑλκύσαιεν καὶ πρίονα καὶ πελεκίσαιεν ἂν καὶ σκάψαιεν, ἂν μὴ κάρτα ἄνω αἴροντες τὸν ἀγκῶνα καὶ τἄλλα ὅσα τῶν τοιούτων σχημάτων ἐργάζονται.	καί γάρ ἄν ἀρίς ἕλκω καί πρίων καί  ἐάν καί  , ἐάν μή κάρτα ἄνω2 αἴρω ὁ ἀγκών καί  ὅσος ὁ τοιοῦτος σχῆμα ἐργάζομαι .
185244	tlg0057.tlg095.1st1K-grc1	Ἡ ἐπωμὶς τοῖς οὕτω πεπονθόσι κἀν τῷ παραχρῆμα φαίνηται λεπτοτέρα καὶ ἀσαρκωτέρα τῆς κεφαλῆς τοῦ βραχίονος ἀπολειπούσης τὸν ὦμον, ἀλλὰ καὶ εἰς ὕστερον ἔτι μᾶλλον φαίνεται τοιαύτη, διότι γίνεται τοῦ χρόνου περιόντος ἀτροφώτερα τὰ μόρια τοῦ δελτοειδοῦς μυὸς ἀσθενοῦς τεινομένου, διότι κάτω γίνεται βίαιος ἀκολουθῶν εἰς μασχάλην τῆς κεφαλῆς τοῦ βραχίονος.	ὁ ἐπωμίς ὁ οὕτως πάσχω ἐν τῷ παραχρῆμα φαίνω λεπτός καί  ὁ κεφαλή ὁ βραχίων ἀπολείπω ὁ ὦμος , ἀλλά καί εἰς ὕστερον ἔτι μᾶλλον φαίνω τοιοῦτος , διότι γίγνομαι ὁ χρόνος περίειμι  ὁ μόριον ὁ  μῦς ἀσθενής τείνω , διότι κάτω γίγνομαι βίαιος ἀκολουθέω εἰς μασχάλη ὁ κεφαλή ὁ βραχίων .
185245	tlg0057.tlg095.1st1K-grc1	ὅτι δὲ διὰ τὸ μὴ κινεῖσθαι μηδὲ ἐνεργεῖν τὴν οἰκείαν ἐνέργειαν, ἣν εἶχεν ἀνατείνων τὸν βραχίονα, ψυχρότερος καὶ ἀσθενέστερος ἀποτενούμενος καὶ ἀτροφώτερος διὰ τοῦτο γίνεται·	ὅτι2 δέ διά ὁ μή κινέω μηδέ ἐνεργέω ὁ οἰκεῖος ἐνέργεια , ὅς ἔχω ἀνατείνω ὁ βραχίων , ψυχρός καί ἀσθενής  καί ἄτροφος διά οὗτος γίγνομαι ·
185246	tlg0057.tlg095.1st1K-grc1	κίνησις μὲν γὰρ κρατύνει, ἀργίη δὲ τήκει.	κίνησις μέν γάρ κρατύνω , ἀργία δέ  .
185247	tlg0057.tlg095.1st1K-grc1	Ὅσοισι δ’ ἂν τὸ ἀκρώμιον ἀποσπασθῇ, τουτέοισι φαίνεται ἐξέχον τὸ ὀστέον τῶν ἀπεσπασμένων.	ἄν ὁ ἀκρώμιον ἀποσπάω ,  φαίνω ἐξέχω ὁ ὀστέον ὁ  .
185248	tlg0057.tlg095.1st1K-grc1	ἔστι δὲ τοῦτο ὁ σύνδεσμος τῆς κληῖδος καὶ τῆς ὠμοπλάτης·	εἰμί δέ οὗτος ὁ σύνδεσμος ὁ κλείς καί ὁ  ·
185249	tlg0057.tlg095.1st1K-grc1	ἑτεροίη γὰρ φύσις ἀνθρώπου ταύτη ἢ τῶν ἄλλων ζώων.	ἑτεροῖος γάρ φύσις ἄνθρωπος  ἤ ὁ ἄλλος  .
185250	tlg0057.tlg095.1st1K-grc1	οἱ οὖν ἰητροὶ μάλιστα ἐξαπατέονται ἐν τούτῳ τῷ τρώματι, ἅτε γὰρ ἀνασχόντος τοῦ ὀστέου τοῦ ἀποσπασθέντος ἡ ἐπωμὶς φαίνεται χαμαιζήλη καὶ κοίλη, ὥστε καὶ προμηθεῖσθαι τῶν ὤμων τῶν ἐκπεπτωκότων.	ἕ οὖν ἰατρός μάλιστα ἐξαπατάω ἐν οὗτος τῷ τραῦμα ,  γάρ ἀνέχω ὁ  ὁ ἀποσπάω ὁ ἐπωμίς φαίνω  καί κοῖλος , ὥστε καί προμηθέομαι ὁ ὦμος ὁ ἐκπίπτω .
185251	tlg0057.tlg095.1st1K-grc1	πολλοὺς οὖν οἶδα ἰητροὺς τἄλλα οὐ φλαύρους ἐόντας, οἳ πολλὰ ἤδη ἐλυμήναντο ἐμβάλλειν πειρώμενοι τοὺς τοιούτους ὤμους, οὕτως οἰόμενοι ἐκπεπτωκέναι καὶ οὐ πρόσθεν παύονται πρὶν ἢ ἀπογνῶναι ἢ ἀπορῆσαι δοκέοντας αὐτοὶ σφᾶς αὐτοὺς ἐμβαλέειν τὸν ὦμον.	πολύς οὖν οἶδα ἰατρός  οὐ  εἰμί , ὁ πολύς ἤδη λυμαίνομαι2 ἐμβάλλω πειράω ὁ τοιοῦτος ὦμος , οὕτως  ἐκπίπτω καί οὐ πρόσθεν παύω πρίν τίη ἀπογιγνώσκω ἤ ἀπορέω2 δοκέω αὐτός σφεῖς αὐτός ἐμβάλλω ὁ ὦμος .
185252	tlg0057.tlg095.1st1K-grc1	τούτοισιν ἰητρείη μὲν, ἥπερ καὶ τοῖσιν ἄλλοισι τοιούτοισι κηρωτὴ καὶ σπλῆνες καὶ ὀθόνια καὶ ἐπίδεσις τοιαύτη.	οὗτος  μέν , ὅς καί ὁ ἄλλος τοιοῦτος  καί σπλήν καί ὀθόνιον καί ἐπίδεσις τοιοῦτος .
185253	tlg0057.tlg095.1st1K-grc1	καταναγκάζειν μέντοι τὸ ὑπερέχον χρὴ καὶ τοὺς σπλῆνας κατὰ τοῦτο τιθέναι πλείστους καὶ πιέζειν ταῦτα, μάλιστα τὸν βραχίονα πρὸς τῇσι πλευρῇσι προσηρτημένον ἐς τὸ ἄνω μέρος ἔχειν, οὕτω γὰρ ἂν μάλιστα πλησιάζοιτο ἀπεσπασμένον.	καταναγκάζω  ὁ  χρή καί ὁ σπλήν κατά οὗτος τίθημι πλεῖστος καί πιέζω οὗτος , μάλιστα ὁ βραχίων πρός ὁ πλευρά προσαρτάω εἰς ὁ ἄνω2 μέρος ἔχω , οὕτως γάρ ἄν μάλιστα  ἀποσπάω .
185254	tlg0057.tlg095.1st1K-grc1	τάδε μὴν εὖ εἰδέναι χρὴ καὶ προλέγειν ὡς ἀσφαλέα, εἰ ἄλλως ἐθέλοις·	ὅδε μήν εὖ οἶδα χρή καί προλέγω ὡς ἀσφαλής , εἰ ἄλλος ἐθέλω ·
185255	tlg0057.tlg095.1st1K-grc1	ὅτι βλάβη μὲν οὐδεμίη οὔτε μικρὴ οὔτε μεγάλη τῷ ὤμῳ γίνεται ἀπὸ τούτου τοῦ τρώματος, αἴσχιον δὲ τὸ χωρίον.	ὅτι2 βλάβη μέν οὐδείς οὔτε μικρός οὔτε μέγας ὁ ὦμος γίγνομαι ἀπό οὗτος ὁ τραῦμα , αἰσχρός δέ ὁ χωρίον .
185256	tlg0057.tlg095.1st1K-grc1	οὐδὲ γὰρ τοῦτο τὸ ὀστέον ἐς τὴν ἀρχαίην ἕδρην ὁμοίως ἂν ἱδρυνθείη, ὥσπερ πέφυκεν, ἀλλ’ ἀνάγκη πλέον ἢ ἔλασσον ὀγκηρότερον εἶναι ἐς τὸ ἄνω.	οὐδέ γάρ οὗτος ὁ ὀστέον εἰς ὁ ἀρχαῖος ἕδρα ὅμοιος ἐάν ἱδρύω , ὥσπερ φύω , ἀλλά ἀνάγκη πολύς ἤ ἐλάσσων ὀγκηρός εἰμί εἰς ὁ ἄνω2 .
185257	tlg0057.tlg095.1st1K-grc1	οὐδὲ γὰρ ἄλλο ὀστέον οὐδὲν ἐς τὸ αὐτὸ καθίσταται, ὅτι ἂν κοινωνέον ἐστὶν ἑτέρῳ ὀστέῳ καὶ προσπεφυκὸς ἀποπασθῇ ἀπὸ τῆς ἀρχαίης φύσιος.	οὐδέ γάρ ἄλλος ὀστέον οὐδείς εἰς ὁ αὐτός καθίστημι , ὅτι2 ἄν  εἰμί ἕτερος  καί   ἀπό ὁ   .
185258	tlg0057.tlg095.1st1K-grc1	ἀνώδυνον δὲ τὸ ἀκρώμιον ἐν ὀλίγῃσιν ἡμέρῃσιν γίνεται, ἢν χρηστῶς ἐπιδέηται.	ἀνώδυνος δέ ὁ  ἐν ὀλίγος ἡμέρα γίγνομαι , ἐάν χρηστός ἐπιδέω .
185259	tlg0057.tlg095.1st1K-grc1	Σύνζευξιν ἐνδείκνυται τὸ ἀκρώμιον εἶναι, λέγει δὲ καὶ ὀστοῦν ὑπάρχειν αὐτὸ καὶ συνδεῖν ἄμφω τὰ εἰρημένα.	ἐνδείκνυμι ὁ ἀκρώμιον εἰμί , λέγω δέ καί  ὑπάρχω αὐτός καί συνδέω ἄμφω ὁ λέγω .
185260	tlg0057.tlg095.1st1K-grc1	δῆλον οὖν ὅτι χονδρῶδες ὀστοῦν ἐστι τὸ ἀκρώμιον ἐπικείμενον τῇ συνζεύξει τῆς κλειδὸς καὶ τῆς ὠμοπλάτης, ὑμένας ἐκπεφυκότας ἔχον, οἷς συνδεῖται τὰ πέρατα τῶν ὀστῶν.	δῆλος οὖν ὅτι2 χονδρώδης  εἰμί ὁ ἀκρώμιον  ὁ  ὁ κλείς καί ὁ  ,   ἔχω , ὅς συνδέω ὁ πέρας ὁ  .
185261	tlg0057.tlg095.1st1K-grc1	ἀποσπασθέντι δὲ αὐτῷ καὶ κλεὶς εἴωθε συνέπεσθαι καὶ διὰ τοῦτο ἐπανόρθωσις γίγνεται καταναγκαζομένης εἰς τὸ κάτω τῆς κλειδὸς, ὡς ἀποτελεῖσθαί τινας κυκλοτερεῖς καμπὰς αὐτῆς.	δέ αὐτός καί  εἴωθα συνέπομαι καί διά οὗτος ἐπανόρθωσις γίγνομαι  εἰς ὁ κάτω ὁ κλείς , ὡς  τις κυκλοτερής καμπή αὐτός .
185262	tlg0057.tlg095.1st1K-grc1	ἐνταῦθα δὴ καὶ τοῖς νεωτέροις ἡ κατανάγκασις αὕτη μᾶλλον ἐπιτυγχάνει·	ἐνταῦθα δή καί ὁ νεώτερος ὁ κατανάγκασις οὗτος μᾶλλον ἐπιτυγχάνω ·
185263	tlg0057.tlg095.1st1K-grc1	ὅσῳ γὰρ ἡ ἡλικία προέρχεται, ξηρότερα τὰ σώματα ἡμῶν ἀποτελεῖται.	ὅσος γάρ ὁ ἡλικία προέρχομαι ,  ὁ σῶμα ἐγώ ἀποτελέω .
185264	tlg0057.tlg095.1st1K-grc1	καθάπερ οὖν τὰ ξηρὰ ξύλα πρὸς καμπάς ἐστιν οὐκ ἐπιτήδεια, τὰ δὲ ὑγρὰ καὶ χλωρὰ ῥᾳδίως πάσχει τοῦτο, κατὰ τὸν αὐτὸν τρόπον καὶ τῶν ἔτι αὐξανομένων ὀστᾶ δύναται κάμπτεσθαι καταναγκαζόμενα, καὶ πολὺ μᾶλλον, ὅταν ᾖ χαῦνα καὶ σηραγγώδη, καθάπερ κλείς ἐστι.	καθά οὖν ὁ ξηρός ξύλον πρός καμπή εἰμί οὐ ἐπιτήδειος , ὁ δέ  καί χλωρός ῥᾴδιος πάσχω οὗτος , κατά ὁ αὐτός τρόπος καί ὁ ἔτι αὐξάνω ὀστέον δύναμαι κάμπτω  , καί πολύς μᾶλλον , ὅταν εἰμί  καί  , καθά  εἰμί .
185265	tlg0057.tlg095.1st1K-grc1	καὶ ἔγωγ’ ἐπειράθην αὐτὸς ἐπ’ ἐμαυτοῦ καμπτομένης αἰσθανόμενος τῆς κλειδὸς, ἔσφυζε γὰρ διὰ βάθους ὁπότε σφοδρῶς κατασπασθῇ τῷ βιαίῳ τῆς ἐπιδέσεως, ὑπέμεινα δὲ τοῦτο μέχρι μ΄ ἡμέρας, ἐν αἷς οὕτω προσήχθη τῇ κεφαλῇ τοῦ βραχίονος ἡ κλεὶς, ὥστε τοὺς μὲν νῦν ὁρῶντας ἀπιστεῖν εἰ ἀπεσπάσθη ποτὲ, τοὺς δὲ ἰδόντας ὁπόταν ἀπεσπάσθη, τριῶν δακτύλων διάστημα τὸ μεταξὺ γενόμενον ὑπερθαυμάζειν τὸ πρᾶγμα.	καί  πειράω αὐτός ἐπί ἐμαυτοῦ κάμπτω  ὁ κλείς ,  γάρ διά βάθος  σφοδρός  τῷ  ὁ  , ὑπομένω δέ οὗτος μέχρι  ἡμέρα , ἐν ὅς οὕτως προσάγω ὁ κεφαλή ὁ βραχίων ὁ  , ὥστε ὁ μέν νῦν ὁράω ἀπιστέω εἰ ἀποσπάω ποτε , ὁ δέ ὁράω ὁπότε ἀποσπάω ,  δάκτυλος διάστημα ὁ μεταξύ γίγνομαι  ὁ πρᾶγμα .
185266	tlg0057.tlg095.1st1K-grc1	συνέβη μέντοι τὸν βραχίονα τελείως ἀτροφῆσαι κατ’ ἐκεῖνον τὸν χρόνον, ὡς ἰσχνὸν παντελῶς γενέσθαι, συνατροφῆσαι δ’ αὐτῷ καὶ τὸν πῆχυν.	συμβαίνω  ὁ βραχίων τέλειος  κατά ἐκεῖνος ὁ χρόνος , ὡς ἰσχνός παντελής γίγνομαι ,   αὐτός καί ὁ πῆχυς .
185267	tlg0057.tlg095.1st1K-grc1	ἀλλὰ ταῦτα μὲν ἐπανορθωσάμενος ἑνὶ βοηθήματι τῷ τῆς ἐπιδέσεως ἀνετράφη σύμπαν τὸ κῶλον, οὐκ ἐν πολλῷ χρόνῳ μετὰ τὸ λυθῆναι τοὺς ἐπιδέσμους.	ἀλλά οὗτος μέν   βοήθημα τῷ ὁ  ἀνατρέφω σύμπας ὁ κῶλον , οὐ ἐν πολύς χρόνος μετά ὁ λύω ὁ  .
185268	tlg0057.tlg095.1st1K-grc1	ἐπὶ δὲ μειρακίου καὶ μᾶλλον ἐπὶ παιδίων ἑτοιμότερον ἡ ἐπίδεσις καταναγκάζοι τὸ ὀστοῦν·	ἐπί δέ μειράκιον καί μᾶλλον ἐπί παιδίον ἑτοῖμος ὁ ἐπίδεσις  ὁ  ·
185269	tlg0057.tlg095.1st1K-grc1	ἐμοὶ μὲν γὰρ ἔτος ἄγοντι ε΄ καὶ λ΄ οὕτω παθεῖν ἐν παλαίστρᾳ συνέβη, οὐ μὴν ἄλλον γέ τινα τῶν ἤδη τελείων ἐδυνήθην ὁμοίως ἰάσασθαι διὰ τὸ μὴ φέρειν αὐτοὺς τὸ βίαιον τῆς ἐπιδέσεως.	μέν γάρ ἔτος ἄγω  καί  οὕτως πάσχω ἐν παλαίστρα συμβαίνω , οὐ μήν ἄλλος γε τις ὁ ἤδη  δύναμαι ὅμοιος ἰάομαι διά ὁ μή φέρω αὐτός ὁ βίαιος ὁ  .
185270	tlg0057.tlg095.1st1K-grc1	ἐγὼ δ’ οὖν καὶ αὐτὸς ἠσθανόμην ψυχροῦ τοῦ χωρίου πάντως, ὡς ἀναγκάζεσθαι δι’ ὅλης ἡμέρας καὶ νυκτὸς ἔλαιον καταντλεῖν θερμὸν, ὑποβεβλημένου δέρματος ὅλῳ τῷ σώματι, γυμνὸς γὰρ ἐπ’ αὐτοῦ κατεκείμην, ὡς ἂν καὶ τῶν ὑπὸ κύνα καυμάτων ὄντων.	οὖν καί αὐτός   ὁ  πᾶς , ὡς ἀναγκάζω διά ὅλος ἡμέρα καί νύξ ἔλαιος καταντλέω θερμός ,  δέρμα ὅλος τῷ σῶμα , γυμνός γάρ ἐπί αὐτός  , ὡς ἄν καί ὁ ὑπό κύων καῦμα εἰμί .
185271	tlg0057.tlg095.1st1K-grc1	ὑποκειμένης οὖν κατὰ τὸ πρὸς τῶν ποδῶν μέρος λεκάνης κενῆς ἐσχημάτισται κατὰ τοῦτο πρὸς ἔκρουν ἐπιτηδείως τὸ δέρμα, πάλιν τε τὸ ἀθροισθὲν ἐν τῇ λεκάνῃ μεταβαλόντες εἰς λέβητα κατὰ πυρὸς ἐπικείμενον ἐθέρμαινον, ἐντεῦθεν λαβόντες ἀπήντλουν τῷ πεπονθότι χωρίῳ παντί.	οὖν κατά ὁ πρός ὁ πούς μέρος λεκάνη κενός σχηματίζω κατά οὗτος πρός ἐκρέω ἐπιτήδειος ὁ δέρμα , πάλιν τε ὁ ἀθροίζω ἐν ὁ λεκάνη μεταβάλλω εἰς  κατά πῦρ  θερμαίνω , ἐντεῦθεν λαμβάνω  τῷ πάσχω χωρίον πᾶς .
185272	tlg0057.tlg095.1st1K-grc1	καὶ εἰ βραχύ ποτε διέλιπον, εὐθέως ἠσθανόμην τάσεως τῶν κατὰ τὸν τράχηλον μυῶν, ὡς εἶναι δῆλον ὅτι σπασμὸς ἀκολουθήσει ῥαθυμησάντων περὶ τὴν κατάντλησιν.	καί εἰ βραχύς ποτε διαλείπω , εὐθύς  τάσις ὁ κατά ὁ τράχηλος  , ὡς εἰμί δῆλος ὅτι2 σπασμός ἀκολουθέω  περί ὁ  .
185273	tlg0057.tlg095.1st1K-grc1	ἐμοὶ μὲν καὶ ἄλλο τι συνέβη κατὰ τὰς κακοπαθείας τῶν μυῶν αἴτιον οὐ σμικρὸν, ὃ καὶ αὐτὸ καλῶς ἔχει δηλῶσαι, χάριν τοῦ νομίσαι τινὰ διὰ μόνην τὴν κατανάγκασιν τῆς κλειδὸς εὐπαθεῖς γενέσθαι τοὺς μύας.	μέν καί ἄλλος τις συμβαίνω κατά ὁ κακοπάθεια ὁ  αἴτιος οὐ μικρός , ὅς καί αὐτός καλός ἔχω δηλόω , χάριν ὁ νομίζω  διά μόνος ὁ  ὁ κλείς  γίγνομαι ὁ μῦς .
185274	tlg0057.tlg095.1st1K-grc1	ἀποσπασθέντος γὰρ τοῦ ἀκρωμίου κατὰ παλαίστραν ὁ παιδοτρίβης ἰδὼν ταπεινὴν τὴν ἐπωμίδα καὶ εἰς μασχάλην ὠλισθηκέναι τὸν βραχίονα κατέτεινέ τε καὶ μοχλεύειν ἐπεχείρει καὶ τεχνικῶς ἐνήργει ταῦτα.	ἀποσπάω γάρ ὁ  κατά παλαίστρα ὁ  ὁράω ταπεινός ὁ ἐπωμίς καί εἰς μασχάλη ὀλισθάνω ὁ βραχίων  τε καί μοχλεύω ἐπιχειρέω καί τεχνικός ἐνεργέω οὗτος .
185275	tlg0057.tlg095.1st1K-grc1	μὴ προχωροῦντος δὲ τοῦ ἔργου καὶ μάτην τοῦ χρόνου τριβομένου νομίσας αὐτὸν ἐν τῇ μοχλείᾳ τι σφάλλεσθαι, τοὺς μὲν ἄλλους μετ’ ἐκείνου τείνειν τε τὸν βραχίονα καὶ ἀντιτείνειν ἄνω τὸν ὦμον ἐκέλευον, αὐτὸς ὑποβαλὼν τῆς ἀπαθοῦς χειρὸς τοὺς δακτύλους ὡς ἐσωτάτω τοῦ δοκοῦντος ὠλισθηκέναι τὸν βραχίονα, ἵνα μεταξὺ τῶν πλευρῶν καὶ τῆς κεφαλῆς αὐτοὺς παρενθεὶς ἀναμοχλεύσειεν αὐτὸ μικρὸν τοῦτο μηδὲν εὑρὼν ἐν τῇ μασχάλῃ παρὰ φύσιν ἐκέλευον ἐπισχεῖν τὴν τάσιν τοὺς ἅμα τῷ παιδοτρίβῃ τείνοντάς τε καὶ ἀντιτείνοντας, οὐ γὰρ ἐκπεπτωκέναι τὸ ἄρθρον.	μή προχωρέω δέ ὁ ἔργον καί μάτην ὁ χρόνος τρίβω νομίζω αὐτός ἐν ὁ  τις σφάλλω , ὁ μέν ἄλλος μετά ἐκεῖνος τείνω τε ὁ βραχίων καί ἀντιτείνω ἄνω2 ὁ ὦμος κελεύω , αὐτός ὑποβάλλω ὁ  χείρ ὁ δάκτυλος ὡς  ὁ δοκέω ὀλισθάνω ὁ βραχίων , ἵνα  ὁ πλευρά καί ὁ κεφαλή αὐτός   αὐτός μικρός οὗτος  εὑρίσκω ἐν ὁ  παρά φύσις κελεύω ἐπίσχω ὁ τάσις ὁ ἅμα τῷ   τε καί ἀντιτείνω , οὐ γάρ ἐκπίπτω ὁ ἄρθρον .
185276	tlg0057.tlg095.1st1K-grc1	οἱ δ’ ὡς μετὰ τὴν ὀδύνην μαλθακιζομένου μου περιέτρεπόν τε παρέχειν αὐτὸν ἑαυτοῖς οὐκ ἐμαυτοῦ, οὐκ ἐπαύοντό τε τείνοντες, ὥς τις ἂν διέσπασε τὸν μῦν, ὡς ἤδη καὶ ἄλλοις τισὶ συνέπεσεν, εἰ μὴ κατὰ τύχην ἐπιφανὴς ἕτερος εὖ ἰδὼν, μηδέποτ’ ἂν διὰ μαλακίαν εἶρξα αὐτοὺς τῆς τάσεως, ἀπέλυσε μὲν ἐκείνους, ἐμοὶ δ’ ἐπύθετο τί ποτ’ ἂν εἵη τὸ γεγονὸς, ὅ τι τε κελεύοι με πράττειν.	ἕ  ὡς μετά ὁ ὀδύνη    τε παρέχω αὐτός ἑαυτοῦ  ἐμαυτοῦ , οὐ  τε τείνω , ὡς τις ἄν διασπάω ὁ  , ὡς ἤδη καί ἄλλος  συμπίπτω , εἰ μή κατά τύχη ἐπιφανής ἕτερος εὖ ὁράω ,  ἐάν διά μαλακία ἔργω αὐτός ὁ τάσις , ἀπολύω μέν ἐκεῖνος ,   πύθω τι  ἐάν ἵημι ὁ γίγνομαι , ὅς  τε κελεύω  πράσσω .
185277	tlg0057.tlg095.1st1K-grc1	εἶπον οὖν αὐτῷ τὸ μὲν γεγονὸς ἀποσπασθῆναι τοῦ ἀκρωμίου, χρῄζειν δὲ ἐλαίου καὶ ὀθονίου καὶ ἐρίων εἰς τὸ βαλανεῖον αὐτὸς ἐπορεύθην καὶ πολὺ περιχεόμενος ἔλαιον ἐνδιέτριψα τῇ δεξαμένῃ, μέχρι δυνατὸν ἦν, νομίζων ὅπως κομισθείη τὰ πρὸς τὴν θεραπείαν·	λέγω οὖν αὐτός ὁ μέν γίγνομαι ἀποσπάω ὁ  , χρῄζω δέ  καί  καί ἔριον εἰς ὁ βαλανεῖον αὐτός ἐφορεύω καί πολύς  ἔλαιον  ὁ  , μέχρι δυνατός εἰμί , νομίζω ὅπως κομίζω ὁ πρός ὁ θεραπεία ·
185278	tlg0057.tlg095.1st1K-grc1	ὥστε μοι καὶ διὰ ταύτην τὴν κακοπάθειαν οἱ μύες ἐδέοντο συνεχοῦς καταντλήσεως.	ὡς ἐγώ καί διά οὗτος ὁ κακοπάθεια ὁ μῦς δέω   .
185279	tlg0057.tlg095.1st1K-grc1	οἱ πολλοὶ δὲ καὶ μὴ γενομένης αὐτῆς τῆς ἐπιδέσεως οὐ φέρουσιν, ἀλλ’ αἱροῦνται τὴν εἰς τὸν ἔπειτα χρόνον ἐκ τοῦ πάθους ἔχειν δυσχέρειαν ὑπὲρ τοῦ μὴ πονεῖσθαι μέχρι τεσσαρακονθημέρου·	ὁ πολύς δέ καί μή γίγνομαι αὐτός ὁ  οὐ φέρω , ἀλλά  ὁ εἰς ὁ ἔπειτα χρόνος ἐκ ὁ πάθος ἔχω δυσχέρεια ὑπέρ ὁ μή πονέω μέχρι  ·
185280	tlg0057.tlg095.1st1K-grc1	οὐ γὰρ ἡγοῦμαι θᾶττον δύνασθαι τῶν τοσούτων ἀκριβῶς καμφθῆναι τὸ τῆς κλειδὸς ὀστοῦν.	οὐ γάρ  ταχύς δύναμαι ὁ τοσοῦτος ἀκριβής κάμπτω ὁ ὁ κλείς  .
185281	tlg0057.tlg095.1st1K-grc1	τὰ δ’ ἄλλα τῆς ῥήσεως δῆλα.	ὁ  ἄλλος ὁ  δῆλος .
185282	tlg0057.tlg095.1st1K-grc1	Κληῒς δὲ κατεηγεῖσα ἢν μὲν ἀτρεκέως ἀποκαυλισθῇ, εὐϊητοτέρη ἐστὶν, ἢν δὲ παραμηκέως, δυσιητοτέρη.	κλείς δέ  ἐάν μέν ἀτρεκής ἀποκαυλίζω ,  εἰμί , ἐάν δέ παραμήκης ,  .
185283	tlg0057.tlg095.1st1K-grc1	τἀναντία δὲ τούτοις ἐστὶν ἢ ὡς ἄν τις οἴοιτο·	ἐναντίος δέ οὗτος εἰμί τίη ὡς ἄν τις οἴομαι ·
185284	tlg0057.tlg095.1st1K-grc1	τὴν μὲν γὰρ ἀτρεκέως ἀποκαυλισθεῖσαν προσαναγκάσειεν ἄν τις μᾶλλον ἐς τὴν φύσιν ἐλθεῖν καὶ εἰ πάνυ προμηθηθείη τὸ ἀνωτέρω, κατωτέρω ἂν ποιήσειε σχήμασί τε ἐπιτηδείοισι καὶ ἐπιδέσει ἁρμοζούσῃ.	ὁ μέν γάρ ἀτρεκής ἀποκαυλίζω προσαναγκάζω ἄν τις μᾶλλον εἰς ὁ φύσις ἔρχομαι καί εἰ πάνυ  ὁ ἄνω , κάτω ἐάν ποιέω σχῆμα τε ἐπιτήδειος καί  ἁρμόζω .
185285	tlg0057.tlg095.1st1K-grc1	εἰ δὲ μὴ τελέως ἱδρυνθείη, ἀλλ’ οὖν τὸ ὑπερέχον γε τοῦ ὀστέου οὐ κάρτα ὀξὺ γίνεται.	εἰ δέ μή τέλειος ἱδρύω , ἀλλά οὖν ὁ  γε ὁ  οὐ κάρτα ὀξύς2 γίγνομαι .
185286	tlg0057.tlg095.1st1K-grc1	ὡς δ’ ἂν παράμηκες τὸ ὀστέον κατεάγῃ, ἰκέλη ἡ ξυμφορὴ γίνεται τοῖσιν ὀστέοισι τοῖσιν ἀπεσπασμένοισι, περὶ ὧν πρόσθεν γέγραπται·	ὡς  ἄν παραμήκης ὁ ὀστέον  , ἴκελος ὁ συμφορά γίγνομαι ὁ  ὁ  , περί ὅς πρόσθεν γράφω ·
185287	tlg0057.tlg095.1st1K-grc1	οὕτε γὰρ ἱδρυνθῆναι αὐτὸ πρὸς ἑωυτὸ κάρτα ἐθέλει, ἥ τε ὑπερέχουσα ἀκρὶς τοῦ ὀστέου ὀξεῖα γίνεται κάρτα.	γάρ ἱδρύω αὐτός πρός  κάρτα ἐθέλω , ὁ τε ὑπερέχω  ὁ  ὀξύς2 γίγνομαι κάρτα .
185288	tlg0057.tlg095.1st1K-grc1	τὸ μὲν οὖν σύμπαν εἰδέναι χρὴ ὅτι βλάβη οὐδεμίη τῷ ὤμῳ οὐδὲ τῷ ἄλλῳ σώματι γίνεται διὰ τὴν κάτηξιν τῆς κληῖδος, ἢν μὴ ἐπισφακελίσῃ.	ὁ μέν οὖν σύμπας οἶδα χρή ὅτι2 βλάβη οὐδείς τῷ ὦμος οὐδέ τῷ ἄλλος σῶμα γίγνομαι διά ὁ  ὁ κλείς , ἐάν μή ἐπισφακελίζω .
185289	tlg0057.tlg095.1st1K-grc1	ὀλιγάκις δὲ τοῦτο γίνεται.	ὀλιγάκις δέ οὗτος γίγνομαι .
185290	tlg0057.tlg095.1st1K-grc1	Λέγει τὴν δι’ ὅλως ἀποκαυλισθεῖσαν, ὡς κατὰ μηδὲν προσέχεσθαι, τὸ δὲ ἀντικείμενον τούτῳ τὸ οὐκ ἀτρεκέως ἐστὶν, ὃ καθ’ ἕνα τρόπον γινόμενον ἐδήλωσεν εἰπών·	λέγω ὁ διά ὅλος ἀποκαυλίζω , ὡς κατά  προσέχω , ὁ δέ  οὗτος ὁ οὐ ἀτρεκής εἰμί , ὅς κατά  τρόπος  δηλόω λέγω ·
185291	tlg0057.tlg095.1st1K-grc1	ἢν δὲ παραμηκέως, δυσιητοτέρη μετ’ αὐτοῦ καὶ συνενδείξασθαι τὴν μὲν ἀκριβῶς ἀποκαυλιζομένην ἐγκαρσίαν πάσχειν τοῦτο, τὴν δ’ οὐκ ἀκριβῶς κατὰ μῆκος.	ἐάν δέ παραμήκης ,  μετά αὐτός καί  ὁ μέν ἀκριβής   πάσχω οὗτος , ὁ  οὐ ἀκριβής κατά μῆκος .
185292	tlg0057.tlg095.1st1K-grc1	ὅταν μὲν οὖν ὁλοκλήρως ἀποκαυλισθῇ, παραλλάττειν εἴωθε τοὐπίπαν ἀλλήλων τὰ μόρια, καὶ τὸ μὲν ἄνω χωρεῖν, τὸ δὲ κάτω, τὸ μὲν ἔσω, τὸ δὲ ἕξω.	ὅταν μέν οὖν ὁλόκληρος ἀποκαυλίζω , παραλλάσσω εἴωθα  ἀλλήλων ὁ μόριον , καί ὁ μέν ἄνω2 χωρέω , ὁ δέ κάτω , ὁ μέν εἴσω , ὁ δέ ἔχω .
185293	tlg0057.tlg095.1st1K-grc1	καὶ κατὰ τοῦτο φαίνεται μέγα τε τὸ κάταγμα καὶ δυσίατον εἶναι, κατὰ δὲ τὸν ἕτερον τρόπον, ἡνίκα παραμήκης ἐστὶν ἡ διάθεσις τοῦ κατάγματος, ἡ μὲν φαντασία μικροτέρα, χαλεπωτέρα δὲ ἡ ἴασις.	καί κατά οὗτος φαίνω μέγας τε ὁ κάταγμα καί δυσίατος εἰμί , κατά δέ ὁ ἕτερος τρόπος ,   εἰμί ὁ διάθεσις ὁ  , ὁ μέν φαντασία  ,  δέ ὁ ἴασις .
185294	tlg0057.tlg095.1st1K-grc1	οὐ γὰρ ἐνδέχεται τὴν ἐν κύκλῳ περιβολὴν ὥσπερ τὰ κῶλα μόνην δυναμένην προστεῖλαι καὶ παραγαγεῖν τὸ παρὰ μῆκος ἐσχισμένον τῆς κλειδός.	οὐ γάρ ἐνδέχομαι ὁ ἐν κύκλος περιβολή ὥσπερ ὁ κῶλον μόνος  προστέλλω καί παράγω ὁ παρά μῆκος σχίζω ὁ κλείς .
185295	tlg0057.tlg095.1st1K-grc1	ἐὰν οὖν, ὦν εἴρηκα νῦν εἴης μεμνημένος, οὐδὲν ἐνεγκεῖν φαίνεται τῶν ἐφεξῆς ὑπ’ αὐτοῦ λεγομένων ἀσαφές.	ἐάν οὖν ,  λέγω νῦν εἰμί μιμνήσκω ,  φέρω φαίνω ὁ ἐφεξῆς ὑπό αὐτός λέγω ἀσαφής .
185296	tlg0057.tlg095.1st1K-grc1	Αἶσχός γε μὴν προσγίνεται περὶ τὴν κάτηξιν τῆς κληῖδος καὶ τούτοισι τοῖσι τὸ πρῶτον αἴσχιστον, ἔπειτα μὴν ἐπὶ ἧσσον γίνεται.	γε μήν  περί ὁ  ὁ κλείς καί οὗτος ὁ ὁ πρῶτος αἰσχρός , ἔπειτα μήν ἐπί ἥσσων γίγνομαι .
185297	tlg0057.tlg095.1st1K-grc1	Βέλτιον ἦν εἰπεῖν ἐπὶ ἧσσον γίνεται·	βελτίων εἰμί λέγω ἐπί ἥσσων γίγνομαι ·
185298	tlg0057.tlg095.1st1K-grc1	κατ’ ἀρχὰς μὲν γὰρ τῷ ξένῳ τοῦ πράγματος αἰσχρὸν αὐτοῖς εἶναι δοκεῖ τὸ γεγονός.	κατά ἀρχή μέν γάρ τῷ ξένος ὁ πρᾶγμα αἰσχρός αὐτός εἰμί δοκέω ὁ γίγνομαι .
185299	tlg0057.tlg095.1st1K-grc1	ἐν δὲ τῷ χρόνῳ συνειθιζομένοις ὥσπερ ἐπὶ τοῖς ἄλλοις ἅπασιν, οὕτω κἀπὶ τῷδε καταφρονεῖται τὸ αἶσχος.	ἐν δέ τῷ χρόνος  ὥσπερ ἐπί ὁ  ἅπας , οὕτως ἐπί ὅδε καταφρονέω ὁ αἶσχος .
185300	tlg0057.tlg095.1st1K-grc1	Συμφύεται δὲ ταχέως κληῒς καὶ τἄλλα πάντα ὅσα χαῦνα ὀστέα.	δέ ταχύς κλείς καί  πᾶς ὅσος χαῦνος ὀστέον .
185301	tlg0057.tlg095.1st1K-grc1	ταχεῖαν γὰρ τὴν ἐπιπώρωσιν ποιέεται τὰ τοιαῦτα.	ταχύς γάρ ὁ ἐπιπώρωσις ποιέω ὁ τοιοῦτος .
185302	tlg0057.tlg095.1st1K-grc1	ὅταν μὲν οὖν νεωστὶ καταγῇ, οἱ τετρωμένοι σπουδάζουσιν οἰόμενοι μεῖζον τὸ κακὸν εἶναι ἢ ὅσον ἐστὶν οἵ τε ἰητροὶ προθυμέονται δῆθεν ὀρθῶς ἰῆσθαι.	ὅταν μέν οὖν νεωστί  , ὁ τιτρώσκω σπουδάζω  μέγας ὁ κακός εἰμί ἤ ὅσος εἰμί ὁ τε ἰατρός  δῆθεν ὀρθός  .
185303	tlg0057.tlg095.1st1K-grc1	προϊόντος δὲ τοῦ χρόνου οἱ τετρωμένοι, ἅτε οὐκ ὀδυνώμενοι οὔτε κωλυόμενοι οὔτε ὁδοιπορίης οὔτε ἐδωδῆς καταμελέουσιν·	πρόειμι δέ ὁ χρόνος ὁ τιτρώσκω , ἅτε οὐ ὀδυνάω οὔτε κωλύω οὔτε ὁδοιπορία οὔτε ἐδωδή καταμελέω ·
185304	tlg0057.tlg095.1st1K-grc1	οἵ τε αὖ ἰητροὶ ἅτε οὐ δυνάμενοι κατὰ τὰ χωρία ἀποδεικνύναι ἀποδιδράσκουσι καὶ οὐκ ἄχθονται τῇ ἀμελείῃ τῶν τετρωμένων, ἐν τούτῳ δὲ ἡ ἐπιπώρωσις συνταχύνεται.	ὁ τε αὖ ἰατρός ἅτε οὐ  κατά ὁ χωρίον ἀποδείκνυμι ἀποδιδράσκω καί οὐ ἄχθομαι ὁ ἀμέλεια ὁ  , ἐν οὗτος δέ ὁ ἐπιπώρωσις  .
185305	tlg0057.tlg095.1st1K-grc1	ἐπιδέσιος μὲν οὖν τρόπος καθέστηκε παραπλήσιος τοῖσι πλείστοισι, κηρωτῇ καὶ σπλήνεσι καὶ ὀθονίοισι μαλθακοῖσιν ἰητρεύειν, καὶ τάδε δεῖ προσιητρεύειν καὶ τάδε δεῖ προσξυνιέναι καὶ μάλιστα ἐν τούτῳ τῷ χειρίσματι, ὅτι τούς τε σπλῆνας πλείστους κατὰ τὸ ἐξέχον χρὴ τιθέναι καὶ τοῖσι ἐπιδέσμοισι πλείστοισι καὶ μάλιστα κατὰ τοῦτο χρὴ πιέζειν.	μέν οὖν τρόπος καθίστημι παραπλήσιος ὁ πλεῖστος , κηρωτή καί  καί   ἰατρεύω , καί ὅδε δέω  καί ὅδε δέω προσσυνίημι καί μάλιστα ἐν οὗτος τῷ χείρισμα , ὅτι2 ὁ τε σπλήν πλεῖστος κατά ὁ  χρή τίθημι καί ὁ  πλεῖστος καί μάλιστα κατά οὗτος χρή πιέζω .
185306	tlg0057.tlg095.1st1K-grc1	εἰσὶ δὲ δή τινες οἳ ἐπεσοφίσαντο ἤδη μολύβδιον βαρὺ προσεπικαταδεῖν, ὡς καταναγκάζειν τὸ ὑπερέχον.	εἰμί δέ δή τις ὁ ἐπισοφίζομαι ἤδη μολύβδιον βαρύς προσεπικαταδέω , ὡς καταναγκάζω ὁ  .
185307	tlg0057.tlg095.1st1K-grc1	ξυνιᾶσι μὲν οὖν ἴσως οὐδὲ οἱ ἁπλῶς ἐπιδέοντες·	μέν οὖν ἴσος οὐδέ ὁ ἁπλόος ἐπιδέω ·
185308	tlg0057.tlg095.1st1K-grc1	ἀτὰρ δὴ οὐδὲ οὗτος ὁ τρόπος κληῖδος κατήξιός ἐστιν, οὐ γὰρ δυνατὸν τὸ ὑπερέχον καταναγκάζεσθαι οὐδὲν ὅ τι καὶ ἄξιον λόγου.	ἀτάρ δή οὐδέ οὗτος ὁ τρόπος   εἰμί , οὐ γάρ δυνατός ὁ  καταναγκάζω  ὅς  καί ἄξιος λόγος .
185309	tlg0057.tlg095.1st1K-grc1	ἄλλοι δ’ αὖ τινές εἰσιν οἵτινες καταμαθόντες τοῦτο, ὅτι αὗται αἱ ἐπιδέσιες παράφοροί εἰσι καὶ οὐ κατὰ φύσιν καταναγκάζουσι τὰ ὑπερέχοντα.	ἄλλος  αὖ τις εἰμί ὅστις καταμανθάνω οὗτος , ὅτι2 οὗτος ὁ ἐπίδεσις παράφορος εἰμί καί οὐ κατά φύσις καταναγκάζω ὁ ὑπερέχω .
185310	tlg0057.tlg095.1st1K-grc1	ἐπιδέουσι μὲν οὖν αὐτοὺς σπλήνεσι καὶ ὀθονίοισι χρώμενοι, ὥσπερ καὶ οἱ ἄλλοι, ζώσαντες δὲ τὸν ἄνθρωπον ταινίῃ τινὶ, ᾗ εὐζωστότατος αὐτὸς ἑωυτοῦ ἐστιν, ὅταν ἐπιθῶσι τοὺς σπλῆνας ἐπὶ τὰ ὑπερέχοντα τοῦ κατήγματος ἐξογκώσαντες ἐπὶ τὰ ἐξέχοντα τὴν ἀρχὴν τοῦ ὀθονίου προσέδησαν πρὸς τὸ ζῶσμα ἐκ τοῦ ἔμπροσθεν καὶ οὕτως ἐπιδέουσιν ἐπὶ τὴν ἴξιν τῆς κληῖδος ἐπιτανύοντες ἐς τοὔπισθεν ἄγοντες, κἄπειτα περιβαλόντες περὶ τὸ ζῶσμα ἐς τοὔμπροσθεν ἄγουσι καὶ αὖθις ἐς τοὔπισθεν.	μέν οὖν αὐτός  καί ὀθόνιον χράω2 , ὥσπερ καί ὁ ἄλλος , ζώννυμι δέ ὁ ἄνθρωπος ταινία  , ὅς εὔζωστος αὐτός ἑαυτοῦ εἰμί , ὅταν ἐπιθέω ὁ σπλήν ἐπί ὁ ὑπερέχω ὁ κάταγμα2 ἐξογκόω ἐπί ὁ ἐξέχω ὁ ἀρχή ὁ  προσδέω πρός ὁ  ἐκ ὁ ἔμπροσθεν καί οὕτως  ἐπί ὁ ἵξις ὁ κλείς ἐπιτανύω εἰς ὄπισθεν ἄγω ,  περιβάλλω περί ὁ  εἰς  ἄγω καί αὖθις εἰς ὄπισθεν .
185311	tlg0057.tlg095.1st1K-grc1	οἱ δέ τινες οὐχὶ περὶ τὸ ζῶσμα περιβάλλουσι τὸ ὀθόνιον, ἀλλὰ περὶ τὸ περίνεόν τε καὶ παρ’ αὐτὴν τὴν ἕδρην καὶ παρὰ τὴν ἄκανθαν κυκλεύοντες τὸ ὀθόνιον, οὕτω πιέζουσι τὸ κάταγμα.	ὁ δέ τις οὐ περί ὁ  περιβάλλω ὁ  , ἀλλά περί ὁ  τε καί παρά αὐτός ὁ ἕδρα καί παρά ὁ ἄκανθα κυκλεύω ὁ  , οὕτως πιέζω ὁ κάταγμα .
185312	tlg0057.tlg095.1st1K-grc1	ταῦτα γοῦν ἀπείρῳ μὲν ἀκοῦσαι φαίνεται ἐγγὺς τοῦ κατὰ φύσιν εἶναι, χρεωμένῳ δὲ ἄχρηστα·	οὗτος γοῦν ἤπειρος μέν ἀκούω φαίνω ἐγγύς ὁ κατά φύσις εἰμί ,  δέ  ·
185313	tlg0057.tlg095.1st1K-grc1	οὔτε γὰρ μόνιμα οὐδένα χρόνον, οὐδ’ εἰ κατακέοιτό τις, καίτοι ἐγγυτάτω ἂν οὕτως, ἀλλ’ ὅμως εἰ κατακείμενος ἢ τὸ σκέλος συγκάμψειεν ἢ αὐτὸς καμφθείη, πάντα ἂν τὰ ἐπιδέσματα κινέοιτο ἄλλως τε ἀσηρὴ ἡ ἐπίδεσις.	οὔτε γάρ  οὐδείς χρόνος , οὐδέ εἰ  τις ,  ἐγγύς ἄν οὕτως , ἀλλά ὅμως εἰ  ἤ ὁ σκέλος συγκάμπτω ἤ αὐτός κάμπτω , πᾶς ἐάν ὁ ἐπίδεσμα κινέω ἄλλος τε  ὁ ἐπίδεσις .
185314	tlg0057.tlg095.1st1K-grc1	Τὴν αἰτίαν εἶπεν αὐτὸς τοῦ ταχέως τὰ τοιαῦτα συμφύεσθαι, τοῦ μέντοι τὴν πώρωσιν γίγνεσθαι ταχεῖαν, οὐκ ἔτ’ εἶπε τὴν αἰτίαν, ὡς ἂν ἐξ αὐτῶν τῶν ὀστῶν τῆς φύσεως ὑπὲρ ὧν ὁ λόγος ἐστὶ νοηθῆναι δυναμένην.	αἰτία λέγω αὐτός ὁ ταχύς ὁ τοιοῦτος συμφύω , ὁ  ὁ πώρωσις γίγνομαι ταχύς , οὐ  λέγω ὁ αἰτία , ὡς ἄν ἐκ αὐτός ὁ ὀστέον ὁ φύσις ὑπέρ ὅς ὁ λόγος εἰμί νοέω  .
185315	tlg0057.tlg095.1st1K-grc1	τὰ γὰρ χαῦνα πλείονος ἐν αὐτοῖς ὑγρότητος μετέχει.	ὁ γάρ  πολύς ἐν αὐτός ὑγρότης μετέχω .
185316	tlg0057.tlg095.1st1K-grc1	λέλεκται δὲ ἡμῖν ἐν τοῖς ἔμπροσθεν ὡς ἐκχεομένης αὐτῆς, εἶτα πηγνυμένης ὑπὸ τῆς κατὰ τὸ πεπονθὸς ὀστοῦν δυνάμεως ὁ πῶρος ἐπιτρέφεται τοῖς χείλεσι τοῦ κατεαγότος ὀστοῦ.	λέγω δέ  ἐν ὁ ἔμπροσθεν ὡς  αὐτός ,   ὑπό ὁ κατά ὁ   δύναμις ὁ πῶρος ἐπιτρέφω ὁ χεῖλος ὁ κατάγνυμι  .
185317	tlg0057.tlg095.1st1K-grc1	κἀπειδὰν ἱκανῶς τοῦτο γένηται, συνδεῖταί τε καὶ σφίγγεται τὰ χείλη τοῦ κατάγματος, οὐ διὰ τοῦ βάθους ἐῤῥιμμένου τοῦ πεπονθότος ὀστοῦ, καθάπερ ἐῤῥιμμέναι σάρκες, ἀλλ’ ὡς εἴρηται κατὰ τὴν ἐκτὸς ἐπιφάνειαν, οἷον δεσμόν τινα ἀχθομένου.	ἱκανός οὗτος γίγνομαι ,  τε καί σφίγγω ὁ  ὁ  , οὐ διά ὁ βάθος  ὁ πάσχω  , καθά  σάρξ , ἀλλά ὡς λέγω κατά ὁ ἐκτός ἐπιφάνεια , οἷος δεσμός τις  .
185318	tlg0057.tlg095.1st1K-grc1	τὰ δ’ ἑξῆς ἅπαντα δῆλα τοῖς προσέχουσι τὸν νοῦν.	ὁ  ἑξῆς ἅπας δῆλος ὁ προσέχω ὁ νόος .
185319	tlg0057.tlg095.1st1K-grc1	Ἥ τε γὰρ ἕδρη ἀπολαμβάνεται ἀθρόα τε τὰ ὀθόνια ἐν ταύτῃ τῇ στενοχωρίῃ γίνεται.	τε γάρ ἕδρα ἀπολαμβάνω ἀθρόος τε ὁ ὀθόνιον ἐν οὗτος ὁ στενοχωρία γίγνομαι .
185320	tlg0057.tlg095.1st1K-grc1	τά τε αὖ περὶ τὴν ζώνην παραβαλλόμενα οὐχ οὕτως ἰσχυρῶς ἔζωσται, ὡς οὐκ ἀναγκάσαι ἐς τὸ ἄνω τὴν ζώνην ἐπανιέναι καὶ οὕτως ἀνάγκη ἂν εἴη πάντα χαλᾷν τὰ ἐπιδέσματα, ἄγχισταδ’ ἄν τις δοκέῃ ποιέειν, καίπερ οὐ μεγάλα ποιέων, εἰ τοῖσι μέν τισι τῶν ὀθονίων περὶ τὴν ζώνην περιβάλλοι, τοῖσι δὲ πλείστοισι τῶν ὀθονίων τὴν ἀρχαίην ἐπίδεσιν ἐπιδέοι·	ὁ τε αὖ περί ὁ ζώνη παραβάλλω οὐ οὕτως ἰσχυρός ζώννυμι , ὡς οὐ ἀναγκάζω εἰς ὁ ἄνω2 ὁ ζώνη ἐπάνειμι καί οὕτως ἀνάγκη ἄν εἰμί πᾶς  ὁ ἐπίδεσμα , ἄγχιστος δ’ ἄν τις δοκέω ποιέω , καίπερ οὐ μέγας ποιέω , εἰ ὁ μέν  ὁ ὀθόνιον περί ὁ ζώνη περιβάλλω , ὁ δέ πλεῖστος ὁ  ὁ   ἐπιδέω ·
185321	tlg0057.tlg095.1st1K-grc1	οὕτω γὰρ ἂν μάλιστα τὰ ἐπιδέσματα μόνιμά τε εἴη καὶ ἀλλήλοισι τιμωρέοι.	οὕτως γάρ ἄν μάλιστα ὁ ἐπίδεσμα μόνιμος τε εἰμί καί ἀλλήλων τιμωρέω .
185322	tlg0057.tlg095.1st1K-grc1	τὰ μὲν οὖν πλεῖστα εἴρηται ὅσα καταλαμβάνει τοὺς τὴν κληῖδα καταγνυμένους, προσξυνιέναι δὲ καὶ τόδε χρὴ, ὅτι κληῒς ὡς ἐπὶ τὸ πουλὺ κατάγνυται, ὥστε τὸ μὲν ἀπὸ τοῦ στήθεος πεφυκὸς ὀστέον εἰς τὸ ἄνω μέρος ὑπερέχειν, τὸ δὲ ἀπὸ τῆς ἀκρωμίης πεφυκὸς ὀστέον ἐν τῷ κάτω μέρει εἶναι.	ὁ μέν οὖν πλεῖστος λέγω ὅσος καταλαμβάνω ὁ ὁ κλείς κατάγνυμι , προσσυνίημι δέ καί ὅδε χρή , ὅτι2 κλείς ὡς ἐπί ὁ  κατάγνυμι , ὥστε  μέν ἀπό ὁ στῆθος φύω ὀστέον εἰς ὁ ἄνω2 μέρος ὑπερέχω , ὁ δέ ἀπό ὁ ἀκρωμία φύω ὀστέον ἐν τῷ κάτω μέρος εἰμί .
185323	tlg0057.tlg095.1st1K-grc1	αἴτια δὲ τούτων τάδε, ὅτι τὸ μὲν στῆθος οὔτε κατωτέρω ἂν πουλὺ οὔτε ἀνωτέρω χωρήσειεν.	δέ οὗτος ὅδε , ὅτι2 ὁ μέν στῆθος οὔτε κάτω ἄν πολύς οὔτε ἄνω χωρέω .
185324	tlg0057.tlg095.1st1K-grc1	Οὐκ ἔστι σύνθετον ὄνομα τὸ στενυγροχωρίῳ ἐκ τε τοῦ ὑγροῦ καὶ τοῦ στενοῦ καὶ τῆς χώρας γεγονὸς, ὥς τινες νομίζουσιν, ἀλλ’ ἀπὸ τοῦ στενυγρὸν, ὅπερ οὐδ’ αὐτὸ πλέον σημαίνει τοῦ στενοῦ κατὰ παραγωγήν τινα γεγενημένης στενυγροχωρίας μηδὲν πλέον δηλούσης τῆς στενότητος.	οὐ εἰμί σύνθετος ὄνομα ὁ  ἐκ τε ὁ  καί ὁ  καί ὁ χώρα γίγνομαι , ὡς τις νομίζω , ἀλλά ἀπό ὁ  , ὅς οὐδέ αὐτός πολύς σημαίνω ὁ στενός κατά παραγωγή     πλέως δηλόω ὁ στενότης .
185325	tlg0057.tlg095.1st1K-grc1	εὔδηλον δὲ τοῦτο κἀξ ὧν Σιμωνίδης εἶπεν, ὧδέ πως ἐχόντων·	εὔδηλος δέ οὗτος ἐκ ὅς Σιμωνίδης λέγω , ὧδε πως ἔχω ·
185326	tlg0057.tlg095.1st1K-grc1	οὔπω τις οὕτω δασκίοις ἐν οὔρεσιν ἀνὴρ λέγονται δὶς ἐν οὐδὲ πάρδαλιν μοῦνος στενυγρῷ συντυχὼν ἐν ἀτραπῷ.	οὔπω τις οὕτως  ἐν ὄρος ἀνήρ λέγω δίς ἐν οὐδέ  μόνος  συντυγχάνω ἐν  .
185327	tlg0057.tlg095.1st1K-grc1	ψιλοῦται δὲ δηλονότι κατὰ τὴν δευτέραν συλλαβήν.	ψιλόω δέ  κατά ὁ δεύτερος συλλαβή .
185328	tlg0057.tlg095.1st1K-grc1	Μικρὸς γὰρ ὁ κιγκλισμὸς τοῦ ἄρθρου τοῦ ἐν τῷ στήθει.	γάρ ὁ κιγκλισμός ὁ  ὁ ἐν ὁ στῆθος .
185329	tlg0057.tlg095.1st1K-grc1	Τὴν βραχεῖαν κίνησιν ὠνόμασε κιγκλισμόν.	βραχύς κίνησις ὀνομάζω  .
185330	tlg0057.tlg095.1st1K-grc1	εἰ δ’ ἀπὸ τοῦ ζώου τοῦ κίγκλου γέγονε τοὔνομα, διότι κινεῖ συνεχῶς ἐκεῖνο τὰ πηγάνεια πτέρνα ἢ ἀπό τινος ἄλλου τῆς προκειμένης πραγματείας, οὐκ ἔστιν οἰκεῖον, ἀλλὰ μᾶλλον δεῖται αἰτίαν εἰπεῖν, δι’ ἣν ἡ πρὸς τὸ στέρνον τῆς κλειδὸς διάρθρωσις οὐ τῶν μικροτάτων οὖσα, καθάπερ ἕτεραί τινες, ὅμως οὐκ ἔχει κίνησιν ἀξιόλογον.	εἰ  ἀπό ὁ  ὁ κίγκλος γίγνομαι ὄνομα , διότι κινέω συνεχής  ὁ   ἤ ἀπό τις  ὁ  πραγματεία , οὐ εἰμί οἰκεῖος , ἀλλά μᾶλλον δέω αἰτία λέγω , διά ὅς ὁ πρός ὁ στέρνον ὁ κλείς διάρθρωσις οὐ ὁ  εἰμί , καθά ἕτερος τις , ὅμως οὐ ἔχω κίνησις ἀξιόλογος .
185331	tlg0057.tlg095.1st1K-grc1	αὐτὸς οὖν ὁ Ἱπποκράτης ἥντινα λέγει τούτου τὴν αἰτίαν εἶναι διὰ τῆς λέξεως ἀκούσωμεν.	αὐτός οὖν ὁ Ἱπποκράτης ὅστις λέγω οὗτος ὁ αἰτία εἰμί διά ὁ λέξις ἀκούω .
185332	tlg0057.tlg095.1st1K-grc1	στῆθος δὲ ἔοικεν οὐ τὸ σύμπαν λέγειν χωρίον, ὅσον ἐν τοῖς πρόσω τοῦ θώρακός ἐστιν, ἀλλὰ τὸ μέσον ὀστοῦν, ἐν ᾧ διαρθροῦνται πλευραὶ, ὃ καλοῦσιν ἰδίως οἱ μετ’ αὐτὸν ἰατροὶ στέρνον, ὅπερ ἀληθῶς εἶπεν.	στῆθος δέ ἔοικα οὐ ὁ σύμπας λέγω χωρίον , ὅσος ἐν ὁ πρόσω ὁ  εἰμί , ἀλλά ὁ μέσος ὀστέον , ἐν ὅς  πλευρά , ὅς καλέω ἴδιος ὁ μετά αὐτός ἰατρός στέρνον , ὅς ἀληθής λέγω .
185333	tlg0057.tlg095.1st1K-grc1	Αὐτὸ γὰρ ἑωυτῷ συνεχές ἐστι τὸ στῆθος καὶ τῇ ῥάχει.	γάρ ἑαυτοῦ συνεχής εἰμί ὁ στῆθος καί ὁ ῥᾶχος .
185334	tlg0057.tlg095.1st1K-grc1	Τὸ μὲν οὖν ἑαυτῷ συνεχὲς εἶναι τὸ στέρνον ἐναργῶς φαίνεται·	μέν οὖν ἑαυτοῦ συνεχής εἰμί ὁ στέρνον ἐναργής φαίνω ·
185335	tlg0057.tlg095.1st1K-grc1	τὸ δὲ τῇ ῥάχει νοηθήσεται σαφῶς, ἐὰν σκελετῷ ζώῳ τὰς πλευράς ποτε ἴδῃς ἐναργῶς ἐρηρεισμένας ὀπίσω μὲν ἐπὶ τῆς ῥάχεως, ἔμπροσθεν δὲ πρὸς τὸ στέρνον.	ὁ δέ ὁ ῥᾶχος  σαφής , ἐάν   ὁ πλευρά ποτε ὁράω ἐναργής  ὀπίσω μέν ἐπί ὁ ῥάχις ,  δέ πρός ὁ στέρνον .
185336	tlg0057.tlg095.1st1K-grc1	Ἄγχιστα μὲν ἡ κληῒς πρὸς τὸ τοῦ ὤμου ἄρθρον πλοώδης ἐστίν·	μέν ὁ κλείς πρός ὁ ὁ ὦμος ἄρθρον  εἰμί ·
185337	tlg0057.tlg095.1st1K-grc1	ἠνάγκασται γὰρ πυκινοκίνητος εἶναι διὰ τὴν τῆς ἀκρωμίης σύζευξιν.	ἀναγκάζω γάρ πυκινοκίνητος εἰμί διά ὁ ὁ ἀκρωμία σύζευξις .
185338	tlg0057.tlg095.1st1K-grc1	ἄλλως τε ὅταν τρωθῇ, φεύγει ἐς τὸ ἄνω μέρος τὸ πρὸς τῷ στήθει προσεχόμενον καὶ οὐ μάλα ἐς τὸ κάτω μέρος ἀναγκάζεσθαι ἐθέλει.	ἄλλος τε ὅταν τιτρώσκω , φεύγω εἰς ὁ ἄνω2 μέρος ὁ πρός ὁ στῆθος προσέχω καί οὐ μάλα εἰς ὁ κάτω μέρος ἀναγκάζω ἐθέλω .
185339	tlg0057.tlg095.1st1K-grc1	καὶ γὰρ πέφυκε κοῦφον καὶ ἡ εὐρυχωρίη αὐτῷ ἄνω πλείων ἢ κάτω.	καί γάρ φύω κοῦφος καί ὁ εὐρυχωρία αὐτός ἄνω2 πολύς ἤ κάτω .
185340	tlg0057.tlg095.1st1K-grc1	ὁ δὲ ὦμος καὶ τὰ προσηρτημένα τούτοισιν εὐαπόλυτά εἰσιν ἀπὸ τῶν πλευρέων καὶ τοῦ στήθεος καὶ διὰ τοῦτο δύναται καὶ ἀνωτέρω πουλὺ ἀνάγεσθαι καὶ κατωτέρω.	ὁ δέ ὦμος καί ὁ προσαρτάω οὗτος εὐαπόλυτος εἰμί ἀπό ὁ  καί ὁ στῆθος καί διά οὗτος δύναμαι καί ἄνω πολύς ἀνάγω καί κάτω .
185341	tlg0057.tlg095.1st1K-grc1	ὅταν γοῦν καταγῇ κληῒς, τὸ πρὸς τῷ ὤμῳ ὀστέον ἐς τὸ κατωτέρω ἐπιῤῥέπει·	ὅταν γοῦν  κλείς , ὁ πρός ὁ ὦμος ὀστέον εἰς ὁ κάτω ἐπιρρέπω ·
185342	tlg0057.tlg095.1st1K-grc1	ἐς τοῦτο γὰρ ἐπιτροχώτερον αὐτὸ ἅμα τῷ ὤμῳ καὶ τῷ βραχίονι κάτω ῥεῦσαι μᾶλλον ἢ ἐς τὸ ἄνω.	εἰς οὗτος γάρ ἐπίτροχος αὐτός ἅμα τῷ ὦμος καί ὁ  κάτω ῥέω μᾶλλον ἤ εἰς ὁ ἄνω2 .
185343	tlg0057.tlg095.1st1K-grc1	ὁπότε οὖν ταῦτά ἐστιν, ἀξυνετέουσιν ὅσοι τὸ ὑπερέχον τοῦ ὀστέου ἐς τὸ κάτω καταναγκάσαι οἴονται εἶναι, ἀλλὰ δῆλον ὅτι τὸ κάτω πρὸς τῷ ἄνω προσακτέον ἐστί.	ὁπότε οὖν  εἰμί ,  ὅσος ὁ  ὁ  εἰς ὁ κάτω καταναγκάζω οἴομαι εἰμί , ἀλλά δῆλος ὅτι2 ὁ κάτω πρός τῷ ἄνω2 προσάγω εἰμί .
185344	tlg0057.tlg095.1st1K-grc1	τοῦτο γὰρ ἔχει κίνησιν, τοῦτο γάρ ἐστι καὶ τὸ ἀποστὰν ἀπὸ τῆς φύσιος.	οὗτος γάρ ἔχω κίνησις , οὗτος γάρ εἰμί καί ὁ  ἀπό ὁ φύσις .
185345	tlg0057.tlg095.1st1K-grc1	δῆλον οὖν ὅτι ἄλλως μὲν οὐδαμῶς ἐστιν ἀναγκάσαι τοῦτο·	δῆλος οὖν ὅτι2 ἄλλος μέν οὐδαμῶς εἰμί ἀναγκάζω οὗτος ·
185346	tlg0057.tlg095.1st1K-grc1	αἵ τε γὰρ ἐπιδέσιες οὐδέν τι μᾶλλον προσαναγκάζουσιν ἢ ἀπαναγκάζουσιν.	ὁ τε γάρ ἐπίδεσις  τι μᾶλλον προσαναγκάζω τίη ἀπαναγκάζω .
185347	tlg0057.tlg095.1st1K-grc1	εἰ δέ τις τὸν βραχίονα πρὸς τῇσι πλευρῇσιν ὡς μάλιστα ἐόντα ἀναγκάζοι ἄνω, ὡς ὅτι ὀξύτατος ὁ ὦμος φαίνεται εἶναι, δῆλον ὅτι οὕτως ἂν ἁρμοσθείη πρὸς τὸ ὀστέον τὸ ἀπὸ τοῦ στήθεος πεφυκὸς ὅθεν ἀπεσπάσθη.	εἰ δέ τις ὁ βραχίων πρός ὁ πλευρά ὡς μάλιστα εἰμί ἀναγκάζω ἄνω2 , ὡς ὅτι2 ὀξύς2 ὁ ὦμος φαίνω εἰμί , δῆλος ὅτι2 οὕτως ἄν ἁρμόζω πρός ὁ ὀστέον ὁ ἀπό ὁ στῆθος  ὅθεν ἀποσπάω .
185348	tlg0057.tlg095.1st1K-grc1	Τροπικοῖς ὀνόμασι καὶ γλωσσηματικοῖς εἴωθεν ὁ Ἱπποκράτης ἐννοιῶν χρῆσθαι, καίτοι πολιτικὴν ἑρμηνεύων ἑρμηνείαν, ὅμοιόν τι τούτῳ πεπονθὼς ὁ Ξενοφῶν·	ὄνομα καί   ὁ Ἱπποκράτης ἔννοια χράω2 ,  πολιτικός ἑρμηνεύω ἑρμηνεία , ὅμοιος τις οὗτος πάσχω ὁ Ξενοφῶν ·
185349	tlg0057.tlg095.1st1K-grc1	καὶ γὰρ ἐκεῖνος εἴπερ τις καὶ ἄλλος ἑρμηνεύων πολιτικῶς, ὅμως παρεμβάλλει πολλάκις ὀνόματα γλωσσηματικὰ καὶ τροπικά.	καί γάρ ἐκεῖνος εἴπερ τις καί ἄλλος ἑρμηνεύω πολιτικός , ὅμως  πολλάκις ὄνομα  καί τροπικός .
185350	tlg0057.tlg095.1st1K-grc1	σπανιώτερον μὲν οὖν παρ’ ἐκείνῳ τὸ τοιοῦτον, συνεχέστερον δὲ παρὰ τῷ Ἱπποκράτει, καθάπερ ἐπὶ τῇ προγεγραμμένῃ ῥήσει τὸν κιγκλισμὸν εἶπεν, ἐνταῦθά τε τὸ πλοώδης ἐστίν.	σπάνιος μέν οὖν παρά ἐκεῖνος ὁ  , συνεχής δέ παρά τῷ Ἱπποκράτης , καθά ἐπί ὁ  ῥῆσις ὁ  λέγω , ἐνταῦθα τε ὁ  εἰμί .
185351	tlg0057.tlg095.1st1K-grc1	ἐνδείκνυται γὰρ διὰ τῆς φωνῆς τὸ οἷον ἀστήρικτος, ᾧ καὶ τὸ ζῶον φαινόμενον μαρτυρεῖ, καθ’ ὅ φησιν ἠνάγκαστο, καθ’ ὃ πυκινοκίνητος αὐτὸς ἐδήλωσεν εἰπὼν, διὰ τὴν τῆς ἀκρωμίης σύζευξιν.	ἐνδείκνυμι γάρ διά ὁ φωνή ὁ οἷος ἀστήρικτος , ὅς καί ὁ  φαίνω μαρτυρέω , κατά ὅς φημί  , κατά  πυκινοκίνητος αὐτός δηλόω λέγω , διά ὁ ὁ ἀκρωμία σύζευξις .
185352	tlg0057.tlg095.1st1K-grc1	αὕτη δὲ πάλιν ἡ ἀκρωμίη διὰ τὸ κατ’ ὦμον ἄρθρον ἐστὶ πυκινοκίνητος, ἀτενὴς, ἅτε ὑπάρχων αὐτὸς καὶ μεγίστας ἔχων κινήσεις.	οὗτος δέ πάλιν ὁ  διά ὁ κατά ὦμος ἄρθρον εἰμί πυκινοκίνητος , ἀτενής , ἅτε ὑπάρχω αὐτός καί μέγας ἔχω κίνησις .
185353	tlg0057.tlg095.1st1K-grc1	τὸ δὲ κατ’ ἀρχὴν εἰρημένον τῆς ῥήσεως, τὸ ἄγχιστα μὲν τὴν ἀμφιβολίαν ἣν ἔχει πρότερον ἐπὶ τοῦ χωρίου προσῆκεν ἀκούειν ἢ τοῦ πράγματος αὐτοῦ.	ὁ δέ κατά ἀρχή λέγω ὁ  , ὁ ἄγχιστος μέν ὁ ἀμφιβολία  ἔχω πρότερος ἐπί ὁ χωρίον προσήκω ἀκούω ἤ ὁ πρᾶγμα αὐτός .
185354	tlg0057.tlg095.1st1K-grc1	δῆλον μὲν γὰρ ἐγγυτάτω, ἀλλ’ ἤτοι πλησίον τοῦ ἄρθρου πυκινοκίνητον ἐνδείξεται τὴν κλεῖν εἰρημένον, ὅπερ ἐμοὶ δοκεῖ μᾶλλον ἄν τις ἀκούῃ ὀρθῶς, ἐνίοις ἔδοξε συνάπτειν τὸ ἄγχιστα, δεήσει τὸ πυκινοκίνητον εἶναι τὸ λεγόμενον, τὸ οὕτω ἐγγυτάτω τὸ πυκινοκινήτου ἡ κλείς ἐστι πλησίον τοῦ κατ’ ὦμον ἄρθρου.	δῆλος μέν γάρ  , ἀλλά ἤτοι πλησίος ὁ   ἐνδείκνυμι ὁ κλείς λέγω , ὅς  δοκέω μᾶλλον ἄν τις ἀκούω ὀρθός , ἔνιοι δοκέω συνάπτω ὁ ἄγχιστος , δέω2 ὁ  εἰμί ὁ λέγω , ὁ οὕτως  ὁ  ὁ  εἰμί πλησίος ὁ κατά ὦμος  .
185355	tlg0057.tlg095.1st1K-grc1	Εἰ οὖν τις τῇ μὲν ἐπιδέσει χρῷτο τῇ νομίμῃ τοῦ ταχέως συναλθεσθῆναι εἵνεκα, ἡγήσαιτο δὲ τἄλλα πάντα μάτην εἶναι παρὰ τὸ σχῆμα τὸ εἰρημένον, ὀρθῶς τε ἂν ξυνίῃ, ἰητρεύοιτ’ ἂν τάχιστα καὶ κάλλιστα·	εἰ οὖν τις ὁ μέν  χράω2 ὁ  ὁ ταχύς  ἕνεκα , ἡγέομαι δέ ἄλλος πᾶς μάτην εἰμί παρά ὁ σχῆμα ὁ λέγω , ὀρθός τε ἐάν  , ἰατρεύω τ’ ἄν ταχύς καί καλός ·
185356	tlg0057.tlg095.1st1K-grc1	κατακέεσθαι μέντοι τὸν ἄνθρωπον μέγα τὸ διάφορόν ἐστι καὶ ἡμέραι ἱκαναὶ τεσσαρεσκαίδεκα, εἰ ἀτρεμέοι, εἴκοσι δὲ πάμπολλαι.	κατάκειμαι  ὁ ἄνθρωπος μέγας ὁ διάφορος εἰμί καί ἡμέρα ἱκανός  , εἰ  ,  δέ  .
185357	tlg0057.tlg095.1st1K-grc1	Νομίμην ἐπίδεσιν λέγει τὴν ὑπὸ πάντων εἰθισμένην καὶ ὥσπερ ἄγραφον ἤδη νόμον οὖσαν·	λέγω ὁ ὑπό πᾶς  καί ὥσπερ  ἤδη νόμος εἰμί ·
185358	tlg0057.tlg095.1st1K-grc1	οὕτως γὰρ κἀν τῷ βίῳ τινὰ τῶν ἐθῶν, ὅσα πρὸς ἁπάντων ἐπιτηδεύηται, τοῖς νόμοις ἐστὶ παραπλήσια.	οὕτως γάρ ἐν ὁ βίος  ὁ  , ὅσος πρός ἅπας  , ὁ νόμος εἰμί παραπλήσιος .
185359	tlg0057.tlg095.1st1K-grc1	τὴν μὲν οὖν καταγματικὴν ἐπίδεσιν οὐ πάντῃ ἐποίουν τοῦ προσήκοντος, καὶ διὰ τοῦτο πλείονα περὶ αὐτῆς ἔγραψεν ἐν πρώτῳ βιβλίῳ περὶ τῶν ἀγμῶν.	ὁ μέν οὖν  ἐπίδεσις οὐ πᾶς ποιέω ὁ προσήκω , καί διά οὗτος πολύς περί αὐτός γράφω ἐν πρῶτος  περί ὁ  .
185360	tlg0057.tlg095.1st1K-grc1	ἐνταυθοῖ δὲ οὐδεμία παθήματος ἐπίδεσις οὐδενὸς τοιαύτη.	δέ  πάθημα ἐπίδεσις  τοιοῦτος .
185361	tlg0057.tlg095.1st1K-grc1	δέδεικται γάρ μοι καὶ διὰ τῶν εἰς ἐκεῖνο τὸ βιβλίον ὑπομνημάτων, ἀλλὰ καὶ νῦν ἀνεμνήσθη, πάντα μὲν ὅσα τῷ τρόπῳ τῆς καταγματικῆς ἐπιδέσεως ὑποπίπτει παθήματα, κατ’ ἐκεῖνο τὸ βιβλίον ὑπ’ αὐτοῦ γεγράφθαι, πάντα δ’ αὖ πάλιν ὅσα τῇ λοιπῇ κατὰ τοῦτο.	δείκνυμι γάρ  καί διά ὁ εἰς ἐκεῖνος ὁ βιβλίον ὑπόμνημα , ἀλλά καί νῦν ἀναμιμνήσκω , πᾶς μέν ὅσος τῷ τρόπος ὁ   ὑποπίπτω πάθημα , κατά ἐκεῖνος ὁ βιβλίον ὑπό αὐτός γράφω , πᾶς  αὖ πάλιν ὅσος ὁ λοιπός κατά οὗτος .
185362	tlg0057.tlg095.1st1K-grc1	γίνεται γὰρ ἡ καταγματικὴ περιβαλλόντων ἡμῶν ἐν κύκλῳ τὰ ὀθόνια τῷ κατεαγότι μορίῳ.	γίγνομαι γάρ ὁ   ἐγώ ἐν κύκλος ὁ ὀθόνιον τῷ  μόριον .
185363	tlg0057.tlg095.1st1K-grc1	τὸ δεύτερον εἶδος τῆς ἐπιδέσεως ἐπ’ ἄλλα μόρια τὴν νομὴν ποιουμένων, καὶ κατά γε τὸ πλεῖστον ἐπὶ τὰ ἀντικείμενα τῷ πεπονθότι, καθάπερ κἀν ἰητρείῳ εἶπεν·	ὁ δεύτερος εἶδος ὁ  ἐπί ἄλλος μόριον ὁ νομή ποιέω , καί κατά γε ὁ πλεῖστος ἐπί ὁ  τῷ πάσχω , καθά ἐν  λέγω ·
185364	tlg0057.tlg095.1st1K-grc1	ὁμολογέει δὲ ὁμοῦ μὲν ἡ περὶ τὴν ἑτέρην μασχάλην περιβολή.	ὁμολογέω δέ ὁμοῦ μέν ὁ περί ὁ ἕτερος μασχάλη περιβολή .
185365	tlg0057.tlg095.1st1K-grc1	Εἰ μέντοι τινὶ ἐπὶ τἀναντία ἡ κληῒς καταγείη, ὃ οὐ μάλιστα γίνεται, ὥστε τὸ μὲν ἀπὸ τοῦ στήθεος ὀστέον ὑποδεδυκέναι, τὸ δὲ ἀπὸ τῆς ἀκρωμίης ὀστέον ὑπερέχειν καὶ ἐποχέεσθαι ἐπὶ τοῦ ἑτέρου, οὐδεμιῆς μεγάλης ἰητρείης ταῦτά γ’ ἂν δέοιτο.	μέντοι  ἐπί ἐναντίος ὁ κλείς  , ὅς οὐ μάλιστα γίγνομαι , ὥστε  μέν ἀπό ὁ στῆθος ὀστέον ὑποδύω , ὁ δέ ἀπό ὁ ἀκρωμία ὀστέον ὑπερέχω καί ἐποχέομαι ἐπί ὁ ἕτερος , οὐδείς μέγας ἰατρεία   ἄν δέω .
185366	tlg0057.tlg095.1st1K-grc1	αὐτὸς γὰρ ὁ ὦμος ἀφιέμενος καὶ ὁ βραχίων ἱδρύοι ἂν τὰ ὀστέα πρὸς ἄλληλα καὶ φαύλη ἄν τις ἐπίδεσις ἀρκέοι καὶ ὀλίγαι ἡμέραι τῆς πωρώσιος γένοιτ’ ἄν.	αὐτός γάρ ὁ ὦμος  καί ὁ βράχεα ἱδρύω ἐάν ὁ ὀστέον πρός ἀλλήλων καί  ἄν τις ἐπίδεσις ἀρκέω καί ὀλίγος ἡμέρα ὁ πώρωσις  ἄν .
185367	tlg0057.tlg095.1st1K-grc1	Ἔμπροσθεν μὲν ἔλεγεν, ὡς τὸ πολὺ τὸ ἀπὸ τοῦ στέρνου μέρος τῆς κλειδὸς, ὁπόταν ὅλη δι’ ὅλης ἑαυτῆς ἀποκαυλισθῇ, πρὸς τὴν ἄνω χώραν μεθίσταται, ταπεινότερον δὲ γίγνεσθαι τὸ ἀπὸ τῆς ἀκρωμίης.	μέν λέγω , ὡς ὁ πολύς ὁ ἀπό ὁ στέρνον μέρος ὁ κλείς , ὁπότε ὅλος διά ὅλος ἑαυτοῦ ἀποκαυλίζω , πρός ὁ ἄνω2 χώρα μεθίστημι , ταπεινός δέ γίγνομαι ὁ ἀπό ὁ ἀκρωμία .
185368	tlg0057.tlg095.1st1K-grc1	νυνὶ δὲ περὶ τοῦ σπανιωτέρου τρόπου γράφει, καθ’ ὃν ὑψηλότερον μὲν γίνεται ἀπὸ τῆς ἀκρωμίης, ταπεινότερον τὸ πρὸς τῷ στέρνῳ,ὃ καί φησιν εὐιατότερον ὑπάρχειν.	νυνί δέ περί ὁ  τρόπος γράφω , κατά ὅς ὑψηλός μέν γίγνομαι ἀπό ὁ ἀκρωμία ,  ὁ πρός ὁ  , ὃ καί φημί  ὑπάρχω .
185369	tlg0057.tlg095.1st1K-grc1	αὐτοῦ καθιεμένου συγκαθίσταται καὶ τὸ τῆς κλειδὸς μέρος, ὅσον συνεχές ἐστι τοῦ ἀκρωμίου.	αὐτός   καί ὁ ὁ κλείς μέρος , ὅσος συνεχής εἰμί ὁ  .
185370	tlg0057.tlg095.1st1K-grc1	καὶ οὕτως ἐξ ἴσου τε γενόμενον θατέρῳ τῆς ἐπιδέσεως καὶ τῆς θεραπείας τυγχάνειν.	καί οὕτως ἐκ ἴσος τε γίγνομαι ἕτερος ὁ  καί ὁ θεραπεία τυγχάνω .
185371	tlg0057.tlg095.1st1K-grc1	Εἰ δὲ μὴ καταγείη μὲν οὕτως, παρολισθαίνοι δὲ ἐς τὸ πλάγιον ἢ τῇ ἢ τῇ, ἐς τὴν φύσιν μὲν ἀπαγαγεῖν ἂν δέοι, ἀναγαγόντα τὸν ὦμον σὺν τῷ βραχίονι, ὥσπερ καὶ πρόσθεν εἴρηται.	εἰ δέ μή κατάγνυμι μέν οὕτως ,  δέ εἰς ὁ πλάγιον ἤ ὁ τίη ὁ , εἰς ὁ φύσις μέν ἀπάγω ἐάν δέω , ἀνάγω ὁ ὦμος σύν ὁ βραχίων , ὥσπερ καί πρόσθεν λέγω .
185372	tlg0057.tlg095.1st1K-grc1	ὅταν δὲ ἵζηται εἰς τὴν ἀρχαίην φύσιν, ταχείη ἂν ἡ ἄλλη ἰητρείη εἴη.	ὅταν δέ ἵζω εἰς ὁ ἀρχαῖος φύσις , ταχύς ἐάν ὁ ἄλλος ἰατρεία εἰμί .
185373	tlg0057.tlg095.1st1K-grc1	τὰ μὲν οὖν πλεῖστα τῶν παρηλλαγμένων κατορθοῖ αὐτὸς ὁ βραχίων ἀναγκαζόμενος πρὸς τὰ ἄνω.	ὁ μέν οὖν πλεῖστος ὁ  κατορθόω αὐτός ὁ βραχίων  πρός ὁ ἄνω2 .
185374	tlg0057.tlg095.1st1K-grc1	Ἀκούειν σε χρὴ νῦν εἰρῆσθαι πρὸς αὐτοῦ κατὰ τὴν ἔνδον ἢ ἔξω μετάστασιν τῶν ὀστῶν.	σύ χρή νῦν λέγω πρός αὐτός κατά ὁ ἔνδον ἤ ἔξω μετάστασις ὁ  .
185375	tlg0057.tlg095.1st1K-grc1	ἄκουε δέ μου λέγοντος ἔνδον μὲν εἰς τὸ βάθος τοῦ σώματος, ἔξω δὲ ἐπὶ τοῦ πρὸς τὸ δέρμα.	ἀκούω δέ  λέγω ἔνδον μέν εἰς ὁ βάθος ὁ σῶμα , ἔξω δέ ἐπί ὁ πρός ὁ δέρμα .
185376	tlg0057.tlg095.1st1K-grc1	Ὅσα δὲ τῶν ἄνωθεν παρολισθαίνοντα ἐς τὸ πλάγιον ἦλθεν ἢ ἐς τὸ κατωτέρω, συμπορσύνοι ἂν τὴν κατόρθωσιν, εἰ ὁ μὲν ἄνθρωπος ὕπτιος κέοιτο, κατὰ δὲ τὸ μεσηγὺ τῶν ὠμοπλατέων ὑψηλότερόν τι ὀλίγον ὑποκέοιτο, ὡς περιῤῥηδὲς ἔῃ τὸ στῆθος ὡς μάλιστα καὶ τὸν βραχίονα, εἰ ἀνάγοι τις παρὰ τὰς πλευρὰς παρατεταμένον.	δέ ὁ ἄνωθεν  εἰς ὁ πλάγιος ἔρχομαι ἤ εἰς ὁ  , συμπορσύνω ἄν ὁ κατόρθωσις , εἰ ὁ μέν ἄνθρωπος ὕπτιος κεῖμαι , κατά δέ ὁ μεσηγύ ὁ   τις ὀλίγος ὑπόκειμαι , ὡς περιρρηδής εἰμί ὁ στῆθος ὡς μάλιστα καί ὁ βραχίων , εἰ  τις παρά ὁ πλευρά παρατείνω .
185377	tlg0057.tlg095.1st1K-grc1	ὁ δὲ ἰητρὸς τῇ μὲν ἑτέρῃ χειρὶ ἐς τὴν κεφαλὴν τοῦ βραχίονος ἐμβαλὼν τὸ θέναρ τῆς χειρὸς ἀπωθέοι, τῇ δ’ ἑτέρῃ τὰ ὀστέα τὰ κατεαγότα εὐθετίζοι, οὕτως ἂν μάλιστα ἐς τὴν φύσιν ἄγοι.	ὁ δέ ἰατρός ὁ μέν ἕτερος χείρ εἰς ὁ κεφαλή ὁ  ἐμβάλλω ὁ θέναρ ὁ χείρ ἀπωθέω , ὁ  ἕτερος ὁ ὀστέον ὁ κατάγνυμι  , οὕτως ἄν μάλιστα εἰς ὁ φύσις ἄγω .
185378	tlg0057.tlg095.1st1K-grc1	ἀτὰρ ὅπερ ἤδη εἴρηται, εὖ μάλα τὸ ἄνωθεν ὀστέον ἐς τὸ κάτω φιλέει ὑποδύνειν.	ἀτάρ ὅς ἤδη λέγω , εὖ μάλα ὁ ἄνωθεν ὀστέον εἰς ὁ κάτω φιλέω ὑποδύω .
185379	tlg0057.tlg095.1st1K-grc1	τοῖσι μὲν οὖν πλείστοισιν ὅταν ἐπιδεθῶσι, τὸ σχῆμα ἀρήγει, παρ’ αὐτὰς τὰς πλευρὰς τὸν ἀγκῶνα ἔχοντα οὕτως ἐς τὸ ἄνω τὸν ὦμον ἀναγκάζεσθαι.	ὁ μέν οὖν  ὅταν ἐπιδέω , ὁ σχῆμα ἀρήγω , παρά αὐτός ὁ πλευρά ὁ ἀγκών ἔχω οὕτως εἰς ὁ ἄνω2 ὁ ὦμος ἀναγκάζω .
185380	tlg0057.tlg095.1st1K-grc1	ἔστι δ’ οἷσι μὲν τὸν ὦμον ἀναγκάζειν δεῖ ἐς τὸ ἄνω, ὡς εἴρηται.	εἰμί  ὅς μέν ὁ ὦμος ἀναγκάζω δέω εἰς ὁ ἄνω2 , ὡς λέγω .
185381	tlg0057.tlg095.1st1K-grc1	Ὅταν οὖν τὸ συνεχὲς τῶν στέρνων μέρος τῆς κλειδὸς ἢ εἰς τὸ πλάγιον ἢ εἰς τὸ κάτω παρολισθῇ, τηνικαῦτά φησι συμπαρασκευάζεσθαι εἰς τὴν κατόρθωσιν, εἴ τις τὸν ἄνθρωπον ὕπτιον κατακλίνας ὑποθείη μεταξὺ τῶν ὠμοπλατῶν κατ’ αὐτὴν τὴν ῥάχιν, δηλονότι προσκεφάλαιον ἢ ὑπαυχένιον ἤ τι τοιοῦτον, ὡς περικεκλασμένον κατὰ τοῦτο γίνεσθαι τὸν θώρακα σύμπαντα.	οὖν ὁ συνεχής ὁ στέρνον μέρος ὁ κλείς ἤ εἰς ὁ πλάγιον ἤ εἰς ὁ κάτω  , τηνικαῦτα φημί  εἰς ὁ κατόρθωσις , εἰ τις ὁ ἄνθρωπος  κατακλίνω   ὁ  κατά αὐτός ὁ ῥάχις , δηλονότι προσκεφάλαιον τίη ὑπαυχένιος ἤ τι  , ὡς  κατά οὗτος γίγνομαι ὁ θώραξ  .
185382	tlg0057.tlg095.1st1K-grc1	τὸ γὰρ περιῤῥηδὲς ἔῃ οὕτως εἴρηται καὶ παρὰ τῷ ποιητῇ·	ὁ γάρ περιρρηδής εἰμί οὕτως λέγω καί παρά ὁ ποιητής ·
185383	tlg0057.tlg095.1st1K-grc1	Περιῤῥηδής τε τραπέζης κατέπεσε.	τε τράπεζα καταπίπτω .
185384	tlg0057.tlg095.1st1K-grc1	κατὰ τοῦτον οὖν τὸν τρόπον σχηματισθέντος τοῦ ἀνθρώπου τὸν ἰατρὸν ἀξιοῖ τῇ μὲν ἑτέρᾳ χειρὶ τὴν κεφαλὴν τοῦ βραχίονος διανάγειν παρὰ τὰς πλευρὰς παρατεταμένον ἀπωθεῖν ἐκτός.	κατά οὗτος οὖν ὁ τρόπος  ὁ ἄνθρωπος ὁ ἰατρός ἀξιόω ὁ μέν ἕτερος χείρ ὁ κεφαλή ὁ   παρά ὁ πλευρά παρατείνω ἀπωθέω ἐκτός .
185385	tlg0057.tlg095.1st1K-grc1	οὕτως γὰρ ἂν διασταίη μάλιστα τὰ κατεαγότα μόρια τῆς κλειδὸς εἰς τοῦτο καὶ τοῦ περιῤῥηδοῦς σχήματος συντελοῦντος οὐ μικρόν.	οὕτως γάρ ἄν  μάλιστα ὁ κατάγνυμι μόριον ὁ κλείς εἰς οὗτος καί ὁ  σχῆμα συντελέω οὐ μικρός .
185386	tlg0057.tlg095.1st1K-grc1	διαπλάττειν δὲ τῇ ἑτέρᾳ χειρὶ καὶ συναπάγειν πρὸς ἄλληλα τὰ διεστῶτα τῆς χειρὸς μόρια τὸν βραχίονα πρὸς τὰς πλευρὰς παρατεταμένον ἀνάγοντα κατὰ τὴν ἑξῆς ῥῆσιν ἐνίοτέ φησιν ἄμεινον εἶναι.	διαπλάσσω δέ ὁ ἕτερος χείρ καί  πρός ἀλλήλων ὁ  ὁ χείρ μόριον ὁ βραχίων πρός ὁ πλευρά παρατείνω ἀνάγω κατά ὁ ἑξῆς ῥῆσις ἐνίοτε φημί ἀμείνων εἰμί .
185387	tlg0057.tlg095.1st1K-grc1	Τὸν δὲ ἀγκῶνα πρὸς τὸ στῆθος παράγειν, ἄκρην δὲ τὴν χεῖρα παρὰ τὸ ἀκρώμιον τοῦ ὑγιέος ὤμου ἴσχειν·	δέ ἀγκών πρός ὁ στῆθος παράγω , ἄκρα δέ ὁ χείρ παρά ὁ ἀκρώμιον ὁ ὑγιής ὦμος ἴσχω ·
185388	tlg0057.tlg095.1st1K-grc1	ἢν μὲν οὖν κατακέεσθαι τολμᾷ, ἀντιστήριγμά τι προστιθέναι χρὴ, ὡς ἂν ὁ ὦμος ἀνωτάτω ἔῃ, ἢν δὲ περιίῃ, σφενδόνην χρὴ ἐκ ταινίης περὶ τὸ ὀξὺ τοῦ ἀγκῶνος ποιήσαντα ἀναλαμβάνειν περὶ τὸν αὐχένα.	ἐάν μέν οὖν κατάκειμαι τολμάω ,  τι προστίθημι χρή , ὡς ἄν ὁ ὦμος ἄνω εἰμί , ἐάν δέ  , σφενδόνη χρή ἐκ ταινία περί ὁ ὀξύς2 ὁ ἀγκών ποιέω ἀναλαμβάνω περί ὁ αὐχήν .
185389	tlg0057.tlg095.1st1K-grc1	Τὸ δὲ τοιοῦτον σχῆμα πρὸς τὴν ἐκτὸς χώραν ἀπάγει δηλονότι τὴν κεφαλὴν τοῦ βραχίονος, ὡς συναπάγεται καὶ τὸ τῆς κλειδὸς μέρος τὸ συνημμένον τῷ ἀκρωμίῳ, ἀλλ’ οὐκ εἶναι χρείαν φησὶ τοιούτου σχήματος ὡς τὸ πολύ.	δέ  σχῆμα πρός ὁ ἐκτός χώρα ἀπάγω  ὁ κεφαλή ὁ  , ὡς  καί ὁ ὁ κλείς μέρος ὁ συνάπτω τῷ  , ἀλλά οὐ εἰμί χρεία φημί τοιοῦτος σχῆμα ὡς ὁ πολύς .
185390	tlg0057.tlg095.1st1K-grc1	γίγνεσθαι γὰρ αὐτάρκως τὴν ἐπανόρθωσιν καὶ διὰ τοῦ προτέρου, καθ’ ὃ περὶ τὰς πλευρὰς ὁ βραχίων παρατεταμένος ἐπήγετο, τοῦ ἀγκῶνος αὐτόθι μένοντος, οὐχ ὥσπερ νῦν ἐπὶ τὸ στῆθος παραγενομένου.	γίγνομαι γάρ αὐτάρκης ὁ ἐπανόρθωσις καί διά ὁ πρότερος , κατά ὁ περί ὁ πλευρά ὁ βράχεα παρατείνω ἐπάγω , ὁ ἀγκών αὐτός μένω , οὐ ὥσπερ νῦν ἐπί ὁ στῆθος  .
185391	tlg0057.tlg095.1st1K-grc1	τοῦτ’ οὖν παρέχειν ἐπὶ τὸ στῆθος οὐχ ὡς ἀχρήστου τοῦ προτέρου φευκτέον ἡμῖν ἐστιν, ἀλλ’ ὡς καὶ διακινουμένου τὰ πολλὰ τῆς προκειμένης ἐνεργείας κατορθοῦσθαι δυναμένης.	οὖν παρέχω ἐπί ὁ στῆθος οὐ ὡς ἄχρηστος ὁ πρότερος φεύγω  εἰμί , ἀλλά ὡς καί  ὁ πολύς ὁ  ἐνέργεια κατορθόω  .
185392	tlg0057.tlg095.1st1K-grc1	εἰ δ’ ἐν τῷ πράττειν αὐτὴν μὴ ὑπακούοι τὸ ἔργον, οὕτως ἐπὶ τὸ δεύτερον σχῆμα μεταβησόμεθα.	εἰ  ἐν ὁ πράσσω αὐτός μή ὑπακούω ὁ ἔργον , οὕτως ἐπί ὁ δεύτερος σχῆμα μεταβαίνω .
185393	tlg0057.tlg095.1st1K-grc1	ΙΠΠΟΚΡΑΤΟΥΣ ΤΟ ΠΕΡΙ ΑΡΘΡΩΝ ΒΙΒΛΙΟΝ ΚΑΙ ΓΑΛΗΝΟΥ ΕΙΣ ΑΥΤΟ ΥΠΟΜΝΗΜΑ ΔΕΥΤΕΡΟΝ.	.
185394	tlg0057.tlg095.1st1K-grc1	Γνάθος δὲ ὀλίγοισιν ἤδη τελέως ἐξήρθρησε.	δέ ὀλίγος ἤδη τέλειος  .
185395	tlg0057.tlg095.1st1K-grc1	Γνάθον ὀνομάζουσιν οἱ ἀνατομικοὶ τὸ ὑποκάτω τοῦ μήλου καλουμένου.	ὀνομάζω ὁ  ὁ ὑποκάτω ὁ  καλέω .
185396	tlg0057.tlg095.1st1K-grc1	τὸ μῆλονδ’ αὐτοῖς ἐξέχον ἐν τοῖς πρόσω διακρατοῦσιν ἀτρέμα περιφερές.	ὁ μῆλον δ’ αὐτός ἐξέχω ἐν ὁ πρόσω  ἀτρέμα  .
185397	tlg0057.tlg095.1st1K-grc1	ὁ τοίνυν Ἱπποκράτης οὕτως εἴρηκεν, ὤμου δὲ ἄρθρον ἐν ἴσῳ τοῦ κατ’ ὦμον ἄρθρου, ἵνα καὶ νυνὶ λέγων τὸ κατὰ τὴν γνάθον ἄρθρον ἢ τὴν κάτω γένυν ὠνόμασε γνάθον.	ὁ τοίνυν Ἱπποκράτης οὕτως λέγω , ὦμος δέ ἄρθρον ἐν ἴσος ὁ κατά ὦμος  , ἵνα καί νυνί λέγω ὁ κατά ὁ γνάθος ἄρθρον τίη ὁ κάτω γένυς ὀνομάζω γνάθος .
185398	tlg0057.tlg095.1st1K-grc1	οὕτως δὲ καὶ ὁ ποιητὴς εἴρηκε·	οὕτως δέ καί ὁ ποιητής λέγω ·
185399	tlg0057.tlg095.1st1K-grc1	Κόπτων ἀμφοτέρῃσι, χαμαὶδ’ ἅπαντας ὀδόντας γνάθων ἐξελάσαιμι συὸς ὡς ληϊβοτείρης.	ἀμφότερος , χαμαί δ’ ἅπας ὀδούς  ἐξελαύνω  ὡς ληϊβοτήρ .
185400	tlg0057.tlg095.1st1K-grc1	καὶ γὰρ κἀκεῖνος φαίνεται γνάθους ὀνομάζων τὰς γένυας·	καί γάρ ἐκεῖνος φαίνω  ὀνομάζω ὁ γένυς ·
185401	tlg0057.tlg095.1st1K-grc1	αὐτός τε πάλιν ὁ Ἱπποκράτης ἐν τοῖς ἐφεξῆς γνάθους αὐτὰς καλεῖ.	αὐτός τε πάλιν ὁ Ἱπποκράτης ἐν ὁ ἐφεξῆς  αὐτός καλέω .
185402	tlg0057.tlg095.1st1K-grc1	περὶ μὲν οὖν τῆς προσηγορίας ἱκανὰ καὶ ταῦτα.	περί μέν οὖν ὁ προσηγορία ἱκανός καί οὗτος .
185403	tlg0057.tlg095.1st1K-grc1	διὰ τί δέ φησιν ὀλίγοις ἐξαρθρήσασθαι τὴν γένυν αὐτός σε διδάξει διὰ τῶν ἐπιφερομένων, οἷς δὴ πρόσεχε τὸν νοῦν.	διά τι δέ φημί ὀλίγος  ὁ γένυς αὐτός  διδάσκω διά ὁ ἐπιφέρω , ὅς δή προσέχω ὁ νόος .
185404	tlg0057.tlg095.1st1K-grc1	Ὀστέων τε γὰρ τὸ ἀπὸ τῆς ἄνω γνάθου πεφυκὸς ὑπεζύγωται πρὸς τὸ ὑπὸ τὸ οὖς ὀστέῳ προσπεφυκότι, ὅπερ ἀποκλείει τὰς κεφαλὰς τῆς κάτω γνάθου, τῆς μὲν ἀνωτέρω ἐὸν, τῆς δὲ κατωτέρω τῶν κεφαλαίων.	τε γάρ ὁ ἀπό ὁ ἄνω2 γνάθος   πρός ὁ ὑπό ὁ οὖς  προσφύω , ὅς ἀποκλείω ὁ κεφαλή ὁ κάτω γνάθος , ὁ μέν ἄνω εἰμί , ὁ δέ κάτω ὁ κεφάλαιος .
185405	tlg0057.tlg095.1st1K-grc1	τά τε ἄκρεα τῆς κάτω γνάθου τὸ μὲν διὰ τὸ μῆκος οὐκ εὐπαρείσδυτον, τὸ δ’ αὖ τὸ κόρωνόν τε καὶ ὑπερέχον ὑπὲρ τοῦ ζυγώματος.	ὁ τε ἄκρεα ὁ κάτω γνάθος ὁ μέν διά ὁ μῆκος οὐ εὐπαρείσδυτος , ὁ  αὖ ὁ  τε καί ὑπερέχω ὑπέρ ὁ ζύγωμα .
185406	tlg0057.tlg095.1st1K-grc1	Εἴρηταί μοι καὶ πρόσθεν ἔν τε τῇ περὶ τοῦ ἀγκῶνος ἐξηγήσει καὶ τῷ πρώτῳ τῶν ὑπομνημάτων·	ἐγώ καί πρόσθεν ἐν τε ὁ περί ὁ ἀγκών  καί ὁ πρῶτος ὁ ὑπόμνημα ·
185407	tlg0057.tlg095.1st1K-grc1	καὶ εἴ τις οὐ νοεῖ σαφῶς τὰ οὕτως ὑφ’ Ἱπποκράτους λεγόμενα, δείκνυσι καὶ τοῦτο πρὸ τοῦ διδάσκοντος ὀστᾶ μάλιστα μὲν ἀνθρώπων, εἰ δὲ μὴ, πιθήκων.	καί εἰ τις οὐ νοέω σαφής ὁ οὕτως ὑπό Ἱπποκράτης λέγω , δείκνυμι καί οὗτος πρό ὁ διδάσκω ὀστέον μάλιστα μέν ἄνθρωπος , εἰ δέ μή ,  .
185408	tlg0057.tlg095.1st1K-grc1	ἄμεινον δὲ μὴ νῦν, ὁπότ’ ἀναγιγνώσκει τὰ βιβλία, ταύτην ἕξιν γίγνεσθαι τῶν ὀστῶν, ἀλλ’ ἔμπροσθεν ἐπὶ χολῆς γεγονέναι.	ἀμείνων δέ μή νῦν ,  ἀναγιγνώσκω ὁ βιβλίον , οὗτος ἕξις γίγνομαι ὁ  , ἀλλά ἔμπροσθεν ἐπί χολή γίγνομαι .
185409	tlg0057.tlg095.1st1K-grc1	λέλεκται δὲ καὶ ὡς ὑφ’ ἡμῶν γέγραπται βιβλίον τοῖς εἰσαγομένοις περὶ ὀστῶν, ὅτι τε τῷ μέλλοντι συνιέναι δῆλον τί ἐν τούτοις τοῖς γράμμασιν ὁ Ἱπποκράτης λέγει, προγεγυμνάσθαι βέλτιόν ἐστιν ἐν ἐκείνῳ.	λέγω δέ καί ὡς ὑπό ἐγώ γράφω βιβλίον ὁ εἰσάγω περί  , ὅτι2 τε τῷ μέλλω σύνειμι2 δῆλος τίς ἐν οὗτος ὁ γράμμα ὁ Ἱπποκράτης λέγω ,   εἰμί ἐν ἐκεῖνος .
185410	tlg0057.tlg095.1st1K-grc1	καὶ τοίνυν ἔμπροσθεν ἔγραψα καὶ νῦν ποιήσω μέσην τινὰ τοῖςθ’ ἑωρακόσι καὶ μὴ ἑωρακόσι διδασκαλίαν.	καί τοίνυν ἔμπροσθεν γράφω καί νῦν ποιέω μέσος  ὁ θ’  καί μή  διδασκαλία .
185411	tlg0057.tlg095.1st1K-grc1	οὕτως γὰρ οἴ θ’ ἑωρακότες οὐκ ἀνιάσονται τῷ μήκει τῶν λόγων οἵτ’ οὐδ’ ὅλως ἑωρακότες οἷον ὑπογραφήν τινα ἕξουσι τῆς ἀκριβοῦς μαθήσεως, ἣν οὐχ οἶόν τε χωρὶς τῆς ἐπὶ τῶν ὀστῶν αὐτοψίας γενέσθαι.	οὕτως γάρ   ὁράω οὐ  τῷ μῆκος ὁ λόγος ὁ τ’ οὐδέ ὅλος ὁράω οἷος ὑπογραφή  ἔχω ὁ ἀκριβής μάθησις , ὅς οὐ  τε χωρίς ὁ ἐπί ὁ ὀστέον  γίγνομαι .
185412	tlg0057.tlg095.1st1K-grc1	νόει δή μοι καὶ τὸ μὲν κινούμενον ἐν τοῖς ὀδοῦσι στόμα τὴν κάτω γένυν εἶναι, τὸδ’ ἀκίνητον τὴν ἄνω, περιέχεσθαι δὲ πρὸ τῶν ὀστῶν τοὺς ἀλλήλους ὀδόντας κατά τε τὸ μέγεθος καὶ τὸ πλῆθος.	νοέω δή  καί ὁ μέν κινέω ἐν ὁ  στόμα ὁ κάτω γένυς εἰμί , ὁ δ’ ἀκίνητος ὁ ἄνω2 ,  δέ πρό ὁ  ὁ ἀλλήλων ὀδούς κατά τε ὁ μέγεθος καί ὁ πλῆθος .
185413	tlg0057.tlg095.1st1K-grc1	ἐκπεφυκὸς δὲ τὸ τῆς ἄνω γνάθου λεπτόν ἐστι καὶ συνεχὲς τῷ περιέχοντι τὸ μικρὸν, καθ’ ὃν ὀστῷ τούτῳ δ’ ἄγαν τ’ ἂν ἕτερον ἐκ τοῦ τῶν ἀκουστικῶν πόρων ἐν αὐτῷ περιέχοντος ὀστοῦ.	ἐκφύω δέ ὁ ὁ ἄνω2 γνάθος λεπτός εἰμί καί συνεχής τῷ περιέχω ὁ μικρός , κατά ὅς  οὗτος  ἄγαν  ἐάν ἕτερος ἐκ ὁ ὁ  πόρος ἐν αὐτός περιέχω  .
185414	tlg0057.tlg095.1st1K-grc1	καθ’ ὃ δὲ συμβάλλει ταῦτα ἀλλήλοις γίγνεσθαι συνάρθρωσιν ὁμοίαν ῥαφῇ.	κατά  δέ συμβάλλω οὗτος ἀλλήλων γίγνομαι  ὅμοιος ῥαφή .
185415	tlg0057.tlg095.1st1K-grc1	τὸ τοίνυν ὀστοῦν τοῦτο λεπτὸν, ὃ συνάπτει τὴν ἄνω γένυν τῇ κεφαλῇ, καλεῖται ζύγωμα πρὸς τῶν ἀνατομικῶν, ἐπειδὴ καὶ αὐτὸς ὁ Ἱπποκράτης φάσκων ὑποζυγῶσαι δηλοῖ συνάγειν ἀλλήλοις τὰ δύο ὀστᾶ, καθάπερ ζυγὸν ὑποκείμενον αὐτοῖς.	ὁ τοίνυν  οὗτος λεπτός , ὅς συνάπτω ὁ ἄνω2 γένυς ὁ κεφαλή , καλέω ζύγωμα πρός ὁ  , ἐπεί καί αὐτός ὁ Ἱπποκράτης φάσκω  δηλόω συνάγω ἀλλήλων ὁ γε ὀστέον , καθά ζυγόν  αὐτός .
185416	tlg0057.tlg095.1st1K-grc1	ὑπὸ δὲ τούτῳ τῷ ζυγώματι κοιλότης ἐστὶν ἀξιόλογος, ἣν κατείληφεν ἡ ἑτέρα τῶν ἀποφύσεων τῆς κάτω γένυος, ἥν τε κορώνην θηλυκῶς ὀνομάζουσι καὶ κόρωνον οὐδετέρως, οὔσης καὶ ἑτέρας ἀποφύσεως κατὰ τοῦτο δακνοίη, καθ’ ἣν διαρθροῦται τῷ τῆς κεφαλῆς ὀστῷ, πλησίον τοῦ ὠτός.	ὑπό δέ οὗτος τῷ   εἰμί  , ὅς  ὁ ἕτερος ὁ ἀπόφυσις ὁ κάτω γένυς , ὅς τε κορώνη θηλυκός ὀνομάζω καί  οὐδέτερος , εἰμί καί ἕτερος  κατά οὗτος  , κατά ὅς  τῷ ὁ κεφαλή ὀστέον , πλησίος ὁ  .
185417	tlg0057.tlg095.1st1K-grc1	ἀλλ’ αὕτη μὲν ἡ ἀπόφυσις βραχεῖα ἦν κατὰ τὸ μῆκος, ἡ δ’ ἑτέρα πολὺ μακροτέρα.	ἀλλά οὗτος μέν ὁ ἀπόφυσις βραχύς εἰμί κατά ὁ μῆκος , ὁ  ἕτερος πολύς μακρός .
185418	tlg0057.tlg095.1st1K-grc1	διορίζει δὲ ἀμφότερον μέσον τεταμένον τὸ ζύγωμα, τῆς μὲν μακροτέρας ταπεινότερον κείμενον, ὑψηλότερον δὲ τῆς ταπεινοτέρας.	διορίζω δέ ἀμφότερος μέσος τείνω ὁ ζύγωμα , ὁ μέν  ταπεινός  ,  δέ ὁ ταπεινός .
185419	tlg0057.tlg095.1st1K-grc1	ἀμφοτέρας δὲ τὰς ἀποφύσεις τῆς γένυος ὠνόμασεν ὁ Ἱπποκράτης κεφαλὰς ἐν τῷ φάναι τὸ ζύγωμα τὰς κεφαλὰς ἀποκλείειν, ὅπερ ἐστὶ διείργειν καὶ χωρίζειν ἀλλήλων, τῆς μὲν κατωτέρω, τῆς δὲ ἀνωτέρω.	ἀμφότερος δέ ὁ ἀπόφυσις ὁ γένυς ὀνομάζω ὁ Ἱπποκράτης κεφαλή ἐν ὁ φημί ὁ ζύγωμα ὁ κεφαλή ἀποκλείω , ὅς εἰμί διείργω καί χωρίζω ἀλλήλων , ὁ μέν κάτω , ὁ δέ ἄνω .
185420	tlg0057.tlg095.1st1K-grc1	πρόδηλον οὖν ὡς δυνατόν ἐστιν ἐκπεσεῖν τῆς οἰκείας διαρθρώσεως τὴν κάτω γένυν ἄνευ τοῦ κατωτέρω χωρῆσαι τοῦ ζυγώματος τὴν κορώνην, οὐ μὴν οὐδ’ ἁπλῶς τοῦτο γενόμενον ἔξαρθρον αὐτὴν ἐργάσεται.	πρόδηλος οὖν ὡς δυνατός εἰμί ἐκπίπτω ὁ οἰκεῖος  ὁ κάτω γένυς ἄνευ ὁ κάτω χωρέω ὁ ζύγωμα ὁ κορώνη , οὐ μήν οὐδέ ἁπλόος οὗτος γίγνομαι  αὐτός ἐργάζομαι .
185421	tlg0057.tlg095.1st1K-grc1	ἀνοιγομένου γὰρ τοῦ στόματος εἰς τὴν ἰδίαν ἐπανήξει χώραν.	ἀνοίγνυμι γάρ ὁ στόμα εἰς ὁ ἴδιος  χώρα .
185422	tlg0057.tlg095.1st1K-grc1	εἰ τοίνυν ἔξαρθρος ἔσεσθαι μέλλοι, κωλυθῆναι χρὴ τὴν ἐπάνοδον αὐτῆς εἰς τὸ πλάγιον ἐκτραπείσης.	εἰ τοίνυν  εἰμί μέλλω , κωλύω χρή ὁ ἐπάνοδος αὐτός εἰς ὁ πλάγιον ἐκτρέπω .
185423	tlg0057.tlg095.1st1K-grc1	ὀρθῶς οὖν ἐφεξῆς ἔφη, χωρὶς τοῦ μέγιστον χαίνοντος εἰς τὰ πλάγια ἐκτρέψαι τὴν γένυν, ἀδύνατον αὐτὴν ἐκπεσεῖν.	ὀρθός οὖν ἐφεξῆς φημί , χωρίς ὁ μέγας  εἰς ὁ πλάγιον ἐκτρέπω ὁ γένυς , ἀδύνατος αὐτός ἐκπίπτω .
185424	tlg0057.tlg095.1st1K-grc1	οὔτε γὰρ αὐτὴ ἀποχωρῆσαι δύναται κατωτέρω τοῦ ζυγώματος ἡ κορώνη, πλὴν ἐπὶ πλεῖστον ἀποστῆναι τὴν κάτω γένυν ἢ τὴν ἄνω.	οὔτε γάρ αὐτός ἀποχωρέω δύναμαι κάτω ὁ ζύγωμα ὁ κορώνη ,  ἐπί πλεῖστος ἀφίστημι ὁ κάτω γένυς τίη ὁ ἄνω2 .
185425	tlg0057.tlg095.1st1K-grc1	τοῦτο δ’ ἐν τῷ μέγιστον χαίνειν γίνεται, οὔτ’ ἄνευ τῆς εἰς τὸ πλάγιον ἐκτροπῆς ἡ πρὸς τὴν﻿ οἰκείαν χώραν ἐπάνοδος κωλύεται.	οὗτος  ἐν τῷ μέγας  γίγνομαι ,  ἄνευ ὁ εἰς ὁ πλάγιος ἐκτροπή ὁ πρός ὁ ﻿ οἰκεῖος χώρα  κωλύω .
185426	tlg0057.tlg095.1st1K-grc1	διά τε οὖν ταῦτα δυσκόλως ἐκπίπτει καὶ διὰ τὴν ἀνεχόντων μυῶν ῥώμην, ὑπὲρ ὧν κατὰ τὴν ἑξῆς λέξιν ἤκουον αὐτοῦ λέγοντος.	διά τε οὖν οὗτος δύσκολος ἐκπίπτω καί διά ὁ ἀνέχω μῦς ῥώμη , ὑπέρ ὅς κατά ὁ ἑξῆς λέξις ἀκούω αὐτός λέγω .
185427	tlg0057.tlg095.1st1K-grc1	Ἅμα τε ἀμφοτέρων τῶν ἀκρέων τούτων νευρώδεες τένοντες πεφύκασιν, ἐξ ὧν ἐξήρτηνται οἱ μύες οἱ κροταφῖται καὶ μασσητῆρες καλεόμενοι.	ἅμα τε ἀμφότερος ὁ ἄκρος οὗτος   φύω , ἐκ ὅς ἐξαρτάω ὁ μῦς ὁ  καί  καλέω .
185428	tlg0057.tlg095.1st1K-grc1	Ἅς ἔμπροσθεν ὠνόμασε κεφαλὰς τῆς κάτω γένυος ἄκρεα νῦν προσηγόρευσεν ἐπ’ ἀμφοτέρων λέγων νευρώδεις τένοντας πεφυκέναι.	ἔμπροσθεν ὀνομάζω κεφαλή ὁ κάτω γένυς  νῦν προσαγορεύω ἐπί ἀμφότερος λέγω   φύω .
185429	tlg0057.tlg095.1st1K-grc1	καλεῖν δ’ εἴωθε τένοντας ἐκεῖνα τὰ πέρατα τῶν μυῶν ἃ προσαγορεύουσιν ἀπονευρώσεις οἱ ἀνατομικοὶ, νευρωδέστερα μὲν ἀεὶ τῶν μέσων ὄντα, διαφέροντα δ’ ἀλλήλων ἐν τῷ ποτὲ μὲν πλείονα τὴν σαρκώδη φύσιν ἔχειν τῆς νευρώδους, ποτὲδ’ ἐλάττονα.	καλέω  εἴωθα  ἐκεῖνος ὁ πέρας ὁ μῦς ὅς προσαγορεύω  ὁ  ,  μέν ἀεί ὁ μέσος εἰμί , διαφέρω  ἀλλήλων ἐν τῷ ποτε μέν πολύς ὁ σαρκώδης φύσις ἔχω ὁ  , ποτε δ’  .
185430	tlg0057.tlg095.1st1K-grc1	ὁπότε μὲν οὖν ἡ τῆς σαρκὸς οὐσία πλείων ᾖ, σαρκώδη τὴν ἀπονεύρωσιν καλοῦσι τοῦ μυὸς, ὁπόταν δὲ ἐλάττων ᾖ, νευρώδη προσαγορεύουσι.	ὁπότε μέν οὖν ὁ ὁ σάρξ οὐσία πολύς εἰμί , σαρκώδης ὁ  καλέω ὁ μῦς ,  δέ ἐλάσσων εἰμί ,  προσαγορεύω .
185431	tlg0057.tlg095.1st1K-grc1	νῦν οὖν ἐπειδὴ τῆς σαρκώδους οὐσίας ἡ νευρώδης ἐστὶ πλείων, εἰκότως ἔφη νευρώδεις τένοντας ἐκπεφυκέναι τῶν κεφαλῶν.	νῦν οὖν ἐπεί ὁ  οὐσία ὁ  εἰμί πολύς , εἰκός φημί  τένων ἐκφύω ὁ  .
185432	tlg0057.tlg095.1st1K-grc1	ἀπὸ γὰρ τῶν ὑψηλῶν τῆς κάτω γένυος ἐξηρτῆσθαί φασι μύας τοὺς κροταφίτας καὶ μασητῆρας καλουμένους.	ἀπό γάρ ὁ ὑψηλός ὁ κάτω γένυς  φημί μῦς ὁ  καί  καλέω .
185433	tlg0057.tlg095.1st1K-grc1	ἄδηλον δὲ πότερον τοὺς αὐτοὺς μύας τοῖς τοιούτοις προσηγόρευσεν ὀνόμασιν, ἢ ἄλλους μὲν εἶναι βούλεται τοὺς κροταφίτας, ἄλλους δὲ τοὺς μασσητῆρας.	ἄδηλος δέ πότερον ὁ αὐτός μῦς ὁ τοιοῦτος προσαγορεύω ὄνομα , τίη ἄλλος μέν εἰμί βούλομαι ὁ  , ἄλλος δέ ὁ  .
185434	tlg0057.tlg095.1st1K-grc1	οἱ μὲν γὰρ μετ’ αὐτὸν ἀνατομικοὶ κροταφίτας μὲν ὀνομάζουσι τοὺς ἐκ τῶν κατὰ κροτάφους ὀστῶν τῆς κεφαλῆς ἐκφυομένους, οὓς ἂν διανοίγειν τε καὶ συνάγειν τὸ στόμα σαφῶς ὁρῶμεν ἐντεινομένους, τοὺς δὲ ἐπικεκλεισμένους τοῖς πλατέσι τῆς κάτω γνάθου καὶ τούτοις δὲ ἑκατέρωθεν ἕνα μασσητῆρα, ἐπειδὴ περιάγουσιν ἐν τῷ μασᾶσθαι τὴν γένυν, οὔπω δυναμένων τοῦτο ποιεῖν, τῶν ἄνωθεν καταφερομένων.	ὁ μέν γάρ μετά αὐτός   μέν ὀνομάζω ὁ ἐκ ὁ κατά   ὁ κεφαλή  , ὅς ἐάν  τε καί συνάγω ὁ στόμα σαφής ὁράω  , ὁ δέ  ὁ  ὁ κάτω  καί οὗτος δέ ἑκατέρωθεν   , ἐπεί περιάγω ἐν τῷ  ὁ γένυς , οὔπω  οὗτος ποιέω , ὁ ἄνωθεν  .
185435	tlg0057.tlg095.1st1K-grc1	ἀνασπῶσι γὰρ ἐκεῖνοι μόνην αὐτὴν, οὐ μὴν εἰς τὰ πλάγια παράγουσι, διὸ κἂν ἐν τῷ συνάγειν τὸ στόμα τούτων χρῄζομεν, ὡς ἂν κἀπειδὰν ἐνδάκνοντές τι τοῖς προσθίοις ὀδοῦσιν ἀποθραύουσιν, ἢν βουληθῶμεν ἀποθλάσαι τι διὰ τῶν κυνοδόντων ὀνομα ζομένων.	γάρ ἐκεῖνος μόνος αὐτός , οὐ μήν εἰς ὁ πλάγιον παράγω , διό ἐάν ἐν ὁ συνάγω ὁ στόμα οὗτος χρῄζω , ὡς ἄν   τι ὁ πρόσθιος ὀδούς  , ἐάν βούλομαι  τις διά ὁ    .
185436	tlg0057.tlg095.1st1K-grc1	ὅταν δὲ ταῖς μύλαις ἐπιβάλλοντες τὰ σιτία καταθραύειν τε καὶ λεαίνειν αὐτὰ προελώμεθα, μάσησις μὲν καλεῖται τὸ τοιοῦτον ἔργον, ὑπὸ δὲ τῶν ὑποβεβλημένων τοῖς πλατέσιν ἐπιτελεῖται παραγόντων αὐτῶν εἰς τὰ πλάγια τὴν γένυν.	ὅταν δέ ὁ μύλη ἐπιβάλλω ὁ σιτίον  τε καί λεαίνω αὐτός προελαύνω ,  μέν καλέω ὁ  ἔργον , ὑπό δέ ὁ  ὁ πλατύς ἐπιτελέω παράγω αὐτός εἰς ὁ πλάγιον ὁ γένυς .
185437	tlg0057.tlg095.1st1K-grc1	εὔλογον οὖν ἐστι τούτους μὲν μασητῆρας ὀνομάζειν, κροταφίτας δὲ τοὺς ἐκφυομένους τῶν κατὰ τοὺς κροτάφους ὀστῶν, οἳ καὶ περιλαμβάνουσι νευρώδεις τένοντας, τὴν κορώνην τῆς γένυος ἐν κύκλῳ πᾶσαν περιφερόμενοι.	εὔλογος οὖν εἰμί οὗτος μέν  ὀνομάζω ,  δέ ὁ  ὁ κατά ὁ κρόταφος  , ὁ καί περιλαμβάνω   , ὁ κορώνη ὁ γένυς ἐν κύκλος πᾶς περιφέρω .
185438	tlg0057.tlg095.1st1K-grc1	καὶ μὴν καὶ ἄλλη τίς ἐστι συζυγία μυῶν ἐγκατακεκριμένη τῷ στόματι, τὴν μὲν ἄνω ἔκφυσιν ἔκ τε τῶν πτερυγοειδῶν ὀστῶν ἔχουσα καὶ συμπάσης τῆς παρακειμένης αὐτῇ κοιλότητος.	καί μήν καί ἄλλος τις εἰμί συζύγιος μῦς  τῷ στόμα , ὁ μέν ἄνω2  ἐκ τε ὁ   ἔχω καί σύμπας ὁ  αὐτός κοιλότης .
185439	tlg0057.tlg095.1st1K-grc1	ἐμφυομένη δὲ τῇ κάτω γένυϊ κατ’ ἐκεῖνο μάλιστα τὸ μέρος, ὅθεν ἡ πρὸς τὴν διάρθρωσιν ἀπόφυσις ἀναφέρεται.	ἐμφύω δέ ὁ κάτω  κατά ἐκεῖνος μάλιστα ὁ μέρος , ὅθεν ὁ πρός ὁ διάρθρωσις ἀπόφυσις ἀναφέρω .
185440	tlg0057.tlg095.1st1K-grc1	τούτων τῶν μυῶν οἱ περὶ τοὺς μασητῆρας ἐξικνοῦνται μῦς, οὓς κατὰ τῶν πλατέων ἔφην ἔξωθεν ἐπιτετάσθαι τῆς κάτω γένυος, ὡς τῶν ἔνδοθεν αὐτῶν τὸ πλατὺ κατειλήφασιν οἱ προειρημένοι δύο μῦς, ἑκατέρωθεν εἶς.	οὗτος ὁ μῦς ὁ περί ὁ  ἐξικνέομαι  , ὅς κατά ὁ πλάτης φημί ἔξωθεν  ὁ κάτω γένυς , ὡς ὁ ἔνδον αὐτός ὁ   ὁ προαγορεύω γε  , ἑκατέρωθεν εἶμι .
185441	tlg0057.tlg095.1st1K-grc1	ὅταν οὖν ὁ Ἱπποκράτης εἴπῃ, ἅμα τε ἀμφοτέρων τῶν ἀκρέων τούτων νευρώδεις τένοντες πεφύκασιν, ἐξ ὧν ἐξήρτηνται οἱ μύες οἱ κροταφῖται καὶ μασητῆρες καλεόμενοι, πρόδηλος μὲν οὖν ἐστι τῶν ἔξωθεν ἐπιβεβλημένων μυῶν τῇ γένυϊ μηδ’ ὅλως μνημονεύων, ἐπὶ δὲ τὰς δύο συζυγίας ἄγων ἡμᾶς τῶν μυῶν, οἵ τε σαφῆ τὴν ἔκφυσιν ἔχουσιν ἐκ τῶν περάτων τοῦ μυὸς καὶ ὅσοι παρὰ τὴν κοιλότητα τὴν παρὰ τοῖς πτερυγοειδέσιν ὀστοῖς.	ὅταν οὖν ὁ Ἱπποκράτης λέγω , ἅμα τε ἀμφότερος ὁ ἄκρος οὗτος   φύω , ἐκ ὅς ἐξαρτάω ὁ μῦς ὁ  καί  καλέω , πρόδηλος μέν οὖν εἰμί ὁ ἔξωθεν  μῦς ὁ   ὅλος μνημονεύω , ἐπί δέ ὁ γε συζυγία ἄγω ἐγώ ὁ μῦς , ὁ τε σαφής ὁ ἔκφυσις ἔχω ἐκ ὁ πέρας ὁ  καί ὅσος παρά ὁ κοιλότης ὁ παρά ὁ   .
185442	tlg0057.tlg095.1st1K-grc1	οὗτοι μὲν γὰρ τὴν ἑτέραν ἀνάπτουσι τὴν εἰρημένην διαρθροῦται τὴν κεφαλὴν, τὸ δ’ ἕτερον ζεῦγος, ὅπερ τὰς κορώνας ἔφην ἐμφέρεσθαι, ταῦτα πάλιν αὐτὰ τῆς γένυος τὰ πέρατα πρὸς τὴν κεφαλὴν ἀνατείνουσι.	οὗτος μέν γάρ ὁ ἕτερος ἀνάπτω ὁ   ὁ κεφαλή , ὁ  ἕτερος ζεῦγος , ὅς ὁ κορώνη φημί ἐμφέρω , οὗτος πάλιν αὐτός ὁ γένυς ὁ πέρας πρός ὁ κεφαλή ἀνατείνω .
185443	tlg0057.tlg095.1st1K-grc1	Διὰ τοῦτο δὲ καλέονται καὶ διὰ τοῦτο κινέονται, ὅτι ἐντεῦθεν ἐξήρτηνται.	διά οὗτος δέ καλέω καί διά οὗτος κινέω , ὅτι2 ἐντεῦθεν ἐξαρτάω .
185444	tlg0057.tlg095.1st1K-grc1	Μασητῆρας εἰπὼν καλεῖσθαι τοὺς προειρημένους μύας αἰτίας ἀποδίδωσι τῆς προσηγορίας αὐτῶν.	λέγω καλέω ὁ  μῦς αἴτιος ἀποδίδωμι ὁ προσηγορία αὐτός .
185445	tlg0057.tlg095.1st1K-grc1	ὅτι γὰρ ἐντεῦθεν ἐξήρτηνται, τουτέστιν ἐκ τῶν ἀκρέων τῆς γένυος, διὰ τοῦτο κινοῦνται μασωμένων καὶ καλοῦνται μασητῆρες.	ὅτι2 γάρ ἐντεῦθεν ἐξαρτάω ,  ἐκ ὁ  ὁ γένυς , διά οὗτος κινέω  καί καλέω  .
185446	tlg0057.tlg095.1st1K-grc1	Ἐν γὰρ τῇ ἐδωδῇ καὶ ἐν τῇ διαλέκτῳ καὶ ἐν τῇ ἄλλῃ χρήσει τοῦ στόματος.	ἐν γάρ ὁ ἐδωδή καί ἐν ὁ  καί ἐν ὁ ἄλλος χρῆσις ὁ στόμα .
185447	tlg0057.tlg095.1st1K-grc1	Ἡ κάτω γένυς ἐστὶν ἡ κινουμένη μόνη, ἀπαγόντων μὲν αὐτὴν ἀπὸ τῆς ἀνωτάτης κατὰ τὸν τράχηλον δυοῖν προσθίων μυῶν, προσαγόντων δὲ τῶν μασητήρων.	Ἡ κάτω γένυς εἰμί ὁ κινέω μόνος ,  μέν αὐτός ἀπό ὁ  κατά ὁ τράχηλος   μῦς , προσάγω δέ ὁ  .
185448	tlg0057.tlg095.1st1K-grc1	εἰκότως οὖν ἐναργῆ τὴν κίνησιν ἔχει ἐξηρτημένην μεγίστην ἔχον τοῦ ὀστοῦ τὴν κίνησιν, ὠνομάσθησάν τε διὰ τὴν κίνησιν ταύτην μασητῆρες ἀπὸ τοῦ σφοδροτάτου τῶν ἔργων τῆς κάτω γένυος, ἀσθενὴς γὰρ ἐν τῷ διαλέγεσθαι κίνησις.	εἰκός οὖν ἐναργής ὁ κίνησις ἔχω  μέγας ἔχω ὁ  ὁ κίνησις ,  τε διά ὁ κίνησις οὗτος  ἀπό ὁ  ὁ ἔργον ὁ κάτω γένυς , ἀσθενής γάρ ἐν ὁ διαλέγω κίνησις .
185449	tlg0057.tlg095.1st1K-grc1	Ἡ μὲν ἄνω γνάθος ἀτρεμέει, συνήρτηται γὰρ τῇ κεφαλῇ καὶ οὐ διήρθρωται, ἡ δὲ κάτω γνάθος κινέεται, ἀπήρθρωται γὰρ ἀπὸ τῆς ἄνω γνάθου καὶ ἀπὸ τῆς κεφαλῆς.	ὁ μέν ἄνω2 γνάθος ἀτρεμέω , συναρτάω γάρ ὁ κεφαλή καί οὐ διαρθρόω , ὁ δέ κάτω γνάθος κινέω , ἀπαρθρόομαι γάρ ἀπό ὁ ἄνω2 γνάθος καί ἀπό ὁ κεφαλή .
185450	tlg0057.tlg095.1st1K-grc1	Τινὲς μὲν συνήρθρωται γράφουσιν, ἔνιοι δὲ συνήρτηται ὅτι καὶ τὴν συνάρθρωσιν ὀστῶν συμβολὴν φυσικὴν εἶναι βούλεται, ποτὲ μὲν ἀμυδρὰν ἐχόντων τὴν κίνησιν, ἔστιδ’ ὅτε ὅλως φαινομένην, ὥσπερ γε τὴν διάρθρωσιν, ὡς τὴν φυσικὴν σύνταξιν ἐναργῆ τὴν κίνησιν ἐχόντων·	μέν  γράφω , ἔνιοι δέ  ὅτι2 καί ὁ   συμβολή φυσικός εἰμί βούλομαι , ποτε μέν ἀμυδρός ἔχω ὁ κίνησις , εἰμί δ’ ὅτε ὅλος φαίνω , ὥσπερ γε ὁ διάρθρωσις , ὡς ὁ φυσικός σύνταξις ἐναργής ὁ κίνησις ἔχω ·
185451	tlg0057.tlg095.1st1K-grc1	ἐν δὲ τῇ προειρημένῃ ῥήσει τὴν ἀπάρθρωσιν ἐπιδείκνυται ταὐτὸ μὲν σημαίνειν τῇ διαρθρώσει, εἴπερ γε καὶ τὸ ἀπηρθρῶσθαι.	ἐν δέ ὁ προαγορεύω  ὁ  ἐπιδείκνυμι αὐτός μέν σημαίνω ὁ διαρθρόω , εἴπερ γε καί ὁ  .
185452	tlg0057.tlg095.1st1K-grc1	Διότι μὲν οὖν ἐν σπασμοῖσι καὶ τετάνοισι τοῦτο πρῶτον τὸ ἄρθρον ἐπισημαίνει συντεταμένον, διότι πληγαὶ καίριοι καὶ καροῦσαι αἱ κροταφίτιδες γίνονται, ἐν ἄλλῳ λόγῳ εἰρήσεται.	μέν οὖν ἐν σπασμός καί  οὗτος πρῶτος ὁ ἄρθρον ἐπισημαίνω συντείνω , διότι πληγή καίριος καί  ὁ  γίγνομαι , ἐν ἄλλος λόγος ἔρομαι .
185453	tlg0057.tlg095.1st1K-grc1	Δι’ ὀλίγων ῥημάτων εἰπεῖν δυνάμενος, ἐπειδὴ πλησίον ἐστὶ τῆς ἀρχῆς τῶν νεύρων τὰ κατὰ τοῦτο τὸ ἄρθρον εἴς γε σπασμοὺς αὐτὸ τοῦτο πρῶτον ἄρθρον ἄρχεται καὶ τὰς πληγὰς καρώδεις ἴσχει, οὐκ οἶδ’ ὅπως ἀνεβάλλετο.	ὀλίγος ῥῆμα λέγω  , ἐπεί πλησίος εἰμί ὁ ἀρχή ὁ  ὁ κατά οὗτος ὁ ἄρθρον εἰμί γε σπασμός αὐτός οὗτος πρῶτος ἄρθρον ἄρχω καί ὁ πληγή  ἴσχω , οὐ  ὅπως ἀναβάλλω .
185454	tlg0057.tlg095.1st1K-grc1	τάχ’ οὖν ἐβούλετο σὺν ἀποδείξει τὸν λόγον ποιήσασθαι τῶν εἰς ταὐτοὺς ἐκφυομένους ἐξ ἐγκεφάλου νεύρων μνημονεύσας, ὅπερ οὐκ οὖν ἀναγκαῖον ἐν τῇ προκειμένῃ διδασκαλίᾳ γίγνεσθαι.	οὖν βούλομαι σύν ἀποδείκνυμι ὁ λόγος ποιέω ὁ εἰς   ἐκ ἐγκέφαλος  μνημονεύω , ὅς οὐ οὖν ἀναγκαῖον ἐν ὁ  διδασκαλία γίγνομαι .
185455	tlg0057.tlg095.1st1K-grc1	καὶ διὰ τοῦτ’ ἀνεβάλλετο τὸν τέλειον λόγον ἑκατέρωθεν γράψαι.	καί διά  ἀναβάλλω ὁ τέλειος λόγος ἑκατέρωθεν γράφω .
185456	tlg0057.tlg095.1st1K-grc1	Περὶ δὲ τοῦ μὴ κάρτα ἐξαρθρέειν τάδε τὰ αἴτια.	δέ ὁ μή κάρτα ἐξαρθρέω ὅδε ὁ αἴτιος .
185457	tlg0057.tlg095.1st1K-grc1	Ποῖα τάδε;	ὅδε ;
185458	tlg0057.tlg095.1st1K-grc1	προειρημένα δηλονότι δύο ἔχοντα κεφάλαια τὴν τῶν ὀστῶν φύσιν, οἵαν διῆλθον, ἅμα τῇ ῥώμῃ τῶν μυῶν.	προαγορεύω  γε ἔχω κεφάλαιος ὁ ὁ ὀστέον φύσις , οἷος διέρχομαι , ἅμα ὁ ῥώμη ὁ μῦς .
185459	tlg0057.tlg095.1st1K-grc1	Αἴτιον δὲ καὶ τόδε, ὅτι οὐ μάλα καταλαμβάνουσι τοιαῦται ἀνάγκαι βρωμάτων, ὥστε τὸν ἄνθρωπον χανέειν μεῖζον ἢ ὅσον δύναται.	αἴτιος δέ καί ὅδε , ὅτι2 οὐ μάλα καταλαμβάνω τοιοῦτος ἀνάγκη βρῶμα , ὥστε ὁ ἄνθρωπος χάσκω μέγας ἤ ὅσος δύναμαι .
185460	tlg0057.tlg095.1st1K-grc1	ἐκπέσοι δ’ ἂν ἀπ’ οὐδενὸς ἄλλου σχήματος ἢ ἀπὸ τοῦ μεγάλα χανέοντα παραγαγεῖν τήν γένυν ἐπὶ θάτερα.	ἐκπίπτω  ἄν ἀπό  ἄλλος σχῆμα ἤ ἀπό ὁ μέγας  παράγω ὁ γένυς ἐπί ἕτερος .
185461	tlg0057.tlg095.1st1K-grc1	Τοῦ σπανίως ἐκπίπτειν δὴ τὴν γένυν ἐπὶ ταῖς προειρημέναις δύο ἀντιθέσεσι, τρίτην προστίθησιν, ὅτι χωρὶς μὲν τοῦ μέγιστον διοῖξαι τὸ στόμα τὴν ἔκπτωσιν ἀδύνατον γενέσθαι.	ὁ σπάνιος ἐκπίπτω δή ὁ γένυς ἐπί ὁ  γε  , τρίτος προστίθημι , ὅτι2 χωρίς μέν ὁ μέγας  ὁ στόμα ὁ  ἀδύνατος γίγνομαι .
185462	tlg0057.tlg095.1st1K-grc1	διοίσειν δέ τι πλεῖστον αὐτῆς οὖν δεόμεθα πολλάκις, ἐπειδὴ δύο χρεῖαι τῆς τοιαύτης ἐνεργείας εἰσὶν, ἤτοι μέγιστον ὄγκον ἐθέλησε τῷ στόματι τοῦ σώματος παραλαβεῖν ἢ χασμώμενον ἄχρι πλείστου διαλαβεῖν, ὧν τὸ μὲν πρότερον σπάνιόν ἐστι, τὸ δὲ δεύτερον μόνον τοῖς ἄφροσι συμβῆναι δύναται·	διαφέρω δέ τι πλεῖστος αὐτός οὖν δέω πολλάκις , ἐπεί γε  ὁ τοιοῦτος ἐνέργεια εἰμί , ἤτοι μέγας ὄγκος ἐθέλω τῷ στόμα ὁ σῶμα παραλαμβάνω ἤ  ἄχρι πλεῖστος διαλαμβάνω , ὅς ὁ μέν πρότερος σπάνιος εἰμί , ὁ δέ δεύτερος μόνος ὁ  συμβαίνω δύναμαι ·
185463	tlg0057.tlg095.1st1K-grc1	καὶ γὰρ καὶ τεθέαμαί ποτε γινόμενον αὐτὸ πλουσίῳ Πλακίνῳ, ᾧ διοίξαντι μέχρι πλείστου τὸ στόμα, κἄπειτα παραγαγόντι πρὸς τὸ πλάγιον.	καί γάρ καί  ποτε  αὐτός πλούσιος  , ὅς  μέχρι πλεῖστος ὁ στόμα ,   πρός ὁ πλάγιον .
185464	tlg0057.tlg095.1st1K-grc1	εἰώθει δὲ συνεχῶς οὕτως ἐσχηματίσθαι καὶ ὥσπερ καλὸν ἔργον ἑκὼν ἀεὶ μεῖζον ἐπειρᾶτο τοῦ πρότερον χαίνειν.	εἴωθα δέ συνεχής οὕτως σχηματίζω καί ὥσπερ  ἔργον ἑκών ἀεί μέγας πειράω ὁ   .
185465	tlg0057.tlg095.1st1K-grc1	Προσσυμβάλλεται μέντοι καὶ τόδε πρὸς τὸ ἐκπίπτειν.	καί ὅδε πρός ὁ ἐκπίπτω .
185466	tlg0057.tlg095.1st1K-grc1	ὁκόσα γὰρ νεῦρα καὶ ὁκόσοι μύες παρὰ ἄρθρα εἰσὶν ἢ ἀπὸ ἄρθρων ἀφ’ ὧν ξυνδέδενται, τούτων ὅσα ἐν τῇ χρήσει πλειστάκις διακινέεται, ταῦτα καὶ ἐς τὰς κατατάσιας δυνατώτατα ἐπιδιδόναι, ὥσπερ καὶ τὰ δέρματα τὰ εὐδεψητότατα πλείστην ἐπίδοσιν ἔχει, περὶ οὗ νῦν ὁ λόγος.	ὁπόσος γάρ νεῦρον καί ὁπόσος μῦς παρά ἄρθρον εἰμί ἤ ἀπό ἄρθρον ἀπό ὅς  , οὗτος ὅσος ἐν ὁ χρῆσις πλειστάκις διακινέω , οὗτος καί εἰς ὁ κατάτασις δυνατός ἐπιδίδωμι , ὥσπερ καί ὁ δέρμα ὁ εὐδέψητος πλεῖστος ἐπίδοσις ἔχω , περί οὗ νῦν ὁ λόγος .
185467	tlg0057.tlg095.1st1K-grc1	Ὅσον ἐπὶ τοῖς προειρημένοις αἰτίοις ἢ οὐδ’ ὅλως ἐχρῆν ἢ πάνυ σπανίως ἐκπίπτειν τὴν γένυν, οὐ μὴν φαίνεταί γε οὕτως ἔχειν.	ἐπί ὁ προαγορεύω αἴτιος ἤ οὐδέ ὅλος χρή τίη πάνυ σπάνιος ἐκπίπτω ὁ γένυς , οὐ μήν φαίνω γε οὕτως ἔχω .
185468	tlg0057.tlg095.1st1K-grc1	ἐκπίπτει γὰρ σπανίως, οὐ μὴν ὥστε παμπόλλων τε τῶν ἡμῶν ὁρᾶσθαι, καθάπερ τὰ σπανιώτατα.	ἐκπίπτω γάρ σπάνιος , οὐ μήν ὥστε  τε ὁ ἐγώ ὁράω , καθά ὁ σπάνιος .
185469	tlg0057.tlg095.1st1K-grc1	διὰ γὰρ τὸ πολυκίνητον τῆς διαρθρώσεως οἱ κατ’ αὐτὴν μύες καὶ τὰ νεῦρα τέταται καὶ τάσεις ἑτοιμοτέρας ἔχουσι τῶν ὀλιγάκις εἰς χρείαν κινήσεως ἀφικνουμένων, ὥσπερ φησὶ καὶ τὰ δέρματα τὰ εὐδεψητότατα, τουτέστι τὰ κάλλιστα μεμαλαγμένα, πλείστην ἐπίδοσιν ἔχει·	διά γάρ ὁ  ὁ  ὁ κατά αὐτός μῦς καί ὁ νεῦρον  καί τάσις  ἔχω ὁ ὀλιγάκις εἰς χρεία κίνησις  , ὥσπερ φημί καί ὁ δέρμα ὁ εὐδέψητος ,  ὁ καλός  , πλεῖστος ἐπίδοσις ἔχω ·
185470	tlg0057.tlg095.1st1K-grc1	καὶ γὰρ ὁ ποιητὴς ἐπὶ τοῦ μαλάξαι τὸ δεψῆσαι λέγει·	καί γάρ ὁ ποιητής ἐπί ὁ μαλάσσω ὁ  λέγω ·
185471	tlg0057.tlg095.1st1K-grc1	κηρὸν δεψήσας μελιηδέα.	κηρός δέψω μελιηδής .
185472	tlg0057.tlg095.1st1K-grc1	Ἐκπίπτει μὲν γνάθος ὀλιγάκις, σχᾶται μέντοι πολλάκις ἐν χάσμασιν, ὥσπερ καὶ ἄλλοι μυῶν παραλλαγαὶ καὶ νεύρων τοῦτο ποιέουσι.	μέν γνάθος ὀλιγάκις , σχάζω  πολλάκις ἐν χάσμα , ὥσπερ καί ἄλλος μῦς παραλλαγή καί νεῦρον οὗτος ποιέω .
185473	tlg0057.tlg095.1st1K-grc1	Τὸ σχᾶται τί ποτ’ αὐτὸ σημαίνει, γνωσόμεθα τοῖς συμφραζομένοις προσέχοντες τὸν νοῦν.	σχάζω τι  αὐτός σημαίνω , γιγνώσκω ὁ  προσέχω ὁ νόος .
185474	tlg0057.tlg095.1st1K-grc1	φησὶν οὖν, ὡς αἱ ἄλλαι μυῶν παραλλαγαὶ καὶ νεύρων τοῦτο ποιοῦσιν, ὥστε τὸ σχᾶσθαι μυῶν καὶ νεύρων ἐστὶ πάθος ἄνευ ἀρθρήματος.	φημί οὖν , ὡς ὁ ἄλλος μῦς παραλλαγή καί  οὗτος ποιέω , ὥστε ὁ  μῦς καί  εἰμί πάθος ἄνευ  .
185475	tlg0057.tlg095.1st1K-grc1	ὁποῖον δέ τι τὸ πάθος τοῦτ’ ἔστι δῆλον μὲν κἀκ τοῦ φάναι παραλλαγαί.	ὁποῖος δέ τις ὁ πάθος  εἰμί δῆλος μέν ἐκ ὁ φημί παραλλαγή .
185476	tlg0057.tlg095.1st1K-grc1	βούλεται μὲν γὰρ αὐτὸς ἐκ τῆς κατὰ φύσεως θέσεως εἰς ἑτέραν μεθίστασθαι, βούλεται δὲ καὶ ἀθρόως τοῦτο γίγνεσθαι.	βούλομαι μέν γάρ αὐτός ἐκ ὁ κατά φύσις θέσις εἰς ἕτερος  , βούλομαι δέ καί ἀθρόος οὗτος γίγνομαι .
185477	tlg0057.tlg095.1st1K-grc1	καὶ γὰρ καὶ μετ’ ὀλίγον ἐνδείξεται τοῦτο σημαίνειν τὸ σχάσαι λέγων οὕτω, ἔπειτα ἐξαπίνης σχάσαι τρισὶ σχήμασιν ὁμοῦ προσέχοντα τὸν νοῦν, ﻿ τουτέστι μεταβάλλειν ἀθρόως τὸ πρὸς τὸ σχῆμα.	καί γάρ καί μετά ὀλίγος ἐνδείκνυμι οὗτος σημαίνω ὁ σχάζω λέγω οὕτως , ἔπειτα ἐξαίφνης σχάζω τρεῖς σχῆμα ὁμοῦ προσέχω ὁ νόος ,   μεταβάλλω ἀθρόος ὁ πρός ὁ σχῆμα .
185478	tlg0057.tlg095.1st1K-grc1	καὶ μέντοι καὶ νῦν ἔτι λέγουσιν ἔν τε τῇ Κῷ καὶ σχεδόν ἅπασι ταῖς Ἑλληνίσι πόλεσι σχαστηρίαν, ὡς ἐπιβαίνοντες ἐξαίφνης καταπίπτειν, ποιοῦσι τὸν κανόνα, ᾧ παρεστήκασιν ἅπαντες οἱ μέλλοντες τρέχειν.	καί  καί νῦν ἔτι λέγω ἐν τε ὁ  καί σχεδόν ἅπας ὁ  πόλις  , ὡς  ἐξαίφνης καταπίπτω , ποιέω ὁ κανών , ὅς παρίστημι ἅπας ὁ μέλλω τρέχω .
185479	tlg0057.tlg095.1st1K-grc1	καὶ κατὰ παλαίστραν δὲ τὸ σχάσαι σημαίνει τὴν χεῖρα ταχέως ἄγειν πρὸς αὐτὴν ἐκ τῆς ἔμπροσθεν θέσεως.	καί κατά παλαίστρα δέ ὁ σχάζω σημαίνω ὁ χείρ ταχύς ἄγω πρός αὐτός ἐκ ὁ ἔμπροσθεν θέσις .
185480	tlg0057.tlg095.1st1K-grc1	ὅταν οὖν εἴπῃς σχάσαι τὴν γένυν ἐπὶ τὸ τῶν μυῶν βάθος ἀναφέρειν χρὴ, παραλλασσόντων ἐν τοῖς αἰφνιδίοις τἄλλα τε τῶν σωμάτων, ὡς μὴ φυλάττεσθαι τὴν ἀρχαίαν θέσιν τῶν μυῶν, ἀλλὰ διαστρέφεσθαί τι καὶ τείνεσθαι κατά τι, Δῆλος δὲ τοῖσι μάλιστά ἐστιν, ὅταν ἐκπεπτώκῃ.	ὅταν οὖν λέγω σχάζω ὁ γένυς ἐπί ὁ ὁ μῦς βάθος ἀναφέρω χρή ,  ἐν ὁ αἰφνίδιος  τε ὁ σῶμα , ὡς μή φυλάσσω ὁ ἀρχαῖος θέσις ὁ μῦς , ἀλλά  τις καί τείνω κατά τι ,  δέ ὁ  εἰμί , ὅταν  .
185481	tlg0057.tlg095.1st1K-grc1	προΐσχει γὰρ ἡ κάτω γνάθος ἐς τοὔμπροσθεν καὶ παρῆκται τἀναντία τοῦ ὀλισθήματος καὶ τοῦ ὀστέου τὸ κόρωνον ὀγκηρότηρον γίνεται παρὰ τὴν ἄνω γνάθον καὶ χαλεπῶς ξυμβάλλουσι τὰς κάτω γνάθους.	προΐσχω γάρ ὁ κάτω γνάθος εἰς ἔμπροσθεν καί παράγω ἐναντίος ὁ ὀλίσθημα καί ὁ  ὁ κορωνός  γίγνομαι παρά ὁ ἄνω2 γνάθος καί χαλεπός συμβάλλω ὁ κάτω γνάθος .
185482	tlg0057.tlg095.1st1K-grc1	Εἴρηται δέ μοι καὶ πρόσθεν ὡς τὸ καλούμενον ζύγωμα προβέβληται τῆς ἄνω χώρας, ἐν ᾗ τὸ κόρωνόν ἐστι τῆς γένυος, ὅτι τε μὴ παρενεχθέντος αὐτοῦ πρὸς θάτερα μέρη πρὸς τὴν οἰκείαν χώραν ἡ γένυς ἀνασπασθήσεται.	δέ  καί πρόσθεν ὡς ὁ καλέω ζύγωμα προβάλλω ὁ ἄνω2 χώρα , ἐν ὅς ὁ  εἰμί ὁ γένυς , ὅτι2 τε μή παραφέρω αὐτός πρός ἕτερος μέρος πρός ὁ οἰκεῖος χώρα ὁ γένυς  .
185483	tlg0057.tlg095.1st1K-grc1	ἀναγκαῖον οὖν ἐστιν, ὅταν ἡ γένυς ποτὲ ἐκπέσῃ, τὴν κορώνην αὐτῆς ἔξω φέρεσθαι τοῦ ζυγώματος.	ἀναγκαῖον οὖν εἰμί , ὅταν ὁ γένυς ποτε ἐκπίπτω , ὁ κορώνη αὐτός ἔξω φέρω ὁ ζύγωμα .
185484	tlg0057.tlg095.1st1K-grc1	ἄλλην γὰρ οὐδεμίαν ἔχει χώραν εἰς ἣν ἐνεχθήσεται, ὥστ’ εἰκότως ἐξέχουσα φαίνεται κατὰ τὴν κάτω γένυν, ἔνθα τὸ ζύγωμά ἐστιν.	ἄλλος γάρ οὐδείς ἔχω χώρα εἰς ὅς  ,  εἰκός ἐξέχω φαίνω κατά ὁ κάτω γένυς , ἔνθα ὁ  εἰμί .
185485	tlg0057.tlg095.1st1K-grc1	αὐτὸ δὲ δὴ τοῦτο τὸ ζύγωμα, καθ’ ὅ τι μάλιστα τέτακται μαθήσῃ σαφῶς ἐπὶ τῶν ἰσχνῶν ἀνθρώπων κατασκεψάμενος τόν τε κροταφίτην μῦν καὶ τὸ μῆλον.	αὐτός δέ δή οὗτος ὁ ζύγωμα , κατά ὅς τι μάλιστα τάσσω  σαφής ἐπί ὁ ἰσχνός ἄνθρωπος κατασκοπέω ὁ τε   καί ὁ μῆλον .
185486	tlg0057.tlg095.1st1K-grc1	ἐν γὰρ τῷ μεταξὺ τὸ προφανές ἐστι τὸ ζύγωμα, μεμνημένος αὐτοῦ τὴν χώραν τῆς θέσεως, ὅταν ἴδῃς τινὰ μὴ δυνάμενον κλεῖσαι τὸ στόμα προσεληλυθυίας εἰς τὸ πρόσω τῆς γένυος, ἅμα τὸ παρῆχθαι ζήτησαν ἀκριβῶς διαγνῶναι τοῖς ὀφθαλμοῖς τε καὶ τοῖς δακτύλοις τὸ κόρωνον ἐξέχον παρά τε τὸ μῆλον καὶ τὸ ζύγωμα.	ἐν γάρ τῷ  ὁ προφανής εἰμί ὁ ζύγωμα , μιμνήσκω αὐτός ὁ χώρα ὁ θέσις , ὅταν ὁράω  μή  κλείω ὁ στόμα  εἰς ὁ πρόσω ὁ γένυς , ἅμα ὁ παράγω  ἀκριβής διαγιγνώσκω ὁ ὀφθαλμός τε καί ὁ δάκτυλος ὁ  ἐξέχω παρά τε ὁ μῆλον καί ὁ ζύγωμα .
185487	tlg0057.tlg095.1st1K-grc1	κἀπειδὰν εὕρῃς οὕτως ἔχον ἀκριβὴς ἔστω σοὶ διάγνωσις τοῦ τὴν γένυν ὠλισθηκέναι.	εὑρίσκω οὕτως ἔχω ἀκριβής εἰμί  διάγνωσις ὁ ὁ γένυς ὀλισθάνω .
185488	tlg0057.tlg095.1st1K-grc1	Τούτοισι δὲ ἐμβολὴ πρόδηλος, ἥτις γίνοιτ’ ἂν ἁρμόζουσα·	δέ ἐμβολή πρόδηλος , ὅστις  ἄν ἁρμόζω ·
185489	tlg0057.tlg095.1st1K-grc1	χρὴ γὰρ τὸν μέν τινα κατέχειν τὴν κεφαλὴν τοῦ τετρωμένου, τὸν δὲ περιλαβόντα τὴν κάτω γνάθον καὶ ἔσωθεν καὶ ἔξωθεν τοῖσι δακτύλοισι κατὰ τὸ γένειον χάσκοντος τοῦ ἀνθρώπου, ὅσον μετρίως δύναται.	χρή γάρ ὁ μέν  κατέχω ὁ κεφαλή ὁ  , ὁ δέ περιλαμβάνω ὁ κάτω γνάθος καί ἔσωθεν καί ἔξωθεν ὁ δάκτυλος κατά ὁ γένειον χάσκω ὁ ἄνθρωπος , ὅσος μέτριος δύναμαι .
185490	tlg0057.tlg095.1st1K-grc1	πρῶτον μὲν διακινέειν τὴν γνάθον χρόνον τινὰ τῇ καὶ τῇ παράγοντα τῇ χειρὶ καὶ αὐτὸν τὸν ἄνθρωπον κελεύειν χαλαρὴν τὴν γνάθον χρόνον ἔχειν καὶ συμπαράγειν καὶ συνδιδόναι ὡς μάλιστα.	πρῶτος μέν διακινέω ὁ γνάθος χρόνος  ὁ καί ὁ παράγω ὁ χείρ καί αὐτός ὁ ἄνθρωπος κελεύω χαλαρός ὁ γνάθος χρόνος ἔχω καί συμπαράγω καί  ὡς μάλιστα .
185491	tlg0057.tlg095.1st1K-grc1	Τοῖς θεασαμένοις ἐξ ἀνατομῆς ἀκριβῶς τὴν σύνθεσιν ὧν διηγήσατο μορίων ἡ ἐμβολὴ πρόδηλός ἐστι, πρὸς οὓς καὶ αὐτὸς ἀποβλέπων οὕτως εἶπε·	ἐκ ἀνατομή ἀκριβής ὁ σύνθεσις ὅς διηγέομαι μόριον ὁ ἐμβολή πρόδηλος εἰμί , πρός ὅς καί αὐτός ἀποβλέπω οὕτως λέγω ·
185492	tlg0057.tlg095.1st1K-grc1	τὰ δ’ ἐξαίφνης εἰρημένα περὶ τῆς ἐμβολῆς σαφῆ πάντα, πλὴν εἴ πού τις μία λέξις ἢ δύο παρεμπίπτει, περὶ ὧν ἐπισημανοῦμαι.	ὁ  ἐξαίφνης λέγω περί ὁ ἐμβολή σαφής πᾶς , πλήν εἰ που τις  λέξις ἤ γε παρεμπίπτω , περί ὅς  .
185493	tlg0057.tlg095.1st1K-grc1	Ἔπειτα ἐξαπίνης σχάσαι τρισὶ σχήμασιν ὁμοῦ προσέχοντα τὸν νόον.	ἔπειτα ἐξαίφνης σχάζω τρεῖς σχῆμα ὁμοῦ προσέχω ὁ νόος .
185494	tlg0057.tlg095.1st1K-grc1	δεῖ μὲν γὰρ παράγεσθαι ἐκ τῆς διαστροφῆς εἰς τὴν φύσιν, δεῖ δὲ ἐς τοὐπίσω ἀπωθῆναι τὴν γνάθον τὴν κάτω, δεῖ δὲ ἑπόμενον τούτοισι συμβάλλειν τὰς γνάθους καὶ μὴ χάσκειν.	δέω μέν γάρ παράγω ἐκ ὁ διαστροφή εἰς ὁ φύσις , δέω δέ εἰς ὀπίσω  ὁ γνάθος ὁ κάτω , δέω δέ  οὗτος συμβάλλω ὁ γνάθος καί μή χάσκω .
185495	tlg0057.tlg095.1st1K-grc1	ἐμβολὴ μὲν οὖν αὕτη καὶ οὐκ ἂν γένοιτο ἀπ’ ἄλλων σχημάτων.	ἐμβολή μέν οὖν οὗτος καί οὐ ἄν γίγνομαι ἀπό ἄλλος σχῆμα .
185496	tlg0057.tlg095.1st1K-grc1	ἰητρείη δὲ βραχεῖα ἀρκέει σπλῆνα προστιθέντα κεκηρωμένον χαλαρῷ ἐπιδέσμῳ ἐπιδεῖν.	δέ βραχύς ἀρκέω σπλήν  καρόω χαλαρός ἐπίδεσμος ἐφοράω .
185497	tlg0057.tlg095.1st1K-grc1	ἀσφαλέστερον δὲ χειρίζειν ἐστὶν ὕπτιον κατακλίνοντα τὸν ἄνθρωπον ἐρείσαντα τὴν κεφαλὴν αὐτοῦ ἐπὶ σκύτινον ὑποκεφάλαιον ὡς πληρέστατον, ἵνα ὡς ἥκιστα ὑπείκῃ.	ἀσφαλής δέ χειρίζω εἰμί ὕπτιος  ὁ ἄνθρωπος ἐρείδω ὁ κεφαλή αὐτός ἐπί   ὡς πλήρης , ἵνα ὡς ἥκιστος ὑπείκω .
185498	tlg0057.tlg095.1st1K-grc1	Μετὰ τὸ προδιακινῆσαι καὶ μαλάξαι τὰ νεῦρα καὶ τοὺς μύας ἕλκοντα κάτω τὴν γένυν, ἀπάγοντά τε καθόσον ἐνδέχεται τῆς ἄνω, προσήκει πρᾶξαι τοίνυν τὸ ὑπ’ αὐτοῦ κελευόμενον, ὅπερ εἷπεν ἐξαπίνης σχάσαι, τουτέστιν ἐξαίφνης καὶ ἀθρόως παράγειν εἰς τὸ κατ’ εὐθὺ τῆς κατὰ φύσιν χώρας τὸ ἄρθρον, ἐν τούτῳ γε καταστήσαντα παραχρῆμα πάλιν ὠθεῖν εἰς τοὐπίσω κελεύσαντα τῷ πάσχοντι συνάγειν τὸ στόμα.	μετά ὁ  καί μαλάσσω ὁ νεῦρον καί ὁ μῦς ἕλκω κάτω ὁ γένυς ,  τε  ἐνδέχομαι ὁ ἄνω2 , προσήκω πράσσω τοίνυν ὁ ὑπό αὐτός κελεύω , ὅς λέγω ἐξαίφνης σχάζω ,  ἐξαίφνης καί ἀθρόος παράγω εἰς ὁ κατά εὐθύς ὁ κατά φύσις χώρα ὁ ἄρθρον , ἐν οὗτος γε καθίστημι παραχρῆμα πάλιν ὠθέω εἰς ὀπίσω κελεύω τῷ πάσχω συνάγω ὁ στόμα .
185499	tlg0057.tlg095.1st1K-grc1	πρότερον μὲν οὖν αὐτὸν ἠξίουν χάσκειν, χαλαρὰν παρέχοντα τὴν γένυν, ὅπερ ἐστὶ μηδένα τῶν μυῶν τείνοντα.	πρότερος μέν οὖν αὐτός ἀξιόω χάσκω ,  παρέχω ὁ γένυς , ὅς εἰμί  ὁ μῦς τείνω .
185500	tlg0057.tlg095.1st1K-grc1	τοῦτο γὰρ συμφορώτατον εἴς τε τὸ διακινῆσαι τὰ νεῦρα καὶ τοὺς μῦς ἐξαίφνης τε παραγαγεῖν ἐπὶ τὸ κατὰ φύσιν τὴν παρεστραμμένην γένυν ἀπώσασθαί τε πρὸς τοὐπίσω.	οὗτος γάρ σύμφορος εἰμί τε ὁ  ὁ νεῦρον καί ὁ μῦς ἐξαίφνης τε παράγω ἐπί ὁ κατά φύσις ὁ  γένυς ἀπωθέω τε πρός  .
185501	tlg0057.tlg095.1st1K-grc1	νυνὶ δ’ ὅταν ἤδη κατ’ εὐθὺ τῶν οἰκείων χωρῶν ἑκατέρων τῶν ἄκρων τῆς γένυος γένηται σύμφησι τοὺς κροταφίτας ἐνεργήσαντας ἐπισπᾶσθαι πρὸς ἑαυτοὺς ὅλην αὐτήν.	νυνί  ὅταν ἤδη κατά εὐθύς ὁ οἰκεῖος Χῶρος ἑκάτερος ὁ ἄκρος ὁ γένυς γίγνομαι  ὁ   ἐπισπάω πρός ἑαυτοῦ ὅλος αὐτός .
185502	tlg0057.tlg095.1st1K-grc1	ἐνεργήσουσι δὲ προθυμηθέντος τοῦ κάμνοντος συνάγειν τε καὶ κλεῖσαι τὸ στόμα.	δέ προθυμέομαι ὁ κάμνω συνάγω τε καί κλείω ὁ στόμα .
185503	tlg0057.tlg095.1st1K-grc1	Προσκατέχειν δέ τινα χρὴ τὴν κεφαλὴν τετρωμένον.	δέ τις χρή ὁ κεφαλή τιτρώσκω .
185504	tlg0057.tlg095.1st1K-grc1	Ἐν τῷ διακινεῖσθαι τὴν γένυν ἀπάγειν τε μετρίως εἰς τὸ κάτω τὴν κεφαλὴν κελεύει κατέχεσθαι, χάριν τοῦ μὴ ﻿ συνακολουθεῖν αὐτὴν τῇ κάτω γένυϊ.	ἐν τῷ  ὁ γένυς ἀπάγω τε μέτριος εἰς ὁ κάτω ὁ κεφαλή κελεύω κατέχω , χάριν ὁ μή  συνακολουθέω αὐτός ὁ κάτω  .
185505	tlg0057.tlg095.1st1K-grc1	τοῦτο δὲ κοινὸν ἐπὶ πασῶν ἀντιθέσεών ἐστι τὸ παράγγελμα, τοῦ τετρωμένου διάγειν ἐν ἴσῳ τοῦ παρηγγελμένου βεβλαμμένου·	οὗτος δέ κοινός ἐπί πᾶς  εἰμί ὁ παράγγελμα , ὁ  διάγω ἐν ἴσος ὁ   ·
185506	tlg0057.tlg095.1st1K-grc1	πάσας γὰρ τὰς βλάβας οἱ Ἴωνες ὀνομάζουσι κοινῶς τρώματα.	πᾶς γάρ ὁ βλάβη ὁ Ἴωνες ὀνομάζω  τραῦμα .
185507	tlg0057.tlg095.1st1K-grc1	Ἢν δ’ ἀμφότεραι γνάθοι ἐξαρθρήσωσιν, ἡ μὲν ἴησις ᾖ αὐτή.	ἀμφότερος γνάθος ἐξαρθρέω , ὁ μέν ἴασις εἰμί αὐτός .
185508	tlg0057.tlg095.1st1K-grc1	συμβάλλειν δέ τι ἧσσον οὗτος τὸ στόμα δύναται·	συμβάλλω δέ τι ἥσσων οὗτος ὁ στόμα δύναμαι ·
185509	tlg0057.tlg095.1st1K-grc1	καὶ γὰρ προπετέστεραι αἱ γένυες τούτοισιν, ἀστραβέες δέ.	καί γάρ  ὁ γένυς οὗτος , ἀστραβής δέ .
185510	tlg0057.tlg095.1st1K-grc1	τὸ δὲ ἀστραβὲς μάλιστ’ ἂν γνοίης τοῖσιν ὁρίοισι τῶν ὀδόντων τῶν τε κάτω κατ’ ἴξιν.	ὁ δέ ἀστραβής  ἐάν γιγνώσκω ὁ ὅριος ὁ ὀδούς ὁ τε κάτω κατά ἵξις .
185511	tlg0057.tlg095.1st1K-grc1	Ἐν ταύτῃ τῇ ῥήσει δόξῃ γνάθους ὀνομάζειν οὐ τὸ γένυν ὅλως, ἀλλ’ ἑκάτερον τῶν μερῶν καθ’ ἃ πλατύνεται αὐτή.	ἐν οὗτος ὁ  δόξα  ὀνομάζω οὐ ὁ  ὅλος , ἀλλά ἑκάτερος ὁ μέρος κατά ὅς πλατύνω αὐτός .
185512	tlg0057.tlg095.1st1K-grc1	δόξῃ δὲ καὶ τὰ κάτω πέρατα, καθ’ ἃ γυμνὸν καὶ ἄσαρκον γίγνεται τὸ ὀστοῦν, ὀνομάζειν γένυας, ἐκ τοῦ φάναι, καὶ γὰρ προπετέστεραι γένυες τούτοισιν·	δόξα δέ καί ὁ κάτω πέρας , κατά ὅς γυμνός καί ἄσαρκος γίγνομαι ὁ  , ὀνομάζω  , ἐκ ὁ φημί , καί γάρ   οὗτος ·
185513	tlg0057.tlg095.1st1K-grc1	ἀλλὰ μετ’ ὀλίγον τὸ πάλιν ὅλην τὴν κάτω γένυν ὠνόμασε γνάθον, ἔνθα φησίν·	ἀλλά μετά ὀλίγος ὁ πάλιν ὅλος ὁ κάτω γένυς ὀνομάζω γνάθος , ἔνθα φημί ·
185514	tlg0057.tlg095.1st1K-grc1	ἢν δὲ ἡ κάτω γνάθος κατὰ ξύμφυσιν τὴν κατὰ τὸ γένειον διασπασθῇ, μόνιμον.	ἐάν δέ ὁ κάτω γνάθος κατά σύμφυσις ὁ κατά ὁ γένειον διασπάω , μόνιμος .
185515	tlg0057.tlg095.1st1K-grc1	ἡ δ’ αὐτὴ καὶ ξύμφυσις ἐν τῇ κάτω γνάθῳ ἐστὶν, ἐν δὲ τῇ ἄνω πολλαὶ, ὥστε συγκέχυται παρ’ αὐτῷ τὰ σημαινόμενα τοῦ τε τῆς γνάθου καὶ τοῦ τῆς γένυος ὀνόματος.	ὁ  αὐτός καί σύμφυσις ἐν ὁ κάτω γνάθος εἰμί , ἐν δέ ὁ ἄνω2 πολύς , ὥστε συγχέω παρά αὐτός ὁ σημαίνω ὁ τε ὁ γνάθος καί ὁ ὁ γένυς ὄνομα .
185516	tlg0057.tlg095.1st1K-grc1	ὃ μέντοι λέγει κατὰ τὴν προκειμένην ῥῆσίν ἐστι τοιοῦτον.	ὅς  λέγω κατά ὁ  ῥῆσις εἰμί τοιοῦτος .
185517	tlg0057.tlg095.1st1K-grc1	ἐὰν κατ’ ἀμφοτέρας τὰς διαρθρώσεις ἡ ἔκπτωσις γένηται, μᾶλλον μὲν εἰς τὸ πρόσω χωρεῖ νῦν ἡ κάτω γένυος ἤπερ ὅτε κατὰ θάτερον μέρος ἐκπέπτωκε, καὶ πλέον ἀφεστηκυῖα φαίνεται τῆς ἄνω γένυος, οὐ μὴν παρασπᾶταί γε, οὐδὲ διαστρέφεται φυλάσσουσα τὸ κατὰ φύσιν ἀδιάστροφον.	ἐάν κατά ἀμφότερος ὁ διάρθρωσις ὁ ἔκπτωσις γίγνομαι , μᾶλλον μέν εἰς ὁ πρόσω χωρέω νῦν ὁ κάτω   ὅτε κατά ἕτερος μέρος ἐκπίπτω , καί πολύς ἀφίστημι φαίνω ὁ ἄνω2 γένυς , οὐ μήν  γε , οὐδέ διαστρέφω  ὁ κατά φύσις  .
185518	tlg0057.tlg095.1st1K-grc1	διαγνώσεις δὲ τῇ τῶν ὀδόντων εὐθυωρίᾳ, τουτέστιν ὅταν οἱ κάμνοντες ἄνω κέωνται κατ’ εὐθύ.	δέ ὁ ὁ ὀδούς  ,  ὅταν ὁ κάμνω ἄνω2 κεῖμαι κατά  .
185519	tlg0057.tlg095.1st1K-grc1	τομεῖς μὲν τομεῦσι, κυνόδοντες δὲ κυνοδοῦσι, τὰς μύλας δὲ ταῖς μύλαις.	τομάω μέν τομεύς ,  δέ  , ὁ μύλη δέ ὁ μύλη .
185520	tlg0057.tlg095.1st1K-grc1	Τούτοισι ξυμφέρει ἐμβαλέειν ὡς τάχιστα, ἐμβολῆς δὲ τρόπος πρόσθεν εἴρηται.	συμφέρω ἐμβάλλω ὡς ταχύς , ἐμβολή δέ τρόπος πρόσθεν λέγω .
185521	tlg0057.tlg095.1st1K-grc1	Τάχιστα μὲν ἐμβάλλειν συμφέρει, πρὶν διὰ τὴν τάσιν τῶν μυῶν εἰς συμπάθειαν ἀφικέσθαι τὸν ἐγκέφαλον.	μέν ἐμβάλλω συμφέρω , πρίν διά ὁ τάσις ὁ μῦς εἰς συμπάθεια ἀφικνέομαι ὁ ἐγκέφαλος .
185522	tlg0057.tlg095.1st1K-grc1	ὁ δὲ τρόπος τῆς ἐμβολῆς ὃν ἐπὶ τῆς κατὰ τὸ ἕτερον μέρος ἐξαρθρώσεως εἶπεν, οὐ κατὰ πᾶν ὁ αὐτός μοι δοκεῖ νῦν γίνεσθαι προσήκειν·	ὁ δέ τρόπος ὁ ἐμβολή ὅς ἐπί ὁ κατά ὁ ἕτερος μέρος  λέγω , οὐ κατά πᾶς ὁ αὐτός ἐγώ δοκέω νῦν γίγνομαι προσήκω ·
185523	tlg0057.tlg095.1st1K-grc1	τότε μὲν γὰρ εἰς τὸ πλάγιον μέρος ἡ γένυς ἀτρέμα παρῆκται, νυνὶ δὲ ἰσόῤῥοπός ἐστιν, ὥστ’ αὔταρκες διακινήσαντα καὶ πρὸς τὸ κάτω τὸ ὀστοῦν ἑλκύσαντα χάριν τοῦ τὸ πέρας τῆς κορώνης κατωτέρω γενέσθαι τοῦ ζυγώματος, οὕτως ἤδη πρὸς τὴν ἔσω χώραν ὠθεῖν ἑκατέρωθεν ὅλην τὴν γένυν, ἅμα τῷ κελεῦσαι τῷ κάμνοντι κλείειν τὸ στόμα.	τότε μέν γάρ εἰς ὁ πλάγιος μέρος ὁ γένυς ἀτρέμα παράγω , νυνί δέ  εἰμί ,    καί πρός ὁ κάτω ὁ  ἕλκω χάριν ὁ ὁ πέρας ὁ κορώνη κάτω γίγνομαι ὁ ζύγωμα , οὕτως ἤδη πρός ὁ εἴσω χώρα ὠθέω ἑκατέρωθεν ὅλος ὁ γένυς , ἅμα τῷ κελεύω τῷ κάμνω κλέω ὁ στόμα .
185524	tlg0057.tlg095.1st1K-grc1	Ἢν δὲ μὴ ἐμπέσῃ, κίνδυνος περὶ τῆς ψυχῆς ὑπὸ πυρετῶν ξυνεχέων καὶ νωθρῆς καρώσιος.	δέ μή ἐμπίπτω , κίνδυνος περί ὁ ψυχή ὑπό πυρετός  καί   .
185525	tlg0057.tlg095.1st1K-grc1	Οὐκ ἀκίνδυνος μὲν οὖν οὐδὲ ἡ καθ’ ἕτερον μέρος ἐξάρθρωσις.	οὐ ἀκίνδυνος μέν οὖν οὐδέ ὁ κατά ἕτερος μέρος  .
185526	tlg0057.tlg095.1st1K-grc1	ἡ δὲ κατ’ ἄμφω διάπλασίς ἐστι χαλεπωτέρα πάντας τοὺς κατέχοντας τὴν κάτω γένυν ἐντείνουσα μύας.	ὁ δέ κατά ἄμφω  εἰμί χαλεπός πᾶς ὁ κατέχω ὁ κάτω γένυς  μῦς .
185527	tlg0057.tlg095.1st1K-grc1	ἐντάσσονται δὲ, ὡς εἴρηται, τέτταρες, δύο μὲν οἱ ἐκ τῶν κροτάφων ἀρχόμενοι, δύοδ’ οἱ ἐκ τῶν παρὰ τὰ πτερυγοειδῆ κοιλοτήτων.	δέ , ὡς λέγω , τέσσαρες , γε μέν ὁ ἐκ ὁ κρόταφος ἄρχω , γε δ’ ὁ ἐκ ὁ παρά ὁ   .
185528	tlg0057.tlg095.1st1K-grc1	ἐχόντων δ’ αὐτῶν ἀπὸ τοῦ ἐγκεφάλου τὰ νεῦρα καὶ μόνον οὐ ψαυόντων αὐτοῦ τοῦ ἐγκεφάλου διὰ ταχέων εἰκός ἐστι γίγνεσθαι τὴν συμπάθειαν.	ἔχω  αὐτός ἀπό ὁ  ὁ νεῦρον καί μόνος οὐ  αὐτός ὁ  διά ταχύς ἔοικα εἰμί γίγνομαι ὁ συμπάθεια .
185529	tlg0057.tlg095.1st1K-grc1	οὗτοι μὲν οὖν τέτταρες μύες ἐν ἐκπτώσεσι μάλιστα πονοῦσι, κυριώτατοι πάντων ὄντες ὡς ἂν ἀπὸ τῆς τρίτης συζυγίας ἐξ ἐγκεφάλου τὰ νεῦρα λαμβάνοντες, ἥτις οὐ πόῤῥω τέτακται τῆς ἀρχῆς αὐτοῦ.	οὗτος μέν οὖν τέσσαρες μῦς ἐν  μάλιστα πονέω , κύριος πᾶς εἰμί ὡς ἄν ἀπό ὁ τρίτος συζυγία ἐκ  ὁ νεῦρον λαμβάνω , ὅστις οὐ  τάσσω ὁ ἀρχή αὐτός .
185530	tlg0057.tlg095.1st1K-grc1	συμβαίνει γε μὴν καὶ τοὺς ἔξωθεν ἐπικειμένους τῇ γένυϊ καθ’ ἕτερον μέρος διεκφυέντας ἐν ταῖς τοιαύταις ἐκπτώσεσι τείνεσθαι παρὰ φύσιν, οὐχ ὁμοίως μὲν ὄντας κυρίους τοῖς προειρημένοις τέτταρσι·	συμβαίνω γε μήν καί ὁ ἔξωθεν  ὁ  κατά ἕτερος μέρος  ἐν ὁ τοιοῦτος  τείνω παρά φύσις , οὐ ὅμοιος μέν εἰμί κύριος ὁ προαγορεύω τέσσαρες ·
185531	tlg0057.tlg095.1st1K-grc1	ποῤῥωτέρω γὰρ ἀφεστήκασι τοῦ ἐγκεφάλου καὶ ἡ τοῦ νεύρου ἀρχὴ διὰ μακροτέρου τούτοις ἐστίν.	γάρ  ὁ  καί ὁ ὁ  ἀρχή διά  οὗτος εἰμί .
185532	tlg0057.tlg095.1st1K-grc1	οὐδ’ ἀνὰ τῆς συζυγίας τοῖς τέτταρσιν ἔχουσι τὰ νεῦρα, συντελοῦντάς γε μὴν οὐκ ὀλίγον οὐδ’ αὐτοὺς, ὥσπερ καὶ οἱ ἄλλοι μύες οἱ καθ’ ὅλον τὸ σῶμα, καίτοι τούτων ὄντες ἀκυρώτεροι.	οὐδέ ἀνά ὁ συζυγία ὁ τέσσαρες ἔχω ὁ νεῦρον ,  γε μήν οὐ ὀλίγος οὐδέ αὐτός , ὥσπερ καί ὁ ἄλλος μῦς ἕ κατά ὅλος ὁ σῶμα ,  οὗτος εἰμί  .
185533	tlg0057.tlg095.1st1K-grc1	διὰ ταῦτ’ οὖν πάντα περὶ ψυχῆς γίγνεται τὸν κίνδυνον ἐπὶ τῷ τετάσθαι παρὰ φύσιν ὀδυνωμένων τε καὶ διὰ τοῦτο φλεγμαινόντων τῶν μυῶν, εἰς ὁμοίαν δὲ αὐτοῖς ἀγόντων διάθεσιν τὸν ἐγκέφαλον, οὗ παθόντος οἱ ὀξεῖς ἕπονται πυρετοὶ μετὰ τοῦ βλάπτεσθαι τὰς τῆς ψυχῆς ἐνεργείας ἁπάσας.	διά  οὖν πᾶς περί ψυχή γίγνομαι ὁ κίνδυνος ἐπί ὁ τείνω παρά φύσις  τε καί διά οὗτος  ὁ  , εἰς ὅμοιος δέ αὐτός ἄγω διάθεσις ὁ ἐγκέφαλος , οὗ πάσχω ὁ ὀξύς2   μετά ὁ βλάπτω ὁ ὁ ψυχή ἐνέργεια ἅπας .
185534	tlg0057.tlg095.1st1K-grc1	ὁ γάρ τοι καιρὸς τὸ πάθος μήτ’ αἰσθάνεσθαι μήτε κινεῖσθαι τὸν ἄνθρωπον ἢ παρακολουθεῖν ἑαυτῷ πέπονθεν·	ὁ γάρ τοι καιρός ὁ πάθος    κινέω ὁ ἄνθρωπος ἤ παρακολουθέω ἑαυτοῦ  ·
185535	tlg0057.tlg095.1st1K-grc1	ἀλλὰ τόν γε λογισμὸν καὶ τὴν μνήμην καὶ τὴν αἴσθησιν ἅμα καὶ τὴν καθ’ ὁρμὴν κίνησιν διέφθαρται.	ἀλλά ὁ γε λογισμός καί ὁ μνήμη καί ὁ αἴσθησις ἅμα καί ὁ κατά ὁρμή κίνησις διαφθείρω .
185536	tlg0057.tlg095.1st1K-grc1	Καρώδεις γὰρ οἱ μύες οὗτοι καὶ ἀλλοιούμενοι καὶ ἐντεινόμενοι παρὰ φύσιν.	γάρ ὁ μῦς οὗτος καί ἀλλοιόω καί ἐντείνω παρά φύσις .
185537	tlg0057.tlg095.1st1K-grc1	Ἱκανὸν ἑκάτερον τῶν εἰρημένων ἐργάσασθαι καιρὸν, ἥτ’ ἀλλοίωσις καὶ ἡ τάσις τῶν μυῶν εἰς ἐμπάθειαν τῆς σαρκὸς ἀγομένης κατ’ ἄμφω.	ἑκάτερος ὁ λέγω ἐργάζομαι καιρός , ὁ τ’ ἀλλοίωσις καί ὁ τάσις ὁ μῦς εἰς  ὁ σάρξ ἄγω κατά ἄμφω .
185538	tlg0057.tlg095.1st1K-grc1	ἡ μὲν οὖν τάσις αὕτη γίνεται﻿ τῶν ἰνῶν, αἵ τε πρότερον ἦσαν χαλαραὶ νῦν ἁπασῶν κατ’ εὐθεῖαν γραμμὴν ἀποτεινομένων.	ὁ μέν οὖν τάσις οὗτος γίγνομαι ﻿ ὁ  , ὁ τε πρότερος εἰμί  νῦν ἅπας κατά εὐθύς γραμμή  .
185539	tlg0057.tlg095.1st1K-grc1	ἡ δ’ ἀλλοίωσις ὅταν ἤτοι θερμανθῶσιν ἢ ψυχθῶσιν ἀμέτρως ἢ ὑγρανθῶσιν ἢ θαλφθῶσιν ἢ φλεγμήνωσιν ἢ ἐρυσιπελατωδῶς σχῶσιν ἢ σήπωνται·	ὁ  ἀλλοίωσις ὅταν ἤτοι θερμαίνω τίη  ἄμετρος τίη  τίη  ἤ  ἤ  σχάζω ἤ σήπω ·
185540	tlg0057.tlg095.1st1K-grc1	ἐν ἅπασι γὰρ τοῖς τοιούτοις κατ’ αὐτὴν τὴν οὐσίαν ἀλλοιοῦνται, τεινόμενοι δὲ μόνον εὐθύνονται κατὰ τὰς ἶνας ἄνευ τοῦ τὴν οὐσίαν αὐτῶν ἑτεροιοῦσθαι.	ἐν ἅπας γάρ ὁ τοιοῦτος κατά αὐτός ὁ οὐσία ἀλλοιόω ,  δέ μόνος  κατά ὁ ἴς ἄνευ ὁ ὁ οὐσία αὐτός  .
185541	tlg0057.tlg095.1st1K-grc1	Φιλέει δὲ καὶ ἡ γαστὴρ ὑποχωρέειν τούτοισι χολώδεα, ἄκρητα ὀλίγα καὶ ἢν ἐμέωσιν, ἄκρητα ἐμέουσι.	δέ καί ὁ γαστήρ ὑποχωρέω οὗτος  , ἄκρατος ὀλίγος καί ἐάν ἐμέω , ἄκρατος ἐμέω .
185542	tlg0057.tlg095.1st1K-grc1	Τὸ μὲν ἐν τοῖς ὀξυτάτοις πυρετοῖς ἄκρητα χολώδεα γεννᾶσθαι κατὰ τὸ σῶμα θαυμαστὸν οὐδέν·	μέν ἐν ὁ ὀξύς  ἄκρατος  γεννάω κατά ὁ σῶμα θαυμαστός οὐδείς ·
185543	tlg0057.tlg095.1st1K-grc1	εἴ γε δὴ καὶ πιμελὴ καὶ σὰρξ ἁπαλὴ καὶ νεοπαγὴς ὑπὸ τῶν τοιούτων πυρετῶν τήκεται καὶ κατοπτᾶται τὸ αἷμα.	εἰ γε δή καί  καί σάρξ ἁπαλός καί νεοπαγής ὑπό ὁ τοιοῦτος πυρετός τήκω καί  ὁ αἷμα .
185544	tlg0057.tlg095.1st1K-grc1	τὸ δὲ καὶ συῤῥεῖν εἰς τὴν γαστέρα καὶ ἔντερα τὰς τοιαύτας συντήξεις ἴδιον τῶν ὀδυνωμένων ἐπὶ νευρώδεσι μόνων.	ὁ δέ καί  εἰς ὁ γαστήρ καί ἔντερον ὁ τοιοῦτος  ἴδιος ὁ  ἐπί   .
185545	tlg0057.tlg095.1st1K-grc1	ὅτι τε σὺν τούτοις κακοῦται καὶ πάσχει τὸ τῆς γαστρὸς στόμα νευρωδέστατον ὄν.	ὅτι2 τε σύν οὗτος κακόω καί πάσχω ὁ ὁ γαστήρ στόμα  εἰμί .
185546	tlg0057.tlg095.1st1K-grc1	εὕρηται δ’ ὀρθῶς ὑπ’ αὐτοῦ τὰ σύνεγγυς καὶ τὰ κοινὰ πρῶτα καὶ μάλιστα κακοῦσθαι, καὶ ὅτι παθεῖν τοῦτο ταῖς ὀδύναις οὐκ ἀνέχει, καίτοι μικραὶ τυγχάνουσιν οὖσαι.	εὑρίσκω  ὀρθός ὑπό αὐτός ὁ σύνεγγυς καί ὁ κοινός πρῶτος καί μάλιστα κακόω , καί ὅτι2 πάσχω οὗτος ὁ ὀδύνη οὐ ἀνέχω ,  μικρός τυγχάνω εἰμί .
185547	tlg0057.tlg095.1st1K-grc1	λειποψυχίαι γὰρ γίνονται κακοπαθοῦντι τῷ στόματι τῆς γαστρός.	γάρ γίγνομαι κακοπαθέω τῷ στόμα ὁ γαστήρ .
185548	tlg0057.tlg095.1st1K-grc1	ἐν δὲ ταῖς λειποψυχίαις συῤῥεῖ τὰ λεπτὰ περιττώματα πάντα εἰς τὴν γαστέρα.	ἐν δέ ὁ   ὁ λεπτός περίσσωμα πᾶς εἰς ὁ γαστήρ .
185549	tlg0057.tlg095.1st1K-grc1	καὶ μέντοι καὶ χωρὶς τοῦ πεπονθέναι τοῦτο κατὰ τὰς ἰσχυρὰς ὀδύνας τε καὶ λύπας φαίνεται τὰ τοιαῦτα περιττώματα συῤῥέοντα πρὸς τὴν γαστέρα καὶ τὰ ἔντερα.	καί  καί χωρίς ὁ πάσχω οὗτος κατά ὁ ἰσχυρός ὀδύνη τε καί λύπη φαίνω ὁ τοιοῦτος περίσσωμα  πρός ὁ γαστήρ καί ὁ ἔντερον .
185550	tlg0057.tlg095.1st1K-grc1	τῶν μὲν οὖν εἰς τὴν γαστέρα παραγιγνομένων ἡ κένωσις δι’ ἐμέτων γίγνεται, τῶν δ’ εἰς τὰ ἔντερα διὰ τῆς ὑποχωρήσεως.	ὁ μέν οὖν εἰς ὁ γαστήρ  ὁ κένωσις διά  γίγνομαι , ὁ  εἰς ὁ ἔντερον διά ὁ ὑποχώρησις .
185551	tlg0057.tlg095.1st1K-grc1	Οὗτοι οὖν καὶ θνήσκουσι δεκαταῖοι μάλιστα.	οὖν καί ἀποθνῄσκω δεκαταῖος μάλιστα .
185552	tlg0057.tlg095.1st1K-grc1	Ἔστι καὶ παρὰ τοῖς ἄλλοις παλαιοῖς ἐνίοτε μάλιστα φωνῆς τὸ σημαινόμενον τοιοῦτον εὑρεῖν, οἷον καὶ νῦν φαίνεται παρὰ τῷ Ἱπποκράτει τὸν ἔγγιστα ποσαχὸν ἐμφαῖνον τοῦ λεγομένου κατὰ τὸν ἀριθμὸν πράγματος, ὡς εἰ καὶ οὕτως εἰρήκει·	εἰμί καί παρά ὁ ἄλλος  ἐνίοτε μάλιστα φωνή ὁ   εὑρίσκω , οἷος καί νῦν φαίνω παρά τῷ Ἱπποκράτης ὁ ἐγγίων   ὁ λέγω κατά ὁ ἀριθμός πρᾶγμα , ὡς εἰ καί οὕτως λέγω ·
185553	tlg0057.tlg095.1st1K-grc1	καὶ θνήσκουσιν οἱ οὕτως ἔχοντες ἐπὶ τὸ πολὺ περὶ τὴν δεκάτην ἡμέραν, ὥστ’ εἰ κἂν ἐναταῖοι καὶ ἑνδεκαταῖοι τοῦτο πάθωσιν, ἀληθῶς εἰρῆσθαι τὸν λόγον.	καί ἀποθνῄσκω ἕ οὕτως ἔχω ἐπί ὁ πολύς περί ὁ δέκατος ἡμέρα ,  εἰ  ἐναταῖος καί ἑνδεκαταῖος οὗτος πάσχω , ἀληθής λέγω ὁ λόγος .
185554	tlg0057.tlg095.1st1K-grc1	ὅτι δ’ οὕτω χρῶνται τῷ μάλιστα, δῆλόν ἐστί σοι καὶ ἐκ τῶνδε τῶν παραδειγμάτων·	ὅτι2  οὕτως χράω2 τῷ μάλιστα , δῆλος εἰμί  καί ἐκ ὅδε ὁ παράδειγμα ·
185555	tlg0057.tlg095.1st1K-grc1	Θουκυδίδης μὲν ἐν τῷ πρώτῳ φησί·	Θουκυδίδης μέν ἐν ὁ πρῶτος φημί ·
185556	tlg0057.tlg095.1st1K-grc1	ταῦτα δὲ ξύμπαντα ὅσα ἔπραξαν οἱ Ἕλληνες πρός τε ἀλλήλους καὶ τὸν βάρβαρον ἐγένετο ἐν ἔτεσι πεντήκοντα μάλιστα.	οὗτος δέ σύμπας ὅσος πράσσω ὁ Ἕλλην πρός τε ἀλλήλων καί ὁ  γίγνομαι ἐν ἔτος  μάλιστα .
185557	tlg0057.tlg095.1st1K-grc1	καὶ ἐν τῷ αὐτῷ·	καί ἐν τῷ αὐτός ·
185558	tlg0057.tlg095.1st1K-grc1	ἀπέχει δὲ ξ΄ σταδίους μάλιστα.	ἀποχέω δέ  στάδιον μάλιστα .
185559	tlg0057.tlg095.1st1K-grc1	Ἀνδοκίδης δὲ ἐν τῷ περὶ μυστηρίων·	Ἀνδοκίδης δέ ἐν τῷ περί μυστήριον ·
185560	tlg0057.tlg095.1st1K-grc1	ᾄδων δ’ ἀνθρώπους τὸν μὲν ἀριθμὸν μάλιστα τριακοσίους.	ἀείδω  ἄνθρωπος ὁ μέν ἀριθμός μάλιστα τριακόσιοι .
185561	tlg0057.tlg095.1st1K-grc1	πολλή δέ ἐστιν ἡ χρῆσις τῆς λέξεως κατὰ τοῦτο τὸ σημαινόμενον ἅπασι τοῖς Ἕλλησιν.	πολύς δέ εἰμί ὁ χρῆσις ὁ λέξις κατά οὗτος ὁ σημαίνω ἅπας ὁ Ἕλλην .
185562	tlg0057.tlg095.1st1K-grc1	Ἢν δὲ καταγῇ ἡ κάτω γνάθος, ἢν μὲν μὴ ἀποκαυλισθῇ παντάπασιν, ἀλλὰ ξυνέχηται τὸ ὀστέον, ἐγκεκλιμένον δὲ ἔῃ, κατορθῶσαι μὲν χρὴ τὸ ὀστέον παρά γε τὴν γλῶσσαν πλαγίαν ὑπείραντα τοὺς δακτύλους, τὸ δὲ ἔξωθεν ἀντερείδειν, ὡς ἂν ξυμφέρει, κἂν διεστραμμένοι ἔωσιν οἱ ὀδόντες οἱ κατὰ τὸ τρῶμα κεκινημένοι, ὁκόταν τὸ ὀστέον κατορθωθῇ, ζεῦξαι τοὺς ὀδόντας χρὴ πρὸς ἀλλήλους μὴ μόνον τοὺς δύο, ἀλλὰ καὶ πλέονας, μάλιστα δὲ δὴ χρυσίῳ.	δέ  ὁ κάτω γνάθος , ἐάν μέν μή ἀποκαυλίζω παντάπασι , ἀλλά συνέχω ὁ ὀστέον , ἐγκλίνω δέ εἰμί , κατορθόω μέν χρή ὁ ὀστέον παρά γε ὁ γλῶσσα  ὑπείρω ὁ δάκτυλος , ὁ δέ ἔξωθεν ἀντερείδω , ὡς ἄν συμφέρω , ἐάν διαστρέφω εἰμί ὁ ὀδούς ὁ κατά ὁ τραῦμα κινέω ,  ὁ ὀστέον κατορθόω , ζεύγνυμι ὁ ὀδούς χρή πρός ἀλλήλων μή μόνος ὁ γε , ἀλλά καί  , μάλιστα δέ δή χρυσίον .
185563	tlg0057.tlg095.1st1K-grc1	ἔστ’ ἂν κρατηθῇ τὸ ὀστέον·	ἀνά  ὁ ὀστέον ·
185564	tlg0057.tlg095.1st1K-grc1	εἰ δὲ μὴ, ἐν λίνῳ.	εἰ δέ μή , ἐν λίνον .
185565	tlg0057.tlg095.1st1K-grc1	ἔπειτα ἐπιδεῖν κηρωτῇ καὶ σπλήνεσιν ὀλίγοισι καὶ ὀθονίοισιν ὀλίγοισι, μὴ ἄγαν ἐρείδοντα, ἀλλὰ χαλαροῖσιν.	ἔπειτα ἐφοράω κηρωτή καί   καί  ὀλίγος , μή ἄγαν ἐρείδω , ἀλλά  .
185566	tlg0057.tlg095.1st1K-grc1	Ὅταν τοῦ καταγέντος ὀστοῦ μηδὲν ἀπαθὲς ὑπολείπηται, διαλυθέντων ἀπ’ ἀλλήλων τῶν μερῶν, ὡς κατὰ μηδὲν τοῦτο συνέχεσθαι τὸ εἶδος τοῦ κατάγματος οἱ νεώτεροι τῶν ἰατρῶν ὀνομάζουσι καυληδὸν, ἐπειδὴ καὶ ὁ Ἱπποκράτης εἶπεν, ἐὰν μὴ ἀποκαυλισθῇ παντάπασι.	ὁ    ἀπαθής ὑπολείπω , διαλύω ἀπό ἀλλήλων ὁ μέρος , ὡς κατά  οὗτος συνέχω ὁ εἶδος ὁ  ὁ νέος ὁ ἰατρός ὀνομάζω  , ἐπεί καί ὁ Ἱπποκράτης λέγω , ἐάν μή ἀποκαυλίζω παντάπασι .
185567	tlg0057.tlg095.1st1K-grc1	τὰ δ’ ἄλλα καὶ ταύτης τῆς ῥήσεως καὶ τῶν ἐφεξῆς σαφῆ, πλὴν εἴ πού τι βραχὺ παρεμπίπτοι καὶ τοῦτ’ ἐπισημαινούμεθα.	ὁ  ἄλλος καί οὗτος ὁ  καί ὁ ἐφεξῆς σαφής , πλήν εἰ που τι βραχύς  καί   .
185568	tlg0057.tlg095.1st1K-grc1	Εὖ γὰρ εἰδέναι χρὴ ὅτι ἐπίδεσις ὀθονίων γνάθῳ καταγείσῃ μικρὰ μὲν ἂν ὠφελέοι, εἰ χρηστῶς ἐπιδέοιτο, μεγάλα δὲ ἂν βλάπτοι, εἰ κακῶς ἐπιδέοιτο.	εὖ γάρ οἶδα χρή ὅτι2 ἐπίδεσις  γνάθος  μικρός μέν ἄν  , εἰ χρηστός ἐπιδέω , μέγας δέ ἄν βλάπτω , εἰ κακός ἐπιδέω .
185569	tlg0057.tlg095.1st1K-grc1	Τὸ μὲν μέγα βλάπτειν τὴν μοχθηρὰν ἐπίδεσιν κοινὸν ἁπάντων καταγμάτων ἐστὶ, τὸ δὲ μηδὲν ὠφελεῖν μέγα τὴν ἀγαθὴν ἐπίδεσιν ἐν τοῖς τῆς γένυος κατάγμασιν οὐκ ἄρα πάντων κοινόν ἐστι τῶν ὀστῶν, ἀλλὰ μόνων ἐκείνων ὅσα τὴν ἐν κύκλῳ περιβολὴν οὐ δέχεται τῶν ὀθονίων, εἴ τις φυλάττοι τὸ πεπονθὸς ὀστοῦν, ὅπως ἂν αὐτὸ διαπεπλασμένον ὑπὸ τοῦ ἰατροῦ παραλάβῃ.	μέν μέγας βλάπτω ὁ   κοινός ἅπας  εἰμί , ὁ δέ  ὠφελέω μέγας ὁ   ἐν ὁ ὁ γένυς   ἄρα πᾶς κοινός εἰμί ὁ  , ἀλλά  ἐκεῖνος ὅσος ὁ ἐν κύκλος περιβολή οὐ δέχομαι ὁ  , εἰ τις φυλάσσω ὁ   , ὅπως ἄν αὐτός  ὑπό ὁ ἰατρός  .
185570	tlg0057.tlg095.1st1K-grc1	πρόσεστι δ’ ἐξαίρετον τῇ γνάθῳ καὶ τὸ τῆς ἐπιδέσεως ἄσηρον, ὡς ἂν εἰθισμένῃ γυμνῇ καὶ ἀσκεπάστῳ διὰ παντὸς εἶναι.	πρόσειμι  ἐξαίρω ὁ γνάθος καί ὁ ὁ   , ὡς ἄν ἐθίζω  καί  διά πᾶς εἰμί .
185571	tlg0057.tlg095.1st1K-grc1	Πυκνὰ δὲ παρὰ τὴν γλῶσσαν ἐσμάττεσθαι χρὴ καὶ πουλὺν χρόνον ἀντέχειν τοῖσι δακτύλοισι κατορθοῦντα τοῦ ὀστέου﻿ τὸ ἐγκλιθέν.	πυκνός δέ παρά ὁ γλῶσσα μάσσω χρή καί πολύς χρόνος ἀντέχω ὁ δάκτυλος κατορθόω ὁ  ﻿ ὁ  .
185572	tlg0057.tlg095.1st1K-grc1	ἄριστον δὲ εἰ ἀεὶ δύναιτο, ἀλλ’ οὐχ οἷόν τε.	ἄριστος δέ εἰ ἀεί δύναμαι , ἀλλά οὐ  τε .
185573	tlg0057.tlg095.1st1K-grc1	ἢν δὲ ἀποκαυλισθῇ παντάπασι τὸ ὀστέον, ὀλιγάκις δὲ τοῦτο γίνεται, κατορθοῦν μὲν χρὴ τὸ ὀστέον οὕτως καθάπερ εἴρηται.	ἐάν δέ ἀποκαυλίζω παντάπασι ὁ ὀστέον , ὀλιγάκις δέ οὗτος γίγνομαι , κατορθόω μέν χρή ὁ ὀστέον οὕτως καθά λέγω .
185574	tlg0057.tlg095.1st1K-grc1	ὅταν δὲ κατορθώσῃς, τοὺς ὀδόντας χρὴ ζευγνύναι, ὡς ἔμπροσθεν εἴρηται·	ὅταν δέ κατορθόω , ὁ ὀδούς χρή ζεύγνυμι , ὡς ἔμπροσθεν λέγω ·
185575	tlg0057.tlg095.1st1K-grc1	μέγα γὰρ ἂν συλλαμβάνοι ἐς τὴν ἀτρεμίην, προσέτι καὶ εἴ τις ὀρθῶς ζεύξῃ, ὥσπερ χρὴ τὰς ῥαφὰς ῥάψας·	μέγας γάρ ἄν  εἰς ὁ ἀτρεμία , προσέτι καί εἰ τις ὀρθός ζεύγνυμι , ὥσπερ χρή ὁ ῥαφή ῥάπτω ·
185576	tlg0057.tlg095.1st1K-grc1	ἀλλὰ γὰρ οὐ ῥηΐδιον ἐν γραφῇ χειρουργίην πᾶσαν ἀτρεκέως ἡγέεσθαι, ἀλλ’ ὑποτυπέεσθαι χρὴ ἀπὸ τῶν γεγραμμένων.	ἀλλά γάρ οὐ ῥᾴδιος ἐν γραφή  πᾶς ἀτρεκής  , ἀλλά  χρή ἀπό ὁ γράφω .
185577	tlg0057.tlg095.1st1K-grc1	Τὸ μὲν μάττεσθαι ζητεῖν σημαίνει, τὸ δὲ ἐσμάττεσθαι τῶν ἐν βάθει τι ζητεῖν, ὥσπερ καὶ νῦν.	μέν  ζητέω σημαίνω , ὁ δέ μάσσω ὁ ἐν βάθος τις ζητέω , ὥσπερ καί νῦν .
185578	tlg0057.tlg095.1st1K-grc1	ἀξιοῖ γὰρ ὁ Ἱπποκράτης ἐμβάλλοντα τῷ στόματι τὸν δάκτυλον ἐπισκοπεῖσθαι μὴ παραλλάσσῃ τὰ μέρη τοῦ κατεαγότος ὀστοῦ καὶ οὕτως ἐπανορθοῦσθαι τῷ δακτύλῳ, πρὸς ὅ τί περ ἃν δόξῃ συμφέρειν ἀντωθοῦντα εἰς ὃ ῥέπει πρὸς τὴν ἐκτὸς χώραν.	ἀξιόω γάρ ὁ Ἱπποκράτης ἐμβάλλω τῷ στόμα ὁ δάκτυλος ἐπισκοπέω μή  ὁ μέρος ὁ κατάγνυμι  καί οὕτως ἐπανορθόω τῷ δάκτυλος , πρός ὅς τι περ  δόξα συμφέρω  εἰς ὅς ῥέπω πρός ὁ ἐκτός χώρα .
185579	tlg0057.tlg095.1st1K-grc1	ὅτι δ’ οὐκ αὐτὸν τὸν ἰατρὸν ἀεὶ χρὴ τοῦτο ποιεῖν, ἀλλὰ τὸν κάμνοντα διδάξει πράττειν οὕτως, εὔδηλον εἶναι νομίζω.	ὅτι2  οὐ αὐτός ὁ ἰατρός ἀεί χρή οὗτος ποιέω , ἀλλά ὁ κάμνω διδάσκω πράσσω οὕτως , εὔδηλος εἰμί νομίζω .
185580	tlg0057.tlg095.1st1K-grc1	Ἔπειτα χρὴ δέρματος Καρχηδονίου, ἢν μὲν νεώτερος ᾖ ὁ τρωθεὶς, ἀρκέει τῷ λοιπῷ χρέεσθαι, ἢν δὲ τελειότερος ᾖ αὐτῷ τῷ δέρματι τάμνοντα χρὴ εὖρος ὡς τριδάκτυλον ἢ ὅκως ἂν ἁρμόζει ὑπαλείψαντα κόμμι τὴν γνάθον.	ἔπειτα χρή δέρμα Καρχηδόνιος , ἐάν μέν νέος εἰμί ὁ τιτρώσκω , ἀρκέω τῷ  χράομαι , ἐάν δέ τέλειος εἰμί αὐτός τῷ δέρμα τέμνω χρή εὖρος ὡς τριδάκτυλος τίη ὅπως ἄν ἁρμόζω ὑπαλείφω  ὁ γνάθος .
185581	tlg0057.tlg095.1st1K-grc1	εὐμενέστερον γὰρ κόλλῃ προσκολλῆσαι τὴν δέριν ἄκρον πρὸς τὸ ἀποκεκαυλισμένον τῆς γνάθου, ὡς δάκτυλον ἀπὸ τοῦ τρώματος ἢ ὀλίγῳ πλέον.	εὐμενής γάρ κόλλα προσκολλάω ὁ  ἄκρον πρός ὁ ἀποκαυλίζω ὁ γνάθος , ὡς  ἀπό ὁ τραῦμα ἤ ὀλίγος πολύς .
185582	tlg0057.tlg095.1st1K-grc1	τοῦτο μὲν ἐς τὸ κάτω μέρος, ἐχέτω δὲ ἐντομὴν κατὰ τὴν ἴξιν τοῦ γενείου ὁ ἱμὰς, ὡς ἀμφιβεβήκει ἀμφὶ τὸ ὀξὺ τοῦ γενείου, ἕτερον δὲ ἱμᾶντα τοιοῦτον ἢ ὀλίγῳ πλατύτερον προσκολλῆσαι χρὴ πρὸς τὸ ἄνω μέρος τῆς γνάθου ἀπολιπόντα κατὰ τοσοῦτον ἀπὸ τοῦ τρώματος, ὅσονπερ ὁ ἕτερος ἀπέλιπεν.	οὗτος μέν εἰς ὁ κάτω μέρος , ἔχω δέ ἐντομή κατά ὁ ἵξις ὁ γένειον ὁ ἱμάς , ὡς ἀμφιβαίνω ἀμφί ὁ ὀξύς2 ὁ γένειον , ἕτερος δέ  τοιοῦτος ἤ ὀλίγος πλατύς προσκολλάω χρή πρός ὁ ἄνω2 μέρος ὁ γνάθος ἀπολείπω κατά τοσοῦτος ἀπό ὁ τραῦμα , ὅσος ὁ ἕτερος ἀπολείπω .
185583	tlg0057.tlg095.1st1K-grc1	ἐσχίσθω δὲ καὶ οὗτος ὁ ἱμὰς τὴν ἀμφὶ τὸ οὖς περίβασιν.	δέ καί οὗτος ὁ ἱμάς ὁ ἀμφί ὁ οὖς περίβασις .
185584	tlg0057.tlg095.1st1K-grc1	Μαλακὸν εἶναι βούλεται τὸ δέρμα, καθάπερ ἦν ἴσως τότ’ ἐν Καρχηδόνι.	εἰμί βούλομαι ὁ δέρμα , καθά εἰμί ἴσος  ἐν Καρχηδών .
185585	tlg0057.tlg095.1st1K-grc1	τούτων γὰρ ἐμνημόνευσεν ὀνομαστὶ παραδείγματος ἕνεκεν, ὥσπερ καὶ πρόσθεν ἐν τῷ περὶ ἀγμῶν Αἰγυπτίου δέρματος.	οὗτος γάρ μνημονεύω  παράδειγμα ἕνεκα , ὥσπερ καί πρόσθεν ἐν ὁ περί   δέρμα .
185586	tlg0057.tlg095.1st1K-grc1	εὔδηλον δ’ ὅτι τοῦ δέρματος τούτου τοῦ ἐξωτάτου σκληρότερόν τε καὶ πυκνότερον ὀνομάζει λοιπόν.	εὔδηλος  ὅτι2 ὁ δέρμα οὗτος ὁ   τε καί  ὀνομάζω λοιπός .
185587	tlg0057.tlg095.1st1K-grc1	ὅπως δ’ αὐτῷ χρῆται, τῆς ἀντιτάσεως ἕνεκα τῶν κατεαγότων μορίων τῆς γένυος, αὐτὸς δηλώσει παρακο λουθούντων ἡμῶν τῷ σκοπῷ τοῦ γιγνομένου.	ὅπως  αὐτός χράω2 , ὁ  ἕνεκα ὁ  μόριον ὁ γένυς , αὐτός δηλόω   ἐγώ τῷ σκοπός ὁ  .
185588	tlg0057.tlg095.1st1K-grc1	βούλεται γὰρ τὸ μὲν ἕτερον μέρος τοῦ κατεαγότος ὀστοῦ πρὸς τὸ γένειον, τὸ κατώτερον τείνεσθαι ἄνω πρὸς τὴν κεφαλήν.	βούλομαι γάρ ὁ μέν ἕτερος μέρος ὁ κατάγνυμι  πρός ὁ γένειον , ὁ  τείνω ἄνω2 πρός ὁ κεφαλή .
185589	tlg0057.tlg095.1st1K-grc1	Ἀποξέες δ’ ἔστωσαν οἱ ἱμᾶντες ἀμφὶ τὴν ξυναφὴν, ἔνθα ξυνάπτεσθαί τε καὶ συνδεῖσθαι εἰς τὰ πέρατα τῶν ἱμάντων.	ὁ  ἀμφί ὁ  , ἔνθα  τε καί  εἰς ὁ πέρας ὁ  .
185590	tlg0057.tlg095.1st1K-grc1	Ἐνταῦθα κελεύει στενότερά πως ὑπάρχειν αὐτὰ, μειουμένου κατὰ βραχὺ τοῦ πλάτους, ὅπως ἡ δέσις ἀσφαλεστέρα γένηται.	ἐνταῦθα κελεύω  πως ὑπάρχω αὐτός ,  κατά βραχύς ὁ πλάτος , ὅπως ὁ δέσις ἀσφαλής γίγνομαι .
185591	tlg0057.tlg095.1st1K-grc1	τὰ γὰρ πλατύτερα πέρατα, κἂν ἐπιμελῶς τις δήσῃ, τὸ μόνιμον οὐκ ἔχει.	ὁ γάρ πλατύς πέρας , ἐάν ἐπιμελής τις δέω , ὁ μόνιμος οὐ ἔχω .
185592	tlg0057.tlg095.1st1K-grc1	Ἐν δὲ τῇ κολλήσει ἡ σάρξ τοῦ σκύτεος πρὸς τοῦ χρωτὸς ἔστω, ἐχεκολλότερον γὰρ οὕτως.	δέ ὁ κολλάω ὁ σάρξ ὁ σκῦτος πρός ὁ χρώς εἰμί , ἐχέκολλος γάρ οὕτως .
185593	tlg0057.tlg095.1st1K-grc1	Τὸ σκύτος ἐκ δέρματος ζώου γίνεται διττὴν ἔχοντος φύσιν.	ἐκ δέρμα  γίγνομαι  ἔχω φύσις .
185594	tlg0057.tlg095.1st1K-grc1	ὅσον μὲν γὰρ ἔξωθέν ἐστι τοῦ δέρματος ὁμιλοῦν τῷ πέριξ ἀέρι πυκνότερόν τε γίγνεται καὶ νευρωδέστερον, ὅσον δ’ ἐντὸς τοῦδε, μαλακώτερόν τι καὶ ἀραιότερον.	ὅσος μέν γάρ  εἰμί ὁ δέρμα  τῷ πέριξ ἀήρ  τε γίγνομαι καί  , ὅσος  ἐντός ὅδε ,   καί  .
185595	tlg0057.tlg095.1st1K-grc1	αὐτοῦ δὲ τούτου τὸ μὲν ἐγγύτερον τοῦ ἔξω πέρατος ἧττόν ἐστι, τὸ δὲ ἔνδον οὐ ψαύει τῶν ὑποκειμένων τῷ δέρματι, μᾶλλόν τε ἀραιὸν καὶ σαρκῶδες, ὅπερ δὴ καὶ σάρκας τοῦ σκύτους ὠνόμασε καὶ συμβουλεύει κατὰ τοῦτο γίγνεσθαι τὴν κόλλησιν, ἅτε γὰρ μαλακώτερον καὶ ἀραιότερον ἐπιτηδειότερόν ἐστιν εἰς τοιαύτην χρείαν.	αὐτός δέ οὗτος ὁ μέν ἐγγύς ὁ ἔξω πέρας  εἰμί , ὁ δέ ἔνδον οὐ ψαύω ὁ  τῷ δέρμα ,  τε  καί  , ὅς δή καί σάρξ ὁ σκῦτος ὀνομάζω καί συμβουλεύω κατά οὗτος γίγνομαι ὁ κόλλησις , ἅτε γάρ μαλακός καί ἀραιός  εἰμί εἰς τοιοῦτος χρεία .
185596	tlg0057.tlg095.1st1K-grc1	Ἔπειτα κατατείναντα χρὴ καὶ τοῦτον τὸν ἱμᾶντα, μᾶλλον δέ τι τὸν περὶ τὸ γένειον, ὡς ὅτι μάλιστα μὴ ἀποσμιλαίνῃ ἡ γνάθος, ξυνάψαι τοὺς ἱμᾶντας κατὰ τὴν κορυφὴν, κἄπειτα περὶ τὸ μέτωπον ὀθονίῳ καταδῆσαι.	ἔπειτα κατατείνω χρή καί οὗτος ὁ  , μᾶλλον δέ τι ὁ περί ὁ γένειον , ὡς ὅτι2 μάλιστα μή  ὁ γνάθος , συνάπτω ὁ  κατά ὁ κορυφή ,  περί ὁ μέτωπον ὀθόνιον καταδέω .
185597	tlg0057.tlg095.1st1K-grc1	Ἀνενεχθέντων δηλονότι πρὸς τὴν κεφαλὴν τοῦ κάμνοντος ἀμφοτέρων τῶν περάτων τοῦ ἱμᾶντος ἡ δέσις αὐτῶν πρὸς τὴν κορυφὴν αὐτῆς.	δηλονότι πρός ὁ κεφαλή ὁ κάμνω ἀμφότερος ὁ πέρας ὁ  ὁ δέσις αὐτός πρός ὁ κορυφή αὐτός .
185598	tlg0057.tlg095.1st1K-grc1	μᾶλλον δὲ βούλεται τετάσθαι τὸν κάτω χάριν τοῦ τὴν γένυν, ὡς αὐτὸς εἶπε, μὴ ἀποσμιλαίνειν, ὅπερ ἐστὶν εἰς ὀξὺ παράγεσθαι.	μᾶλλον δέ βούλομαι τείνω ὁ κάτω χάριν ὁ ὁ γένυς , ὡς αὐτός λέγω , μή  , ὅς εἰμί εἰς ὀξύς2 παράγω .
185599	tlg0057.tlg095.1st1K-grc1	Καὶ κατάβλημα χρὴ εἶναι, ὥσπερ νομίζεται, ὡς ἀτρεμέει τὰ δεσμὰ, τὴν δὲ κατάκλισιν ποιεέσθω ἐπὶ τὴν ὑγιέα γνάθον μὴ τῇ γνάθῳ ἐρηρεισμένος, ἀλλὰ τῇ κεφαλῇ.	καί κατάβλημα χρή εἰμί , ὥσπερ νομίζω , ὡς ἀτρεμέω ὁ δεσμός , ὁ δέ κατάκλισις ποιέω ἐπί ὁ ὑγιής  μή ὁ γνάθος ἐρείδω , ἀλλά ὁ κεφαλή .
185600	tlg0057.tlg095.1st1K-grc1	ἰσχναίνειν δὲ χρὴ τὸ σῶμα ἄχρι ἡμερῶν δέκα, ἔπειτα ἀνατρέφειν μὴ βραδέως.	ἰσχναίνω δέ χρή ὁ σῶμα ἄχρι   , ἔπειτα ἀνατρέφω μή βραδύς .
185601	tlg0057.tlg095.1st1K-grc1	ἢ γὰρ οὖν τῇσι πρώτῃσιν ἡμέρῃσι﻿ μὴ φλεγμήνῃ, ἐν εἴκοσιν ἡμέρῃσι γνάθος κρατύνεται.	τίη γάρ οὖν ὁ πρῶτος ἡμέρα ﻿ μή φλεγμαίνω , ἐν εἴκοσι ἡμέρα γνάθος κρατύνω .
185602	tlg0057.tlg095.1st1K-grc1	τελέως γὰρ ἐπιπωροῦται, ὥσπερ καὶ τἄλλα τὰ ἀραιὰ ὀστέα, ἢν μὴ ἐπισφακελίσῃ.	τέλειος γάρ ἐπιπωρόομαι , ὥσπερ καί ἄλλος ὁ ἀραιός ὀστέον , ἐάν μή ἐπισφακελίζω .
185603	tlg0057.tlg095.1st1K-grc1	ἀλλὰ γὰρ περὶ σφακελισμῶν τῶν συμπάντων ὀστέων ἄλλος μακρὸς λόγος λείπεται.	ἀλλά γάρ περί σφακελισμός ὁ σύμπας  ἄλλος μακρός λόγος λείπω .
185604	tlg0057.tlg095.1st1K-grc1	αὕτη ἡ διάστασις ἡ ἀπὸ τῶν κολλημάτων εὐμενὴς καὶ εὐταμίευτος καὶ ἐς πολλὰ καὶ πολλαχοῦ διορθώματα εὔχρηστος.	οὗτος ὁ διάστασις ὁ ἀπό ὁ κόλλημα εὐμενής καί εὐταμίευτος καί εἰς πολύς καί πολλαχοῦ διόρθωμα εὔχρηστος .
185605	tlg0057.tlg095.1st1K-grc1	τῶν δὲ ἰητρῶν οἱ μὲν σὺν νόῳ εὔχειρες καὶ ἐν ἄλλοισι τρώμασι τοιοῦτοί εἰσι καὶ ἐν γνάθων κατήξεσιν.	ὁ δέ ἰατρός ὁ μέν σύν νόος εὔχειρ καί ἐν ἄλλος τραῦμα  εἰμί καί ἐν γνάθων  .
185606	tlg0057.tlg095.1st1K-grc1	ἐπιδέουσι γὰρ τὴν γνάθον κατεαγεῖσαν ποικίλως καὶ καλῶς καὶ κακῶς.	γάρ ὁ γνάθος κατάγνυμι ποικίλος καί καλός καί κακός .
185607	tlg0057.tlg095.1st1K-grc1	Τὸ κατὰ πάντων ἔξωθεν ἐπιβαλλόμενον οὕτως ὠνόμασεν, εἴτε τῶν καλουμένων παραρμάτων εἴτε τῶν ὁμοίων εἴη τι.	κατά πᾶς ἔξωθεν  οὕτως ὀνομάζω , εἴτε ὁ καλέω  εἴτε ὁ ὅμοιος εἰμί τις .
185608	tlg0057.tlg095.1st1K-grc1	καλεῖδ’ αὐτὸς, ὥσπερ νῦν ἔτι συνήθως ὀνομάζεται, παράρματα παραιρούμενα ὑπὸ τῶν ἀμφιεσμάτων, ὑπὸ τῶν ῥαπτόντων αὐτά.	καλέω δ’ αὐτός , ὥσπερ νῦν ἔτι συνήθης ὀνομάζω ,   ὑπό ὁ  , ὑπό ὁ  αὐτός .
185609	tlg0057.tlg095.1st1K-grc1	μάλιστα γὰρ ἐπιτήδεια διὰ μαλακότητα, ταῦτά ἐστιν εἰς τὴν προκειμένην χρείαν, δύναιτοδ’ ἄν τις ἀπορῶν αὐτῶν ἐπὶ τῶν ὁμοίων ἀφικνεῖσθαι.	μάλιστα γάρ  διά μαλακότης ,  εἰμί εἰς ὁ  χρεία , δύναμαι δ’ ἄν τις ἀπορέω2 αὐτός ἐπί ὁ ὅμοιος ἀφικνέομαι .
185610	tlg0057.tlg095.1st1K-grc1	Πᾶσα γὰρ ἔνδεσις γνάθου οὕτω καταγείσης ἐκκλίνει τὰ ὀστέα τὰ ἐς τὸ κάταγμα ῥέποντα μᾶλλον ἢ ἐς τὴν φύσιν ἄγει.	γάρ   οὕτως κατάγνυμι ἐκκλίνω ὁ ὀστέον ὁ εἰς ὁ κάταγμα ῥέπω μᾶλλον ἤ εἰς ὁ φύσις ἄγω .
185611	tlg0057.tlg095.1st1K-grc1	Τῆς οὕτω, φησὶ, καταγείσης γένυος, τουτέστι τῆς καυληδὸν, ἡ ἐπίδεσις ἐκκλίνει μᾶλλον εἰς τὸ κάταγμα ἢ ἐξευθύνει τὰ ὀστᾶ διὰ τὸ μὴ δύνασθαι περιελιχθῆναι τὰ ὀθόνια κύκλῳ τὰ περὶ τὸ πεπονθὸς, ἀλλ’ ἔξωθεν μόνον ἐπικαλέεσθαι.	ὁ οὕτως , φημί , κατάγνυμι  ,  ὁ  , ὁ ἐπίδεσις ἐκκλίνω μᾶλλον εἰς ὁ κάταγμα ἤ  ὁ ὀστέον διά ὁ μή δύναμαι  ὁ ὀθόνιον κύκλος ὁ περί ὁ πάσχω , ἀλλά ἔξωθεν μόνος ἐπικαλέω .
185612	tlg0057.tlg095.1st1K-grc1	Ἤν δὲ ἡ κάτω γνάθος κατὰ τὴν σύμφυσιν τὴν κατὰ τὸ γένειον διασπασθῇ, μόνη δὲ αὕτη ξύμφυσις ἐν τῇ κάτω γνάθῳ ἐστὶν, ἐν δὲ τῇ ἄνω πολλαὶ, ἀλλ’ οὐ βούλομαι ἀποπλανᾷν τὸν λόγον·	δέ ὁ κάτω γνάθος κατά ὁ σύμφυσις ὁ κατά ὁ γένειον διασπάω , μόνος δέ οὗτος σύμφυσις ἐν ὁ κάτω γνάθος εἰμί , ἐν δέ ὁ ἄνω2 πολύς , ἀλλά οὐ βούλομαι ἀποπλανάω ὁ λόγος ·
185613	tlg0057.tlg095.1st1K-grc1	ἐν ἄλλοισι γὰρ εἴδεσι νουσημάτων περὶ τούτων λεκτέον.	ἐν ἄλλος γάρ εἶδος νόσημα περί οὗτος λέγω .
185614	tlg0057.tlg095.1st1K-grc1	ἢν οὖν διαστῇ ἡ κατὰ τὸ γένειον σύμφυσις, κατορθῶσαι μὲν παντὸς ἀνδρός ἐστι.	ἐάν οὖν διΐστημι ὁ κατά ὁ γένειον σύμφυσις , κατορθόω μέν πᾶς ἀνήρ εἰμί .
185615	tlg0057.tlg095.1st1K-grc1	τὸ μὲν γὰρ ἐξεστεὸς ἐσωθέειν χρὴ εἰς τὸ εἴσω μέρος προσβάλλοντα τοὺς δακτύλους, τὸ δὲ εἴσω ῥέπον ἀνάγειν ἐς τὸ ἔξω μέρος ἐνερείσαντα τοὺς δακτύλους·	ὁ μέν γάρ ἐξίστημι  χρή εἰς ὁ εἴσω μέρος προσβάλλω ὁ δάκτυλος , ὁ δέ εἴσω ῥέπω ἀνάγω εἰς ὁ ἔξω μέρος ἐνερείδω ὁ δάκτυλος ·
185616	tlg0057.tlg095.1st1K-grc1	ἐς διάστασιν μέντοι διατεινάμενοι ταῦτα χρὴ ποιέειν.	εἰς διάστασις   οὗτος χρή ποιέω .
185617	tlg0057.tlg095.1st1K-grc1	Ἐκ δυοῖν μὲν ἡ κάτω γένυς ὀστῶν σύγκειται κατ’ ἄκρον τὸ γένειον ἀκριβῶς ξυμπεφυκότων, ἐκ πολλῶν δὲ ἡ ἄνω κατὰ συνάρθρωσιν κειμένων.	ἐκ  μέν ὁ κάτω γένυς  σύγκειμαι κατά ἄκρος ὁ γένειον ἀκριβής  , ἐκ πολύς δέ ὁ ἄνω2 κατά   .
185618	tlg0057.tlg095.1st1K-grc1	ἀλλ’ ἡ τοιαύτη τῶν ὀνομάτων λεπτουργία παρὰ τοῖς παλαιοῖς οὐκ ἦν.	ἀλλά ὁ τοιοῦτος ὁ ὄνομα  παρά ὁ παλαιός οὐ εἰμί .
185619	tlg0057.tlg095.1st1K-grc1	διὸ καὶ Ἱπποκράτης τὴν ἄνω γένυν ξυντιθέντων τῶν ὀστῶν τὰς ἁρμονίας ὑπὸ τῆς ξυμφύσεως ἔταξε γένος, ἑνὶ γνωρίσματι προσέχων τὸν νοῦν ἐπ’ αὐτῶν μηδεμίαν αἰσθητὴν κίνησιν ἐν ταῖς τοιαύταις τῶν ὀστῶν συνθέσεσι.	διό καί Ἱπποκράτης ὁ ἄνω2 γένυς  ὁ  ὁ ἁρμονία ὑπό ὁ  τάσσω γένος ,  γνώρισμα προσέχω ὁ νόος ἐπί αὐτός μηδείς αἰσθητός κίνησις ἐν ὁ τοιοῦτος ὁ ὀστέον  .
185620	tlg0057.tlg095.1st1K-grc1	Ῥᾷον γὰρ οὕτως ἐς τὴν φύσιν ἥξει ἢ εἰ ἐγχρίπτων τις ἐς ἄλληλα τὰ ὀστέα παραναγκάζειν πειρᾶται.	γάρ οὕτως εἰς ὁ φύσις ἥκω ἤ εἰ  τις εἰς ἀλλήλων ὁ ὀστέον  πειράω .
185621	tlg0057.tlg095.1st1K-grc1	τοῦτο παρὰ πάντα τὰ ὑπομνήματα χάριεν εἰδέναι.	οὗτος παρά πᾶς ὁ ὑπόμνημα  οἶδα .
185622	tlg0057.tlg095.1st1K-grc1	ὁκόταν δὲ κατορθώσῃ, ζεῦξαι μὲν χρὴ τοὺς ὀδόντας τοὺς ἔνθεν καὶ ἔνθεν πρὸς ἀλλήλους, ὥσπερ καὶ πρόσθεν εἴρηται.	δέ κατορθόω , ζεύγνυμι μέν χρή ὁ ὀδούς ὁ ἔνθεν καί ἔνθεν πρός ἀλλήλων , ὥσπερ καί πρόσθεν λέγω .
185623	tlg0057.tlg095.1st1K-grc1	ἰῆσθαι δὲ χρὴ κηρωτῇ καὶ σπλήνεσιν ὀλίγοισι καὶ ὀθονίοισιν.	ἰάομαι δέ χρή κηρωτή καί   καί  .
185624	tlg0057.tlg095.1st1K-grc1	Ἔθος ἐστὶν Ἱπποκράτους, ὅσα κοινὰ παραγγέλματα τῶν κατὰ μέρος ἐστὶν ἅπαξ αὐτὰ περὶ ἑνὸς εἰπόντα δηλῶσαι τοῦ πράγματος τὴν δύναμιν, ὅτι κοινὴ πάντων τῶν ὁμοίων, ὥσπερ καὶ νῦν ἀξίως τὰ προδιατείνοντα τὴν κάτω γένυν οὕτω διαπλάττειν ἐπήνεγκε.	εἰμί Ἱπποκράτης , ὅσος κοινός παράγγελμα ὁ κατά μέρος εἰμί ἅπαξ αὐτός περί  λέγω δηλόω ὁ πρᾶγμα ὁ δύναμις , ὅτι2 κοινός πᾶς ὁ ὅμοιος , ὥσπερ καί νῦν ἄξιος ὁ  ὁ κάτω γένυς οὕτως διαπλάσσω ἐπιφέρω .
185625	tlg0057.tlg095.1st1K-grc1	ῥᾷον γὰρ εἰς τὴν φύσιν ἥξει ἢ εἴ τις ἐγχρίπτων εἰς ἄλληλα τὰ ὀστέα παραναγκάζειν πειρᾶται.	ῥαίω γάρ εἰς ὁ φύσις ἥκω ἤ εἰ τις  εἰς ἀλλήλων ὁ ὀστέον  πειράω .
185626	tlg0057.tlg095.1st1K-grc1	αὐτὸ τὸ νῦν εἰρημένον, ὅτι κοινὰ ἁπάντων ἐστὶ τῶν διαπλαττομένων ὀστῶν, ἐπεσημήνατο διὰ τῆς προκειμένης ῥήσεως.	αὐτός ὁ νῦν λέγω , ὅτι2 κοινός ἅπας εἰμί ὁ   , ἐπισημαίνω διά ὁ   .
185627	tlg0057.tlg095.1st1K-grc1	Ἐπίδεσιν δὲ βραχείην ἢ ποικίλην, μάλιστα τοῦτο τὸ χωρίον ἐπιδέχεται, ἐγγὺς γάρ τι τοῦ ἰσοῤῥόπου ἐστὶν, ὡς δὴ μὴ ἰσόῤῥοπον ἐόν.	ἐπίδεσις δέ  ἤ ποικίλος , μάλιστα οὗτος ὁ χωρίον ἐπιδέχομαι , ἐγγύς γάρ τι ὁ ἰσόρροπος εἰμί , ὡς δή μή  εἰμί .
185628	tlg0057.tlg095.1st1K-grc1	Ἀκριβῶς μὲν ἰσόῤῥοπόν ἐστι μόριον, ὅταν ὁμοιότατον ᾖ κατὰ τὸ σχῆμα κυλίνδρῳ.	μέν  εἰμί μόριον , ὅταν ὅμοιος εἰμί κατά ὁ σχῆμα κύλινδρος .
185629	tlg0057.tlg095.1st1K-grc1	καλῶ δὲ κύλινδρον οὐχ ᾧ παίζουσιν αἱ παῖδες, ἀλλὰ καὶ τὸ τοῖς κίοσιν ὑπάρχον σχῆμα.	καλέω δέ κύλινδρος οὐ ὅς παίζω ὁ παῖς , ἀλλά καί ὁ ὁ κίων ὑπάρχω σχῆμα .
185630	tlg0057.tlg095.1st1K-grc1	τοῦτο δ’ ἀκριβῶς μὲν οὐδενὶ τῶν ὀστῶν ἐστι, μᾶλλον μέντοι τῶν ἄλλων ἐν μηρῷ καὶ βραχίονι.	οὗτος  ἀκριβής μέν  ὁ ὀστέον εἰμί , μᾶλλον  ὁ ἄλλος ἐν  καί βραχύς .
185631	tlg0057.tlg095.1st1K-grc1	τῆς δὲ ἄνω γένυος ὅτι μὲν οὐκ ἔστι τοιοῦτον σχῆμα πρόδηλον, ὥσπερ οὐδὲ ἰσόῤῥοπον αὐτὴν εἶναί φασιν, ἐγγὺς μέντοι τοῦ ἰσοῤῥόπου διὰ τοῦτ’ αὐτὴν εἶπεν, ὅτι τὸ ἀριστερὸν μέρος τῷ δεξιῷ κατὰ πᾶν ἐξωμοίωται καὶ ἴσον ἐστὶ καὶ διὰ τοῦτο τὸ συγκείμενον ἐξ ἀμφοῖν ἰσόῤῥοπον γίνεται μηδεμίαν ἔχον ῥοπὴν ἐπὶ θάτερα μέρη.	ὁ δέ ἄνω2 γένυς ὅτι2 μέν οὐ εἰμί  σχῆμα πρόδηλος , ὥσπερ οὐδέ  αὐτός εἰμί φημί , ἐγγύς  ὁ  διά  αὐτός λέγω , ὅτι2 ὁ ἀριστερός μέρος τῷ δεξιός κατά πᾶς  καί ἴσος εἰμί καί διά οὗτος ὁ  ἐκ ἄμφω  γίγνομαι μηδείς ἔχω ῥοπή ἐπί ἕτερος μέρος .
185632	tlg0057.tlg095.1st1K-grc1	δέχεται δὲ ποικίλας ἐπιδέσεις ἡ γένυς, ὡς κἀν τῇ τῶν ἐπιδέσμων γυμνασίᾳ πρώτῃ πάντων οὔσῃ μεμαθήκατε.	δέχομαι δέ ποικίλλω  ὁ γένυς , ὡς ἐν ὁ ὁ  γυμνασία πρῶτος πᾶς  μανθάνω .
185633	tlg0057.tlg095.1st1K-grc1	Τοῦ δὲ ὀθονίου τὴν περιβολὴν ποιέεσθαι χρὴ, ἢν μὲν ἡ δεξιὴ γνάθος ἐξεστήκῃ, ἐπὶ δεξιά·	ὁ δέ  ὁ περιβολή ποιέω χρή , ἐάν μέν ὁ δεξιά γνάθος ἐξίστημι , ἐπί δεξιός ·
185634	tlg0057.tlg095.1st1K-grc1	ἐπὶ δεξιὰ δὲ νομίζεται εἶναι, ἢν ἡ δεξιὰ χεὶρ ἡγέηται τῆς ἐπιδέσιος·	ἐπί δεξιός δέ νομίζω εἰμί , ἐάν ὁ δεξιός χείρ  ὁ ἐπίδεσις ·
185635	tlg0057.tlg095.1st1K-grc1	ἢν δὲ ἡ﻿ ἑτέρη γνάθος ἐξεστήκῃ, ὡς ἑτέρως χρὴ τὴν ἐπίδεσιν ἄγειν κἂν μὲν ὀρθῶς τις κατορθώσηται καὶ ἐπατρεμήσῃ ὡς χρὴ, ταχεῖα μὲν ἡ ἄλθεξις, οἱ δὲ ὀδόντες ἀσινέες γίνονται, ἢν δὲ μὴ, χρονιωτέρη μὲν ἡ ἄλθεξις, διαστροφὴν δὲ ἴσχουσα, οἱ ὀδόντες δὲ καὶ σιναροὶ καὶ ἀχρήϊοι γίνονται.	ἐάν δέ ὁ ﻿ ἕτερος γνάθος ἐξίστημι , ὡς ἕτερος χρή ὁ ἐπίδεσις ἄγω ἐάν μέν ὀρθός τις κατορθόω καί ἐπατρεμέω ὡς χρή , ταχύς μέν ὁ ἄλθεξις , ὁ δέ ὀδούς ἀσινής γίγνομαι , ἐάν δέ μή , χρόνιος μέν ὁ ἄλθεξις , διαστροφή δέ ἴσχω , ὁ ὀδούς δέ καί σιναρός καί ἀχρεῖος γίγνομαι .
185636	tlg0057.tlg095.1st1K-grc1	Ἐλέχθη καὶ πρόσθεν ἐπὶ τῶν ἑλκῶν ὅσα χεῖλος ἐξῃρημένον ἔχει, τὴν μὲν ἀρχὴν βάλλεσθαι τῆς ὀθόνης ὄπισθεν τοῦ τοιούτου χείλους, ἑλίττεινδ’ οὕτω κατ’ αὐτὸν τὸν ἐπίδεσμον, ὡς προσάγεσθαι θάτερα χείλη τοῦ ἕλκους.	καί πρόσθεν ἐπί ὁ  ὅσος χεῖλος ἐξαιρέω ἔχω , ὁ μέν ἀρχή βάλλω ὁ ὀθόνη ὄπισθεν ὁ τοιοῦτος  , ἑλίσσω δ’ οὕτως κατά αὐτός ὁ ἐπίδεσμος , ὡς προσάγω ἕτερος  ὁ ἕλκος .
185637	tlg0057.tlg095.1st1K-grc1	ἔστι γὰρ τοῦτο κοινὸν ἁπάντων τῶν ἐπανάγεσθαι δεομένων εἰς τὴν ἀρχαίαν φύσιν.	εἰμί γάρ οὗτος κοινός ἅπας ὁ ἐπανάγω δέω εἰς ὁ ἀρχαῖος φύσις .
185638	tlg0057.tlg095.1st1K-grc1	οὕτως οὖν καὶ νῦν τὸ κοινὸν τοῦτο φυλακτέον ἐστὶ προστέλλον τε καὶ καταναγκάζον τὸ ἐφεστηκὸς μέρος.	οὕτως οὖν καί νῦν ὁ κοινός οὗτος φυλάσσω εἰμί  τε καί  ὁ  μέρος .
185639	tlg0057.tlg095.1st1K-grc1	ἔσται δὲ τοῦτο τῶν ὀθονίων αὐτὸ προσαγόντων ἐκείνῳ.	δέ οὗτος ὁ  αὐτός προσάγω ἐκεῖνος .
185640	tlg0057.tlg095.1st1K-grc1	προσαχθήσεται δὲ, εἰ μὲν τὸ δεξιὸν εἴη μέρος τὸ ἐξεστηκὸς, ἐντεῦθεν μὲν ἀγομένων, ἐπὶ δὲ τὸ ἀριστερὸν ἀγόντων ἐπίδεσμον.	δέ , εἰ μέν ὁ δεξιός εἰμί μέρος ὁ ἐξίστημι , ἐντεῦθεν μέν ἄγω , ἐπί δέ ὁ ἀριστερός ἄγω ἐπίδεσμον .
185641	tlg0057.tlg095.1st1K-grc1	εἰ δὲ τὸ ἀριστερὸν εἴη τὸ πεπονθὸς, ἐκεῖθεν μὲν ἀρχομένων, ἐπὶ τὸ δεξιὸν δὲ ἀφικνουμένων.	εἰ δέ ὁ ἀριστερός εἰμί ὁ  , ἐκεῖθεν μέν ἄρχω , ἐπί ὁ δεξιός δέ  .
185642	tlg0057.tlg095.1st1K-grc1	ὁ τοίνυν Ἱπποκράτης ὅταν ἀπὸ τῶν δεξιῶν μερῶν ἀρξάμενός τις ἐπὶ θάτερον ποιῆται τὴν νομὴν τῶν ὀθονίων, ἐπὶ δεξιὰ καλεῖ τὴν τοιαύτην ἐπίδεσιν, οὐ τῇ φορᾷ τοῦ ἐπιδέσμου προσέχων τὸν νοῦν, ἀλλὰ τῇ τῆς χειρὸς ἡγεμονίᾳ·	ὁ τοίνυν Ἱπποκράτης ὅταν ἀπό ὁ δεξιός μέρος ἄρχω τις ἐπί ἕτερος ποιέω ὁ νομή ὁ  , ἐπί δεξιός καλέω ὁ τοιοῦτος ἐπίδεσις , οὐ ὁ φορά ὁ  προσέχω ὁ νόος , ἀλλά ὁ ὁ χείρ ἡγεμονία ·
185643	tlg0057.tlg095.1st1K-grc1	ἐὰν γὰρ νοήσῃς καταντικρὺς τοῦ μὲν ἐπιδουμένου τὸν ἰατρὸν, ἡ μὲν ἀπὸ τῆς δεξιᾶς γνάθου φορὰ τῶν ὀθονίων ἐπὶ τὴν ἀριστερὰν ἀγομένη ἡ τῆς δεξιᾶς ἔσται χειρὸς, ἡ δ’ ἐναντία τῆς ἀριστερᾶς.	ἐάν γάρ νοέω  ὁ μέν  ὁ ἰατρός , ὁ μέν ἀπό ὁ δεξιά   ὁ ὀθόνιον ἐπί ὁ ἀριστερός ἄγω ὁ ὁ δεξιός εἰμί χείρ , ὁ  ἐναντίος ὁ ἀριστερός .
185644	tlg0057.tlg095.1st1K-grc1	Ἢν δὲ ἡ ῥὶς καταγῇ, τρόπος μὲν οὐχ εἷς ἐστι κατάξιος.	δέ ὁ   , τρόπος μέν οὐ  εἰμί κατάξιος .
185645	tlg0057.tlg095.1st1K-grc1	Αὐτὸς δὲ ἐφεξῆς ἐρεῖ τοὺς τρόπους·	δέ ἐφεξῆς λέγω ὁ τρόπος ·
185646	tlg0057.tlg095.1st1K-grc1	ἤτοι γὰρ μέρος αὐτῆς κατάγνυται, τῆς συνεχείας φυλαττομένης, ὡς μήτε κάτω χωρῆσαι μήτ’ ἐφ’ ἑκάτερα παραστραφῆναι, ἢ καὶ τούτων τι προσγίγνεται, καὶ ἤτοι κατὰ τὸ χονδρῶδες αὐτῆς τὸ πρόσω τούτων τι συμβαίνειν εἴωθεν, ἢ κατὰ τὸ λοιπὸν τὸ ὀστῶδες.	ἤτοι γάρ μέρος αὐτός κατάγνυμι , ὁ συνέχεια φυλάσσω , ὡς μήτε κάτω χωρέω  ἐπί ἑκάτερος  , ἤ καί οὗτος τι προσγίγνομαι , καί ἤτοι κατά ὁ χονδρώδης αὐτός ὁ πρόσω οὗτος τις συμβαίνω  , ἤ κατά ὁ λοιπός ὁ  .
185647	tlg0057.tlg095.1st1K-grc1	Ἀτὰρ πολλὰ μὲν δὴ καὶ ἄλλα λωβέονται οἱ χαίροντες τῇσι καλῇσιν ἐπιδέσεσιν ἄνευ νόου, ἐν δὲ τοῖσι περὶ τὴν ῥῖνα καὶ μάλιστα.	πολύς μέν δή καί ἄλλος λωβάομαι ὁ χαίρω ὁ καλός ἐπίδεσις ἄνευ νόος , ἐν δέ ὁ περί ὁ ῥίς καί μάλιστα .
185648	tlg0057.tlg095.1st1K-grc1	Εἰρωνευόμενος εἴρηκεν οὐ τὰς ὄντως καλὰς σημαίνων, ὧν σκοπός ἐστιν εἰς τὸ κατὰ φύσιν ἄγειν τὸ πεπονθὸς, ἀλλὰ τὰς εὐμόρφους καὶ τερπούσας τοὺς ὁρῶντας.	λέγω οὐ ὁ ὄντως καλός σημαίνω , ὅς σκοπός εἰμί εἰς ὁ κατά φύσις ἄγω ὁ  , ἀλλά ὁ  καί  ὁ ὁράω .
185649	tlg0057.tlg095.1st1K-grc1	ὁποῖαι δέ εἰσιν αὗται, διὰ τῆς ἑπομένης ῥήσεως μαθήσῃ.	ὁποῖος δέ εἰμί οὗτος , διά ὁ    .
185650	tlg0057.tlg095.1st1K-grc1	Ἐπιδεσίων γάρ ἐστιν αὕτη ἡ ποικιλωτάτη καὶ πλείστους μὲν σκεπάρνους ἔχουσα, διαῤῥωγὰς δὲ καὶ διαλήψιας ποικιλωτάτας τοῦ χρωτὸς ῥομβοειδέας.	γάρ εἰμί οὗτος ὁ  καί πλεῖστος μέν σκέπαρνον ἔχω , διαρρωγή δέ καί  ποικίλος ὁ χρώς  .
185651	tlg0057.tlg095.1st1K-grc1	ὡς οὖν εἴρηται, οἱ τὴν ἀνόητον ἐγχειρίην ἐπιτηδεύοντες ἄσμενοι ῥινὸς καταγείσης ἐπιτυγχάνουσιν ὡς ἐπιδήσωσι.	ὡς οὖν λέγω , ὁ ὁ ἀνόητος  ἐπιτηδεύω ἄσμενος ῥίς κατάγνυμι ἐπιτυγχάνω ὡς  .
185652	tlg0057.tlg095.1st1K-grc1	μίαν μὲν οὖν ἡμέρην ἢ δύο ἀγάλλεται μὲν ὁ ἰητρὸς, χαίρει δὲ καὶ ὁ ἐπιδεδεμένος, ἔπειτα ταχέως μὲν ὁ ἐπιδεδεμένος κορίσκεται·	μέν οὖν ἡμέρα τίη γε ἀγάλλω μέν ὁ ἰατρός , χαίρω δέ καί ὁ ἐπιδέω , ἔπειτα ταχύς μέν ὁ ἐπιδέω  ·
185653	tlg0057.tlg095.1st1K-grc1	ἀσηρὸν γὰρ τὸ φρόνημα.	ἀσηρός γάρ ὁ φρόνημα .
185654	tlg0057.tlg095.1st1K-grc1	ἀρκέει δὲ τῷ ἰητρῷ, ἐπειδὴ ἐπέδειξεν ὅτι ἐπίσταται ποικίλως ῥῖνα ἐπιδέειν.	ἀρκέω δέ τῷ ἰατρός , ἐπεί ἐπιδείκνυμι ὅτι2 ἐφίστημι ποικίλος ῥίς  .
185655	tlg0057.tlg095.1st1K-grc1	ποιέει δὲ ἡ ἐπίδεσις ἡ τοιαύτη πάντα τἀναντία τοῦ δέοντος.	ποιέω δέ ὁ ἐπίδεσις ὁ τοιοῦτος πᾶς ἐναντίος ὁ δέω .
185656	tlg0057.tlg095.1st1K-grc1	τοῦτο μὲν γὰρ ὁκόσοι σιμοῦνται διὰ τὴν κάτηξιν δηλονότι, εἰ ἄνωθέν τις μᾶλλον πιέζοι, σιμότεροι ἂν εἶεν, τοῦτο δὲ ὅσοισι παραστρέφεται ἢ ἔνθα ἢ ἔνθα ἢ ῥὶς ἢ κατὰ τὸν χόνδρον ἢ ἀνωτέρω, δῆλον ὅτι οὐδὲν αὐτοὺς ἡ ἄνωθεν ἐπίδεσις ὠφελήσει, ἀλλὰ καὶ βλάψει μᾶλλον.	οὗτος μέν γάρ ὁπόσος σιμόω διά ὁ   , εἰ ἄνωθεν τις μᾶλλον πιέζω ,  ἐάν εἰμί , οὗτος δέ ὅσος παραστρέφω τίη ἔνθα τίη ἔνθα τίη  τίη κατά ὁ χόνδρος ἤ ἄνω , δῆλος ὅτι2  αὐτός ὁ ἄνωθεν ἐπίδεσις ὠφελέω , ἀλλά καί βλάπτω μᾶλλον .
185657	tlg0057.tlg095.1st1K-grc1	Σκέπαρνον μὲν ἐπίδεσμον ὅτι καλεῖ τὸν ἐγκεκλιμένον ὀλίγον ἐκ τῆς ἐγκαρσίας ἐπιβολῆς ἔμπροσθεν εἴρηται.	μέν  ὅτι2 καλέω ὁ ἐγκλίνω ὀλίγος ἐκ ὁ  ἐπιβολεύς ἔμπροσθεν λέγω .
185658	tlg0057.tlg095.1st1K-grc1	διαῤῥωγὰς δὲ λέγει τὰ μεταξὺ διαστήματα τῶν ὀθονίων.	διαρρωγή δέ λέγω ὁ  διάστημα ὁ ὀθόνιον .
185659	tlg0057.tlg095.1st1K-grc1	ῥομβοειδῆ δὲ σχήματα τὰ ἰσόπλευρα μὲν, οὐκ ὀρθογώνια δέ·	δέ σχῆμα ὁ  μέν , οὐ  δέ ·
185660	tlg0057.tlg095.1st1K-grc1	καὶ γὰρ καὶ ὁρίζεται τὸν ῥόμβον οὕτως ὁ Εὐκλείδης.	καί γάρ καί ὁρίζω ὁ ῥόμβος οὕτως ὁ Εὐκλείδης .
185661	tlg0057.tlg095.1st1K-grc1	ἔμαθες δὲ ὡς ἐν τοῖς ἐπιδέσμοις πάντων σχεδὸν πρῶτον ὀνομάζουσι ῥόμβον ἀπὸ τοῦ τὰ τοιαῦτα μάλιστα ἐργάσασθαι σχήματα.	δέ ὡς ἐν ὁ  πᾶς σχεδόν πρῶτος ὀνομάζω  ἀπό ὁ ὁ τοιοῦτος μάλιστα ἐργάζομαι σχῆμα .
185662	tlg0057.tlg095.1st1K-grc1	Οὐχ οὕτω γὰρ συναρμόσει σπλήνεσι τὸ ἐπὶ θάτερον τῆς ῥινὸς, καίτοι οὐδὲ τοῦτο ποιέουσιν οἱ ἐπιδέοντες.	οὕτως γάρ συναρμόζω  ὁ ἐπί ἕτερος ὁ ῥίς ,  οὐδέ οὗτος ποιέω ὁ ἐπιδέω .
185663	tlg0057.tlg095.1st1K-grc1	Οὐδὲν ὠφελεῖσθαί φησιν ἐξ ἐπιδέσεως τὴν εἰς τὸ πλάγιον ἐν τῷ καταγῆναι διαστραφεῖσαν ῥῖνα.	ὠφελέω φημί ἐκ  ὁ εἰς ὁ πλάγιον ἐν τῷ κατάγνυμι  ῥίς .
185664	tlg0057.tlg095.1st1K-grc1	ὃ γάρ τοι δόξῃ ἄν τινι βοηθεῖν αὐτῇ, μηδ’ αὐτὸ δύνασθαί τι.	ὁ γάρ τοι δοκέω ἄν τις βοηθέω αὐτός ,  αὐτός  τις .
185665	tlg0057.tlg095.1st1K-grc1	δόξειε δ’ ἂν εἶναι βοηθεῖν, στηρίσαι κατὰ τὸ πλάγιον αὐτὴν ὀθονίοις, ἐς ὅπερ ἐπεκλήθη, ἀλλ’ οὐδὲ ταῦτά φησιν ἀκριβῶς δύνασθαι πρᾶξαι τόδε.	δοκέω  ἄν εἰμί βοηθέω ,  κατά ὁ πλάγιον αὐτός ὀθόνιον , εἰς ὅς ἐπικαλέω , ἀλλά οὐδέ οὗτος φημί ἀκριβής δύναμαι πράσσω ὅδε .
185666	tlg0057.tlg095.1st1K-grc1	Ἄγχιστα δὲ ἡ ἐπίδεσίς μοι δοκέῃ ἀντιποιέειν, εἰ κατὰ μέσην τὴν ῥῖνα κατὰ τὸ ὀξὺ ἀμφιθλασθείη ἡ σὰρξ κατὰ τὸ ὀστέον, εἰ καὶ τὸ ὀστέον μικρόν τισιν εἴη καὶ μὴ μέγα.	δέ ὁ ἐπίδεσις  δοκέω  , εἰ κατά μέσος ὁ ῥίς κατά ὁ ὀξύς2  ὁ σάρξ κατά ὁ ὀστέον , εἰ καί ὁ ὀστέον μικρός  εἰμί καί μή μέγας .
185667	tlg0057.tlg095.1st1K-grc1	τοῖσι γὰρ τοιούτοισιν ἐπιπώρωμα ἴσχει ἡ ῥὶς καὶ ὀκριοειδεστέρῃ τινὶ γίνεται.	ὁ γάρ τοιοῦτος ἐπιπώρωμα ἴσχω ὁ ῥίς καί   γίγνομαι .
185668	tlg0057.tlg095.1st1K-grc1	ἀλλ’ ὅμως οὐδὲ τούτοισι δήπου πολλοῦ ὄχλου δέεται ἡ ἐπίδεσις, εἰ δή τι καὶ δεῖ ἐπιδέειν.	ἀλλά ὅμως οὐδέ οὗτος  πολύς ὄχλος δέω2 ὁ ἐπίδεσις , εἰ δή τι καί δέω ἐπιδέω .
185669	tlg0057.tlg095.1st1K-grc1	Ἐν εὐθυτάτῳ δόξειεν ἂν ὠφελεῖν ἡ κοινὴ τῆς ῥινὸς ἐπίδεσις, ὅταν ἐν τῷ μέσῳ αὐτῆς ἤτοι περίθλασις γένηται τοῦ δέρματος ἢ καὶ πάθῃ τι τὸ ὀστοῦν ἐπ’ ὀλίγον.	ἐν εὐθύς δοκέω ἐάν ὠφελέω ὁ κοινός ὁ ῥίς ἐπίδεσις , ὅταν ἐν τῷ  αὐτός ἤτοι  γίγνομαι ὁ δέρμα ἤ καί πάσχω τις ὁ ὀστέον ἐπί ὀλίγος .
185670	tlg0057.tlg095.1st1K-grc1	ἐξοχὴ γάρ τις ἕπεται κατὰ τὴν πώρωσιν αὐτοῦ.	ἐξοχή γάρ τις  κατά ὁ  αὐτός .
185671	tlg0057.tlg095.1st1K-grc1	ἡ τοίνυν ἐπίδεσις ἐν τοῖς τοιούτοις παθήμασιν εἴργουσα καὶ προστέλλουσα τὸ πεπονθὸς ὠφέλειάν τινα δόξει δύνασθαι παρέχειν, ἕν τιδ’ οὐδὲν τούτοις ἀναγκαῖον ἐπιδεῖν·	ὁ τοίνυν ἐπίδεσις ἐν ὁ τοιοῦτος πάθημα ἔργω καί  ὁ πάσχω ὠφέλεια  δοκέω δύναμαι παρέχω ,   δ’ οὐδείς οὗτος ἀναγκαῖος ἐφοράω ·
185672	tlg0057.tlg095.1st1K-grc1	τὰ γὰρ θλάσματα πειρᾶσθαι χρὴ μάλιστα μὲν ἀφλέγμαντα διαφυλάττειν, εἰ δὲ καὶ φλεγμαίνοιεν, ἀφλέγμαντα ποιεῖν ὡς τάχιστα.	ὁ γάρ  πειράω χρή μάλιστα μέν  διαφυλάσσω , εἰ δέ καί  ,  ποιέω ὡς ταχύς .
185673	tlg0057.tlg095.1st1K-grc1	ὅ γε ἐπιτρεφόμενος πῶρος ὀλίγος οὐδὲν δὴ τούτων ἐπιδέσεων δεῖται.	ὁ γε  πῶρος ὀλίγος  δή οὗτος  δέω .
185674	tlg0057.tlg095.1st1K-grc1	Ἀρκέει δὲ ἐπὶ μὲν τὸ φλάσμα σπληνίον ἐπιτείναντα κεκηρωμένον, ἔπειτα ὡς ἀπὸ δύο ἀρχέων ἐπιδέεται, οὕτως ὀθονίῳ ἐς ἅπαξ περιβαλέειν.	ἀρκέω δέ ἐπί μέν ὁ φλάσμα σπληνίον ἐπιτείνω καρόω ,  ὡς ἀπό γε  ἐπιδέω , οὕτως ὀθόνιον εἰς ἅπαξ  .
185675	tlg0057.tlg095.1st1K-grc1	Τὸ μέσον τοῦ ὀθονίου κατὰ τοῦ μέσου τῆς ῥινὸς ἐπιβαλόντα μὴ βιαίως ἀπάγειν χρὴ τῶν δαελῶν ἑκάστην ὀπίσω τῆς κεφαλῆς, ἐντεῦθέν τε ἐπὶ μέτωπον ἀνάγοντα δῆσαι.	μέσος ὁ  κατά ὁ μέσης ὁ ῥίς ἐπιβάλλω μή βίαιος ἀπάγω χρή ὁ  ἕκαστος ὀπίσω ὁ κεφαλή ,  τε ἐπί μέτωπον ἀνάγω δέω .
185676	tlg0057.tlg095.1st1K-grc1	Ἀρίστη μέντοι ἰητρείη τῷ ἀλήτῳ τῷ σητανίῳ, τῷ πλυτῷ, γλίσχρῳ, πεφυρημένῳ, ὀλίγῳ καταπλάσσειν τὰ τοιαῦτα.	ὁ  τῷ  , τῷ  ,  ,  , ὀλίγος  ὁ τοιοῦτος .
185677	tlg0057.tlg095.1st1K-grc1	Σητανίους πυροὺς οἱ δόξαντες ἄριστα τὴν Ἱπποκράτους ἐξηγήσασθαι λέξιν εἰρῆσθαί φασι πρὸς αὐτοῦ τοὺς σῆτες ἐσπαρμένους, ὅπερ οἱ Ἀττικοὶ τῆτες ὀνομάζουσι, διὰ τοῦτ τὰς συλλαβὰς ἀμφοτέρας λέγοντες, ἐξ οὗ σημαίνεσθαί φασι τοὺς ἐν τῷ ἔτει τούτῳ, τουτέστι κατὰ τὸ ἔαρ ἐσπαρμένους, διμηνιαίους τε καὶ τεσσαρακονθημέρους ὀνομαζομένους.	πυρός ὁ δοκέω ἄριστος ὁ Ἱπποκράτης ἐξηγέομαι λέξις  φημί πρός αὐτός ὁ   , ὅς ἕ   ὀνομάζω , διά ὁ τ ὁ συλλαβή ἀμφότερος λέγω , ἐκ οὗ  φημί ὁ ἐν ὁ ἔτος οὗτος ,  κατά ὁ ἔαρ  ,  τε καί  ὀνομάζω .
185678	tlg0057.tlg095.1st1K-grc1	ἐγὼ δὲ πυρῶν εἶδός τι σητανίους καλουμένους οἶδα κατά τε τὴν Κῶν αὐτὴν καὶ σύμπαν τὸ κατὰ τὴν Ἀσίαν Ἑλληνικόν.	δέ πυρός εἶδος   καλέω οἶδα κατά τε ὁ Κῶς αὐτός καί σύμπας ὁ κατά ὁ Ἀσία  .
185679	tlg0057.tlg095.1st1K-grc1	ὀλίγον ἔχουσιν οὗτοι τὸ πυρὸν, ἱκανῶς δὲ γλίσχρον τὸ σταῖς, οὗ μάλιστα νῦν ὁ Ἱπποκράτης δεῖται, καθότι καὶ αὐτὸς ἐφεξῆς ἐρεῖ·	ὀλίγος ἔχω οὗτος ὁ  , ἱκανός δέ γλίσχρος ὁ σταῖς , οὗ μάλιστα νῦν ὁ Ἱπποκράτης δέω ,  καί αὐτός ἐφεξῆς λέγω ·
185680	tlg0057.tlg095.1st1K-grc1	καὶ ὅταν μὴ ἔχῃ τοιοῦτον, ἤτοι μάνναν ἣ κόμμι κελεύει μιγνύναι αὐτῷ.	καί ὅταν μή ἔχω  , ἤτοι μάννα ὁ  κελεύω μείγνυμι αὐτός .
185681	tlg0057.tlg095.1st1K-grc1	σπείρονται μὲν οὗτοι πυροὶ κατὰ τὸ ἔαρ εἰσβάλλον, ὡς αὐτὸς διμηνιαίοις καὶ καλὰ καὶ κατὰ τὴν ὥραν τοῦ πλείονος ὀνομαζομένοις.	μέν οὗτος πυρός κατά ὁ ἔαρ  , ὡς αὐτός  καί  καί κατά ὁ ὥρα2 ὁ πολύς ὀνομάζω .
185682	tlg0057.tlg095.1st1K-grc1	γίγνεται δ’ αὐτῶν μάλιστα γλίσχρον τὸ σταῖς, ὅταν τελεσθέντων ἀφαιρεθῇ τὸ πιτυρῶδες ἐπάνω.	γίγνομαι  αὐτός μάλιστα γλίσχρος ὁ σταῖς , ὅταν τελέω ἀφαιρέω ὁ  ἐπάνω .
185683	tlg0057.tlg095.1st1K-grc1	γίγνεται μὲν καὶ διὰ τῶν λεπτῶν κοσκίνων, γίγνεται δὲ καὶ τῷ προπεπλύσθαι τοὺς πυρούς.	γίγνομαι μέν καί διά ὁ λεπτός  , γίγνομαι δέ καί τῷ  ὁ πυρός .
185684	tlg0057.tlg095.1st1K-grc1	ὥσπερ γὰρ αἱ πτισσόμενοι κριθαὶ τὸ λέπος ἀφιᾶσι μᾶλλον ὅταν προβραχῶσιν, οὕτως καὶ οἱ πυροί.	ὥσπερ γάρ ὁ  κριθή ὁ   μᾶλλον ὅταν  , οὕτως καί ὁ πυρός .
185685	tlg0057.tlg095.1st1K-grc1	πῶς οὖν εἶπε ταὐτόν;	πῶς οὖν λέγω  ;
185686	tlg0057.tlg095.1st1K-grc1	οὐ γὰρ ταὐτόν ἐστι βεβρέχθαι τε καὶ πεπλύσθαι·	οὐ γάρ αὐτός εἰμί βρέχω τε καί πλύνω ·
185687	tlg0057.tlg095.1st1K-grc1	βρέχονται μὲν γὰρ ἐν τοῖς μύλωσιν ἅπασιν οἱ πυροὶ ἀλεῖσθαι, πλύνονται δὲ οὐκ ἐν ἅπασιν, ἀλλ’ ἐν ταῖς πλείσταις πόλεσι τῆς Ἀσίας, ἂν καίτοι οὗτοι γιγνόμενοι ἔχουσι πλοκὰ μεγάλα πεπλυμένα, διὰ λεπτῶν σχοίνων μικρὰ διαστήματα ἐχουσῶν, ὡς χοῦν μὲν καὶ ψάμμον διέρχεσθαι, τὸν πυρὸν δὲ ἐπιμένειν εἰς ταὐτό.	μέν γάρ ἐν ὁ  ἅπας ὁ πυρός  ,  δέ οὐ ἐν ἅπας , ἀλλά ἐν ὁ πλεῖστος πόλις ὁ Ἀσία , ἄν  οὗτος  ἔχω  μέγας  , διά λεπτός  μικρός διάστημα ἔχω , ὡς  μέν καί  διέρχομαι , ὁ πυρός δέ ἐπιμένω εἰς  .
185688	tlg0057.tlg095.1st1K-grc1	ἐμβάλλοντες οὖν μύλωσιν ἀλεῖν πυρὸν, πρῶτον μὲν προδιαττῶσιν, ἔπειτα δὲ καθιᾶσιν εἰς ὕδωρ ὅλον τὸν πλόκαμον, ὥστε πλύνεσθαί τε ἅμα καὶ βρέχειν συμμέτρως τοὺς πυρούς.	ἐμβάλλω οὖν  ἀλέω πυρός , πρῶτος μέν  , ἔπειτα δέ  εἰς ὕδωρ ὅλος ὁ πλόκαμος , ὥστε  τε ἅμα καί βρέχω  ὁ πυρός .
185689	tlg0057.tlg095.1st1K-grc1	ἀναφερομένου δὲ ἐκ τοῦ ὕδατος τοῦ πλοκάμου τὸ μὲν πλεῖστον ἀποῤῥεῖ ἀπὸ τῆς ὑγρότητος, ἀπομένει δὲ πρὸς τοῖς πυροῖς τοσοῦτον, ὅσον ἀλουμένοις ἐπιτήδειόν ἐστιν.	ἀναφέρω δέ ἐκ ὁ ὕδωρ ὁ  ὁ μέν πλεῖστος  ἀπό ὁ ὑγρότης ,  δέ πρός ὁ  τοσοῦτος , ὅσος  ἐπιτήδειος εἰμί .
185690	tlg0057.tlg095.1st1K-grc1	εἰ γὰρ μὴ βραχείη τὸ περικείμενον ἔξωθεν αὐτοῖς λέμμα, τὸ τοιοῦτον δέρμα σύμφυτον εἰς λεπτὰ καταθραύεται κατὰ τὰς μύλας καὶ οὕτως ἐν τῷ διαττᾶσθαι συνδιεξέρχεταί τι τοῦ καταθραυσθέντος τῷ ἀλεύρῳ·	εἰ γάρ μή  ὁ  ἔξωθεν αὐτός λέμμα , ὁ  δέρμα σύμφυτος εἰς   κατά ὁ μύλη καί οὕτως ἐν τῷ διαττάω  τι ὁ  ὁ  ·
185691	tlg0057.tlg095.1st1K-grc1	τοῦ δὲ προβραχέντος πυροῦ τὸ πυρῶδες ἁδρομερὲς μένον οὐ συνδιαττᾶται καὶ κατὰ τοῦτο καθαρώτερον γίγνεται τὸ ἄλευρον ἐκ τοῦ βεβρέχθαι τοὺς πυρούς.	ὁ δέ   ὁ πυρώδης   οὐ  καί κατά οὗτος καθαρός γίγνομαι ὁ  ἐκ ὁ βρέχω ὁ πυρός .
185692	tlg0057.tlg095.1st1K-grc1	ἔνδοθεν δέ φησι πλυτῷ καὶ γλίσχρῳ τῷ σητανίῳ πυρῷ τὸ μετὰ τοῦ δέρματος, ὅπερ οἷον σάρξ ἐστιν αὐτοῦ τὸ κατεργασθὲν, ὡς εἶπον, ἄλευρον ἱκανῶς γίγνεται γλίσχρον.	ἔνδον δέ φημί  καί  τῷ   ὁ μετά ὁ δέρμα , ὅς οἷος  εἰμί αὐτός ὁ κατεργάζομαι , ὡς λέγω ,  ἱκανός γίγνομαι  .
185693	tlg0057.tlg095.1st1K-grc1	ἡγοῦμαι τοίνυν αὐτὸν ὠνομακέναι πλυτὸν ἄλευρον, ὅταν ἐκ τῶν οὕτως κεκαθαρμένων τε καὶ προβεβρεγμένων γένηται πυρῶν.	τοίνυν αὐτός ὀνομάζω   , ὅταν ἐκ ὁ οὕτως  τε καί  γίγνομαι πυρός .
185694	tlg0057.tlg095.1st1K-grc1	εἰ γὰρ μὴ τοῦτό τις ἀκούσειεν, ἀπολείπεται πλυτὸν ἄλευρον ἀκούειν ἡμᾶς, ὅταν οὖν ὕδατι βρέξαντες αὐτὸ καὶ κινήσαντες πολυειδῶς, εἶτα ἐάσαντες καταστῆναι τὸ ἐποχούμενον, ἄνωθεν ὕδωρ ἀπολαμβάνοντες ἑψήσωμεν, ὅπερ ἐπὶ τοῦ χόνδρου ποιοῦμεν·	εἰ γάρ   τις ἀκούω , ἀπολείπω   ἀκούω  , ὅταν οὖν ὕδωρ  αὐτός καί κινέω πολυειδής , εἶτα ἐάω καθίστημι ὁ  , ἄνωθεν ὕδωρ ἀπολαμβάνω  , ὅς ἐπί ὁ χόνδρος ποιέω ·
185695	tlg0057.tlg095.1st1K-grc1	ἀλλὰ μάχεται τούτῳ τὸ κελεύειν αὐτὸν φυρᾷν τὸ ἄλευρον, ἕψον γὰρ εἰρήκει.	ἀλλά μάχομαι οὗτος ὁ κελεύω αὐτός φυράω ὁ ἄλευρον ,  γάρ λέγω .
185696	tlg0057.tlg095.1st1K-grc1	καὶ οὐ φυρᾶται δὲ τὸ οὕτως ὑγρὸν, ἀλλ’ ἕψεται μόνον.	καί οὐ  δέ ὁ οὕτως ὑγρός , ἀλλά ἕπομαι μόνος .
185697	tlg0057.tlg095.1st1K-grc1	ἔτι δ’ ἂν μᾶλλον ὃ λέγει διὰ τῆς πεφυρημένῳ λέξεως κατανοήσαιμεν.	ἔτι  ἄν μᾶλλον ὁ λέγω διά ὁ φυράω λέξις  .
185698	tlg0057.tlg095.1st1K-grc1	Χρὴ δὲ, ἢν μὲν ἀγαθὸν ᾖ τῶν πυρῶν τὸ ἄλητον καὶ εὐόλκιμον, τούτῳ χρέεσθαι πάντα τὰ τοιαῦτα·	χρή δέ , ἐάν μέν ἀγαθός εἰμί ὁ πυρός ὁ  καί εὐόλκιμος , οὗτος χράομαι πᾶς ὁ τοιοῦτος ·
185699	tlg0057.tlg095.1st1K-grc1	ἢν δὲ μὴ πάνυ ὅλκιμον ᾖ, ἐς ὀλίγην μάνναν ὕδατι ὡς λειοτάτην διέντα, τούτῳ φυρᾷν τὸ ἄλητον ἢ κόμμι πάνυ ὀλίγου ὡσαύτως μίσγειν.	ἐάν δέ μή πάνυ ὅλκιμος εἰμί , εἰς ὀλίγος μάννα ὕδωρ ὡς λεῖος  , οὗτος  ὁ  ἤ  πάνυ ὀλίγος ὡσαύτως μείγνυμι .
185700	tlg0057.tlg095.1st1K-grc1	ὁκόσοισι μὲν οὖν ῥὶς ἐς τὸ σιμὸν ῥέπουσα καταγῇ, ἢν μὲν ἐκ τοῦ ἔμπροσθεν μέρεος κατὰ τὸν χόνδρον ἵζηται, οἶόν τέ ἐστι καὶ ἐντιθέναι τι διόρθωμα εἰς τοὺς μυκτῆρας·	ὁπόσος μέν οὖν  εἰς ὁ  ῥέπω  , ἐάν μέν ἐκ ὁ ἔμπροσθεν μέρος κατά ὁ χόνδρος ἵζω ,  σύ εἰμί καί  τι διόρθωμα εἰς ὁ μυκτήρ ·
185701	tlg0057.tlg095.1st1K-grc1	ἢν δὲ μὴ, ἀνορθοῦν μὲν χρὴ πάντα τὰ τοιαῦτα, τοὺς δακτύλους ἐς τοὺς μυκτῆρας ἐντιθέντα, ἢν ἐνδέχηται.	ἐάν δέ μή , ἀνορθόω μέν χρή πᾶς ὁ τοιοῦτος , ὁ δάκτυλος εἰς ὁ μυκτήρ  , ἐάν ἐνδέχομαι .
185702	tlg0057.tlg095.1st1K-grc1	Ἀγαθοὺς πυροὺς τοὺς ἀρίστους δηλονότι λέγει.	πυρός ὁ ἄριστος  λέγω .
185703	tlg0057.tlg095.1st1K-grc1	ταύτην γὰρ οἱ παλαιοὶ τὴν προσηγορίαν ἐπιφέρειν εἰθισμένοι κατὰ παντὸς τοῦ πρώτου ὄντος ἐν τῷ οἰκείῳ γένει.	οὗτος γάρ ὁ παλαιός ὁ προσηγορία ἐπιφέρω ἐθίζω κατά πᾶς ὁ πρῶτος εἰμί ἐν ὁ οἰκεῖος γένος .
185704	tlg0057.tlg095.1st1K-grc1	λέγουσι δὲ καὶ νῦν ἅπαντες οἱ περὶ τὴν σιτοποιίαν ἀρίστους εἶναι πυροὺς τοὺς πυκνοὺς τὴν οὐσίαν.	λέγω δέ καί νῦν ἅπας ὁ περί ὁ  ἄριστος εἰμί πυρός ὁ πυκνός ὁ οὐσία .
185705	tlg0057.tlg095.1st1K-grc1	οἱ γὰρ χαῦνοι πολὺ τὸ πιτυρῶδες ἔχουσι καὶ τὸ σταῖς αὐτῶν οὐ γίγνεται γλίσχρον, ὡς καὶ μυῶν.	ὁ γάρ  πολύς ὁ  ἔχω καί ὁ σταῖς αὐτός οὐ γίγνομαι  , ὡς καί μῦς .
185706	tlg0057.tlg095.1st1K-grc1	ὅλκιμον δὲ ὠνόμασε τὸ γλίσχρον ἀπὸ τοῦ συμβεβηκότος, ἐπειδὴ τεινόντων ἡμῶν αὐτὸ πρὸς τἀναντία μέρη, συνεχὲς μὲν οὐ διασπώμενον τοῦ μὴ γλίσχρου φθάνοντος διασπᾶσθαι κατὰ τὰς τοιαύτας ἐνεργείας.	ὅλκιμος δέ ὀνομάζω ὁ  ἀπό ὁ συμβαίνω , ἐπεί τείνω ἐγώ αὐτός πρός ἐναντίος μέρος , συνεχής μέν οὐ διασπάω ὁ μή  φθάνω διασπάω κατά ὁ τοιοῦτος ἐνέργεια .
185707	tlg0057.tlg095.1st1K-grc1	εἰ δὲ διασπᾶται, πῶς ἄν τις ἕπεσθαι φαίηται τεινούσαις χερσὶ αὐτό;	εἰ δέ διασπάω , πῶς ἄν τις    χείρ αὐτός ;
185708	tlg0057.tlg095.1st1K-grc1	εἰ δ’ οὐχ ἕπεται, πῶς ἂν ὅλκιμον ἔτι λεχθείη;	εἰ  οὐ  , πῶς ἄν ὅλκιμος ἔτι λέγω ;
185709	tlg0057.tlg095.1st1K-grc1	τό γε μὴν ἀδιάσπαστον καὶ συνεχὲς γενόμενον εἰκότως ἄν τις ὅλκιμον ὀνομάζοι, καθάπερ καὶ τὸν ἰξόν.	ὁ γε μήν ἀδιάσπαστος καί συνεχής γίγνομαι εἰκός ἄν τις ὅλκιμος ὀνομάζω , καθά καί ὁ ἰξός .
185710	tlg0057.tlg095.1st1K-grc1	ἐπὶ πλεῖστον γὰρ οὗτος ἕλκεται πρὸς τἀναντία μέρη διαλαμβανόμενος ὑπὸ τῶν ἡμετέρων χειρῶν, ὥστε καὶ ἐκ τούτων δῆλός ἐστιν ὁ Ἱπποκράτης γλίσχρον ἀξιῶν εἶναι τὸ σταῖς, ὅπου γε καὶ ὅταν μὴ τοιοῦτον ᾖ, μάνναν αὐτῷ προσβάλλειν ἢ κόμμι κελεύει.	ἐπί πλεῖστος γάρ οὗτος ἕλκω πρός ἐναντίος μέρος  ὑπό ὁ ἡμέτερος χείρ , ὥστε καί ἐκ οὗτος δῆλος εἰμί ὁ Ἱπποκράτης γλίσχρος ἀξιάω εἰμί ὁ σταῖς , ὅπου γε καί ὅταν μή  εἰμί , μάννα αὐτός προσβάλλω ἤ  κελεύω .
185711	tlg0057.tlg095.1st1K-grc1	μάννα δὲ καλεῖται τὸ ὑπόσεισμα τοῦ λιβανωτοῦ.	δέ καλέω ὁ  ὁ λιβανωτός .
185712	tlg0057.tlg095.1st1K-grc1	μὴ παρούσης δὲ μάννης αὐτὸν λειώσεις δηλονότι τὸν λιβανωτὸν, καὶ τούτου πάλιν αὐτοῦ τὸν λιπαρώτερον ἐκλεξάμενος.	μή  δέ μάννα αὐτός   ὁ λιβανωτός , καί οὗτος πάλιν αὐτός ὁ   .
185713	tlg0057.tlg095.1st1K-grc1	ἐγὼ δέ ποτε μήτε λιβανωτοῦ μήτε κόμμεως εὐπορῶν ἐχρησάμην ὑγρᾷ ῥητίνῃ, παρέτυχε γάρ πως αὕτη.	δέ ποτε μήτε λιβανωτός μήτε  εὐπορέω χράομαι ὑγρός ῥητίνη , παρατυγχάνω γάρ πως οὗτος .
185714	tlg0057.tlg095.1st1K-grc1	χρήσαιο δ’ ἄν ποτε καὶ μέλιτι, μηδὲ ταύτης παρούσης, ἀλλ’ ἄμεινον ἐπὶ τὴν μάνναν ἔρχεσθαι καὶ τὸ κόμμι.	ἄν ποτε καί μέλι , μηδέ οὗτος πάρειμι , ἀλλά ἀμείνων ἐπί ὁ μάννα ἔρχομαι καί ὁ  .
185715	tlg0057.tlg095.1st1K-grc1	θερμαίνει γάρ πως τό γε μέλι καὶ ἡ ῥητίνη.	θερμαίνω γάρ πως ὁ γε μέλι καί ὁ ῥητίνη .
185716	tlg0057.tlg095.1st1K-grc1	τὰ δὲ τοιαῦτα παρὰ τὰς ἀρχάς ἐστιν ἄχρηστα.	ὁ δέ τοιοῦτος παρά ὁ ἀρχή εἰμί ἄχρηστος .
185717	tlg0057.tlg095.1st1K-grc1	προϊόντος μὲν οὖν τοῦ χρόνου καὶ μένοντος τοῦ λειψάνου τῆς φλεγμονῆς ταῦτα γίγνεται τῶν ἄλλων χρησιμώτερα.	πρόειμι μέν οὖν ὁ χρόνος καί μένω ὁ  ὁ φλεγμονή οὗτος γίγνομαι ὁ ἄλλος χρήσιμος .
185718	tlg0057.tlg095.1st1K-grc1	καθάπερ οὖν ἐμνημόνευσεν ἔμπροσθεν, σκύτους Αἰγυπτίου μὲν πρῶτον, αὖθις δὲ Καρχηδονίου παράδειγμα τῷ λόγῳ ποιούμενος, οὕτω καὶ νῦν τοὺς σητανίους ὠνόμασε πυροὺς, ὡς καὶ οὕτως εἶπεν·	καθά οὖν μνημονεύω  ,   μέν πρῶτος , αὖθις δέ Καρχηδόνιος παράδειγμα τῷ λόγος ποιέω , οὕτως καί νῦν ὁ  ὀνομάζω πυρός , ὡς καί οὕτως λέγω ·
185719	tlg0057.tlg095.1st1K-grc1	ἀλεύρῳ χρῆσθαι γλίσχρας αὐτὰς ἐργαζομένῳ, οἷόν περ ἐργάζονται οἱ σητάνιοι πυροί.	χράω2  αὐτός  ,  περ ἐργάζομαι ὁ  πυρός .
185720	tlg0057.tlg095.1st1K-grc1	τάχα δὲ πάντας ὀνομάζει σητανίους οἷς συμβέβηκε πυκνοῖς τε εἶναι καὶ γλίσχρον ἔχειν τὸ ἄλευρον, ὡς ἀπὸ τοῦ συμβεβηκότος μᾶλλον αὐτοῖς εἶναι τὴν προσηγορίαν, οὐκ ἀπό τινος ἰδίας ἐξαιρέτου.	τάχα δέ πᾶς ὀνομάζω  ὅς συμβαίνω πυκνός τε εἰμί καί  ἔχω ὁ  , ὡς ἀπό ὁ συμβαίνω μᾶλλον αὐτός εἰμί ὁ προσηγορία , οὐ ἀπό τις ἴδιος  .
185721	tlg0057.tlg095.1st1K-grc1	Ἢν δὲ μὴ παχὺ ὑπάλειπτρον μὴ ἐς τὸ ἔμπροσθεν τῆς ῥινὸς ἀπάγοντα τοῖσι δακτύλοισιν, ἀλλ’ ᾖ ἵδρυται.	δέ μή παχύς ὑπάλειπτρον μή εἰς ὁ ἔμπροσθεν ὁ ῥίς ἀπάγω ὁ δάκτυλος , ἀλλά εἰμί ἱδρύω .
185722	tlg0057.tlg095.1st1K-grc1	ἔξωθεν δὲ τῆς ῥινὸς ἔνθεν καὶ ἔνθεν ἀμφιλαμβάνοντα τοῖσι δακτύλοισι συναναγκάζειν τε ἅμα καὶ ἀναφέρειν ἐς τὸ ἄνω.	ἔξωθεν δέ ὁ ῥίς ἔνθεν καί ἔνθεν ἀμφιλαμβάνω ὁ δάκτυλος συναναγκάζω τε ἅμα καί ἀναφέρω εἰς ὁ ἄνω2 .
185723	tlg0057.tlg095.1st1K-grc1	καὶ ἢν μὲν πάνυ ἐς τὸ ἔμπροσθεν τὸ κάτηγμα ἔῃ, οἷόν τέ τι καὶ εἴσω τῶν μυκτήρων ἐντιθέναι, ὥσπερ ἤδη εἴρηται, ἄχνην τὴν ἀφ’ ἡμιτυβίου ἢ ἄλλο τι τοιοῦτον ἐν ὀθονίῳ εἱλίσσοντα, μᾶλλον δὲ ἐν Καρχηδονίῳ δέρματι ἐῤῥάψαντα, σχηματίσαντα τὸ ἁρμόσσον σχῆμα τῷ χωρίῳ, ἵνα ἐγκείσεται.	καί ἐάν μέν πάνυ εἰς ὁ ἔμπροσθεν ὁ κάταγμα2 εἰμί ,  σύ τι καί  ὁ μυκτήρ  , ὥσπερ ἤδη λέγω , ἄχνη ὁ ἀπό  ἤ ἄλλος τις  ἐν ὀθόνιον εἱλίσσω , μᾶλλον δέ ἐν  δέρμα ἐνράπτω , σχηματίζω ὁ  σχῆμα τῷ χωρίον , ἵνα ἔγκειμαι .
185724	tlg0057.tlg095.1st1K-grc1	ἢν μέντοι προσωτέρω ᾖ τὸ κάτηγμα, οὐδὲν οἷόν τε εἴσω ἐντιθέναι·	ἐάν  πρόσω εἰμί ὁ κάταγμα2 , οὐδείς  τε   ·
185725	tlg0057.tlg095.1st1K-grc1	καὶ γὰρ εἰ ἐν τῷ ἔμπροσθεν ἀσηρὸν τὸ φόρημα, πῶς γε δὴ οὐκ ἐν τῷ ἐσωτέρω;	καί γάρ εἰ ἐν τῷ ἔμπροσθεν ἀσηρός ὁ φόρημα , πῶς γε δή οὐ ἐν τῷ  ;
185726	tlg0057.tlg095.1st1K-grc1	τὸ μὲν οὖν πρῶτον καὶ ἔσωθεν ἀναπλάσσεσθαι καὶ ἔξωθεν ἀφειδήσαντα χρὴ ἀνάγειν ἐς τὴν ἀρχαίαν φύσιν καὶ διαρθρώσασθαι.	ὁ μέν οὖν πρῶτος καί ἔσωθεν ἀναπλάσσω καί ἔξωθεν ἀφειδέω χρή ἀνάγω εἰς ὁ ἀρχαῖος φύσις καί διαρθρόω .
185727	tlg0057.tlg095.1st1K-grc1	κάρτα γάρ οἱ ἥ τε ῥὶς καταγεῖσα ἀναπλάσσεται, μάλιστα μὲν αὐθήμερος·	κάρτα γάρ ἕ ὁ τε ῥίς κατάγνυμι  , μάλιστα μέν αὐθήμερος ·
185728	tlg0057.tlg095.1st1K-grc1	ἢν δὲ μὴ, ὀλίγῳ ὕστερον, ἀλλὰ καταβλακεύουσιν οἱ ἰητροὶ καὶ ἁπαλωτέρως τὸ πρῶτον ἅπτονται ἢ ὡς χρή.	ἐάν δέ μή , ὀλίγος ὕστερον , ἀλλά καταβλακεύω ὁ ἰατρός καί  ὁ πρῶτος ἅπτω ἤ ὡς χρή .
185729	tlg0057.tlg095.1st1K-grc1	παραβάλλοντα γὰρ τοὺς δακτύλους χρὴ ἔνθεν καὶ ἔνθεν κατὰ τὴν φύσιν τῆς ῥινὸς ὡς κατωτάτω κάτωθεν συναναγκάζειν, καὶ οὕτως μάλιστα ἀνορθοῦνται σὺν τῴ ἔσωθεν διορθώσει διορθοῦντα.	παραβάλλω γάρ ὁ δάκτυλος χρή ἔνθεν καί ἔνθεν κατά ὁ φύσις ὁ ῥίς ὡς  κάτωθεν συναναγκάζω , καί οὕτως μάλιστα  σύν  ἔσωθεν διορθόω διορθόω .
185730	tlg0057.tlg095.1st1K-grc1	ἔπειτα δὲ ἐς ταῦτα ἰητρὸς οὐδεὶς ἄλλος τοιοῦτός ἐστιν, εἰ ἐθέλοι μελετᾷν καὶ τολμᾷν, ὡς οἱ αὐτοῦ δάκτυλοι οἱ λιχανοί·	ἔπειτα δέ εἰς οὗτος   ἄλλος τοιοῦτος εἰμί , εἰ ἐθέλω  καί  , ὡς ἕ αὐτός  ὁ  ·
185731	tlg0057.tlg095.1st1K-grc1	οὗτοι γὰρ κατὰ φύσιν μάλιστά εἰσι.	οὗτος γάρ κατά φύσις μάλιστα εἰμί .
185732	tlg0057.tlg095.1st1K-grc1	παραβάλλοντα γὰρ χρὴ τῶν δακτύλων ἑκάτερον παρὰ πᾶσαν τὴν ῥῖνα ἐρείδοντα ἡσύχως οὕτως ἔχειν, μάλιστα μὲν εἰ οἷόν τε εἴη ἀεὶ ἔστ’ ἂν κρατηθῇ, εἰ δὲ μὴ, ὡς πλεῖστον χρόνον, ὡς εἴρηται·	παραβάλλω γάρ χρή ὁ δάκτυλος ἑκάτερος παρά πᾶς ὁ ῥίς ἐρείδω ἥσυχος οὕτως ἔχω , μάλιστα μέν εἰ  τε εἰμί ἀεί  ἐάν κρατέω , εἰ δέ μή , ὡς πλεῖστος χρόνος , ὡς λέγω ·
185733	tlg0057.tlg095.1st1K-grc1	εἰ δὲ μὴ, ἢ παῖδα ἢ γυναῖκά τινα.	εἰ δέ μή , τίη παῖς ἤ γυνή  .
185734	tlg0057.tlg095.1st1K-grc1	μαλθακὰς γὰρ τὰς χεῖρας δεῖ εἶναι οὕτως, ὡς ἂν κάλλιστα ἰητρευθείη ἡ ῥὶς, ὅτε μὴ ἐς τὸ σκολιὸν, ἀλλ’ ἐς τὸ κάτω ἱδρυμένη εἴη ἰσόῤῥοπος.	γάρ ὁ χείρ δέω εἰμί οὕτως , ὡς ἄν κάλλιστα ἰατρεύω ὁ  , ὅτε μή εἰς ὁ σκολιός , ἀλλά εἰς ὁ κάτω  εἰμί  .
185735	tlg0057.tlg095.1st1K-grc1	ἐγὼ μὲν οὖν οὐδεμίαν που ῥῖνα εἶδον, ἥτις οὕτω κατεαγεῖσα οὐχ οἵη τε διαρθρωθῆναι αὐτίκα, πρὶν πωρωθῆναι συναγκαζομένη ἐγένετο, εἴ τις ὀρθῶς ἐθέλοι ἰητρεύειν.	μέν οὖν οὐδείς που ῥίς ὁράω , ὅστις οὕτως κατάγνυμι οὐ οἷος τε  αὐτίκα , πρίν πωρόω  γίγνομαι , εἰ τις ὀρθός ἐθέλω ἰατρεύω .
185736	tlg0057.tlg095.1st1K-grc1	ἀλλ’ οἱ ἄνθρωποι αἰσχροὶ μὲν εἶναι πολλοῦ ἀποτιμῶσι·	ἀλλά ὁ ἄνθρωπος αἰσχρός μέν εἰμί πολύς  ·
185737	tlg0057.tlg095.1st1K-grc1	μελετᾷν δὲ ἅμα μὲν οὐκ ἐπίστανται, ἅμα δὲ οὐ τολμέουσιν, ἢν μὴ ὀδυνῶνται ἢ θάνατον δεδοίκασι, καίτοι ὀλιγοχρόνιος ἡ πώρωσις τῆς ῥινός.	δέ ἅμα μέν οὐ ἐφίστημι , ἅμα δέ οὐ τολμάω , ἐάν μή ὀδυνάω τίη θάνατος δείδω ,  ὀλιγοχρόνιος ὁ πώρωσις ὁ ῥίς .
185738	tlg0057.tlg095.1st1K-grc1	ἐν γὰρ δέκα ἡμέρῃσι κρατύνεται, ἢν μὴ ἐπισφακελίσῃ.	ἐν γάρ δέκα ἡμέρα κρατύνω , ἐάν μή ἐπισφακελίζω .
185739	tlg0057.tlg095.1st1K-grc1	ὁκόσοισι δὲ τὸ ὀστέον ἐς τὸ πλάγιον κατάγνυται, ἡ μὲν ἴησις αὕτη, τὴν δὲ διάρθρωσιν δηλονότι χρὴ ποιέεσθαι οὐκ ἰσόῤῥοπον ἀμφοτέρωθεν, ἀλλὰ τότε ἐγκεκλιμένον ὠθέειν ἐς τὴν φύσιν ἔκτοσθεν ἀναγκάζοντα καὶ ἐσματτευόμενον ἐς τοὺς μυκτῆρας καὶ τὰ εἴσω ῥεύσαντα διορθοῦν ἀόκνως ἔστ’ ἂν κατορθώσῃ, εὖ εἰδότα ὅτι ἢν μὴ αὐτίκα κατορθώσηται, οὐχ οἷόν τε μὴ καὶ διεστράφθαι τὴν ῥῖνα.	ὁπόσος δέ ὁ ὀστέον εἰς ὁ πλάγιος κατάγνυμι , ὁ μέν ἴασις οὗτος , ὁ δέ   χρή ποιέω οὐ  ἀμφότερος , ἀλλά τότε ἐγκλίνω ὠθέω εἰς ὁ φύσις ἐκτός ἀναγκάζω καί  εἰς ὁ μυκτήρ καί ὁ εἴσω ῥέω διορθόω ἄοκνος  ἐάν κατορθόω , εὖ οἶδα ὅτι2 ἐάν μή αὐτίκα  , οὐ  τε μή καί διαστρέφω ὁ ῥίς .
185740	tlg0057.tlg095.1st1K-grc1	ὅταν δὲ ἀγάγῃς ἐς τὴν φύσιν, προβαλόντα χρὴ ἐς τὸ χωρίον ἢ τοὺς δακτύλους ἢ τὸν ἕνα δάκτυλον, ᾗ ἐξέσχεν, ἀνακωχέειν ἢ αὐτὸν ἢ ἄλλον τινὰ, ἔστ’ ἂν κρατυνθῇ τὸ τρῶμα.	ὅταν δέ ἄγω εἰς ὁ φύσις ,  χρή εἰς ὁ χωρίον ἤ ὁ δάκτυλος τίη ὁ  δάκτυλος , ὅς ἐξέχω , ἀνακωχέω τίη αὐτός ἤ ἄλλος  ,  ἀνά κρατύνω ὁ τραῦμα .
185741	tlg0057.tlg095.1st1K-grc1	ἀτὰρ καὶ ἐς τὸν μυκτῆρα τὸν μικρὸν δάκτυλον ἀπωθέοντα ἄλλοτε καὶ ἄλλοτε διορθοῦν χρὴ﻿ τὰ ἐκκριθέντα.	καί εἰς ὁ μυκτήρ ὁ μικρός δάκτυλος ἀπωθέω ἄλλος καί ἄλλος διορθόω χρή ﻿ ὁ ἐκκρίνω .
185742	tlg0057.tlg095.1st1K-grc1	ὅτι δ’ ἂν φλεγμονῆς ὑπογίνεται τούτοισι, χρὴ τῷ σταιτὶ χρέεσθαι·	ὅτι2  ἄν φλεγμονή ὑπογίγνομαι οὗτος , χρή τῷ  χράομαι ·
185743	tlg0057.tlg095.1st1K-grc1	τοῖσι μέντοι δακτύλοισι προσέχειν χρὴ ὁμοίως καὶ τοῦ σταιτὸς ἐπικειμένου.	ὁ μέντοι δάκτυλος προσέχω χρή ὅμοιος καί ὁ σταῖς  .
185744	tlg0057.tlg095.1st1K-grc1	ἢν δέ που κατὰ τὸν χόνδρον ἐς τὰ πλάγια καταγῇ, ἀνάγκη τὴν ῥῖνα ἄκρην μετεστράφθαι.	ἐάν δέ που κατά ὁ χόνδρος εἰς ὁ πλάγιον κατάγνυμι , ἀνάγκη ὁ ῥίς ἄκρος  .
185745	tlg0057.tlg095.1st1K-grc1	χρὴ οὖν τοῖσι τοιούτοισι ἐς τὸν μυκτῆρα ἄκρον διόρθωμά τι τῶν εἰρημένων ἢ ὅ τι τοιούτοισιν ἔοικεν ἐντιθέναι.	χρή οὖν ὁ τοιοῦτος εἰς ὁ μυκτήρ ἄκρον διόρθωμα  ὁ λέγω ἤ ὅς  τοιοῦτος ἔοικα  .
185746	tlg0057.tlg095.1st1K-grc1	πολλὰ δ’ ἄν τις εὕροι τὰ ἐπιτήδεια.	πολύς  ἄν τις εὑρίσκω ὁ ἐπιτήδειος .
185747	tlg0057.tlg095.1st1K-grc1	ὅσα μήτε ὀσμὴν ἴσχει μήτε ἄλλως προσηνέα ἐστίν.	ὅσος μήτε ὀσμή ἴσχω μήτε ἄλλος  εἰμί .
185748	tlg0057.tlg095.1st1K-grc1	ἐγὼ δέ ποτε πνεύμονος προβάτου ἀπότμημα ἐνέθηκα·	δέ ποτε   ἀπότμημα ἐντίθημι ·
185749	tlg0057.tlg095.1st1K-grc1	τοῦτο γάρ πως παρέτυχεν·	οὗτος γάρ πως παρατυγχάνω ·
185750	tlg0057.tlg095.1st1K-grc1	οἱ γὰρ σπόγγοι ἐντιθέμενοι ὑγράσματα δέχονται.	ὁ γάρ σπόγγος  ὕγρασμα δέχομαι .
185751	tlg0057.tlg095.1st1K-grc1	Εἰ μὴ δυνατὸν, φησὶν, εἴη ἐντιθέναι τῇ ῥινὶ τοὺς δακτύλους, ὑπαλείπτρῳ χρηστέον.	εἰ μή δυνατός , φημί , εἰμί  ὁ ῥίς ὁ δάκτυλος , ὑπάλειπτρον χράομαι .
185752	tlg0057.tlg095.1st1K-grc1	ὀνομάζει δ’ οὕτως, ὡς ἤδη πρόσθεν εἶπον, ἅπαν ὅ τι ἂν ὑπαλείψειεν, οἷαίπερ εἰσὶ μίλαι τε καὶ σπαθομίλαι καὶ τὰ διαπύρινα κατὰ τὸ πέρας αὐτῶν ἔχοντα ταῦτα πάντα κεφαλὰς περιφερεῖς.	ὀνομάζω  οὕτως , ὡς ἤδη πρόσθεν λέγω , ἅπας ὅς  ἐάν  ,  εἰμί  τε καί  καί ὁ  κατά ὁ πέρας αὐτός ἔχω οὗτος πᾶς κεφαλή περιφερής .
185753	tlg0057.tlg095.1st1K-grc1	ὥσπερ δὲ ἐν τῷ καίειν τὴν μασχάλην ἐδεόμεθα λεπτοτάτων ὑπαλείπτρων, οὕτω νῦν παχέων ἐστὶ χρεία, ὁπότε γε καὶ τοῖς δακτύλοις, ὅταν ἐγχωρῇ, χρώμεθα, κἂν ἐντὸς εἰς τοὺς μυκτῆρας ὅσοιπερ ἂν αὐτῶν ἁρμόττωσι καὶ ὅσοι διαπλάττωσι τὸ κατεαγὸς μερὸς τῆς ῥινός.	ὥσπερ δέ ἐν τῷ καίω ὁ μασχάλη  λεπτός  , οὕτως νῦν  εἰμί χρεία , ὁπότε γε καί ὁ δάκτυλος , ὅταν ἐγχωρέω , χράω2 , ἐάν ἐντός εἰς ὁ μυκτήρ ὅσος ἀνά αὐτός  καί ὅσος  ὁ   ὁ ῥίς .
185754	tlg0057.tlg095.1st1K-grc1	ὅπερ δὲ προσήκει χρῆσθαι τῷ ὑπαλείπτρῳ σαφῶς αὐτὸς ἐδίδαξεν, ἀνάγειν αὐτὸ κελεύσας οὐ κατὰ τὸ πρόσθεν μέρος τῆς ῥινὸς, ἀλλὰ καθ’ ὃ μάλιστα καταπέπτωκεν εἰς τὴν κοιλότητα τὸ κατεαγὸς αὐτῆς.	ὅς δέ προσήκω χράω2 τῷ ὑπάλειπτρον σαφής αὐτός διδάσκω , ἀνάγω αὐτός κελεύω οὐ κατά ὁ πρόσθεν μέρος ὁ ῥίς , ἀλλά κατά ὅς μάλιστα καταπίπτω εἰς ὁ κοιλότης ὁ  αὐτός .
185755	tlg0057.tlg095.1st1K-grc1	ἐκεῖνο γάρ ἐστι τὸ καὶ τῆς μοχλείας δεόμενον, ἵνα ὑψωθὲν.	γάρ εἰμί ὁ καί ὁ  δέω , ἵνα  .
185756	tlg0057.tlg095.1st1K-grc1	εἰς τὴν κατὰ φύσιν ἀφίκηται χώραν·	εἰς ὁ κατά φύσις ἀφικνέομαι χώρα ·
185757	tlg0057.tlg095.1st1K-grc1	οὐδὲ γὰρ οὐδ’ ἄλλο τι τὸ διαπλάττειν ἐστὶν ὁτιοῦν μέρος ἔξω τοῦ τὴν οἰκείαν ἑκάστῳ τῶν μερῶν αὐτοῦ διδόναι χώραν.	οὐδέ γάρ οὐδέ ἄλλος τις ὁ διαπλάσσω εἰμί ὁτιοῦν μέρος ἔξω ὁ ὁ οἰκεῖος ἕκαστος ὁ μέρος αὐτός δίδωμι χώρα .
185758	tlg0057.tlg095.1st1K-grc1	τὰ δ’ ἐφεξῆς τῆσδε τῆς ῥήσεως ἄχρι πολλοῦ πάντ’ ἐστὶ σαφῆ.	ὁ  ἐφεξῆς ὅδε ὁ  ἄχρι πολύς  εἰμί σαφής .
185759	tlg0057.tlg095.1st1K-grc1	Ἔπειτα χρὴ Καρχηδονίου λοιπὸν πλάτος ὡς τοῦ μεγάλου δακτύλου τετμημένον ἢ ὅκως ἂν ξυμφέρῃ, προσκολλῆσαι ἐς τὸ ἔκτοσθεν πρὸς τὸν μυκτῆρα τὸν ἐγκεκλισμένον, κἄπειτα κατατεῖναι τὸν ἱμᾶντα, ὅκως ἂν ξυμφέρῃ.	ἔπειτα χρή  λοιπός πλάτος ὡς ὁ μέγας  τέμνω ἤ ὅπως ἄν  , προσκολλάω εἰς ὁ ἐκτός πρός ὁ μυκτήρ ὁ  , ἔπειτα κατατείνω ὁ  , ὅπως ἄν  .
185760	tlg0057.tlg095.1st1K-grc1	μᾶλλον δὲ ὀλίγου τείνειν χρὴ, ὥστε ὀρθὴν καὶ ἀπαρτῆ τὴν ῥῖνα εἶναι·	μᾶλλον δέ ὀλίγος τείνω χρή , ὥστε  καί ἀπαρτής ὁ ῥίς εἰμί ·
185761	tlg0057.tlg095.1st1K-grc1	ἔπειτα, μακρὸς γὰρ ἔστω ὁ ἱμὰς, κάτωθεν τοῦ ὠτὸς ἀγαγόντα αὐτὸν ἀναγαγεῖν περὶ τὴν κεφαλήν.	ἔπειτα , μακρός γάρ εἰμί ὁ ἱμάς , κάτωθεν ὁ  ἄγω αὐτός ἀνάγω περί ὁ κεφαλή .
185762	tlg0057.tlg095.1st1K-grc1	καὶ ἔξεστι μὲν κατὰ τὸ μέτωπον προσκολλῆσαι τὴν τελευτὴν τοῦ ἱμᾶντος, ἔξεστι δὲ μακρότερον ἄγειν, ἔπειτα περιελίσσοντα περὶ τὴν κεφαλὴν καταδεῖν.	καί ἔξεστι μέν κατά ὁ μέτωπον προσκολλάω ὁ τελευτή ὁ  , ἔξεστι δέ μακρός ἄγω , ἔπειτα  περί ὁ κεφαλή καταδέω .
185763	tlg0057.tlg095.1st1K-grc1	τοῦτο ἅμα μὲν δικαίην τὴν διόρθωσιν ἔχει, ἅμα δὲ εὐταμίευτον καὶ μᾶλλον, ἢν ἐθέλῃ, καὶ ἧσσον τὴν ἀντιῤῥοπὴν ποιῆσαι τῆς ῥινός·	οὗτος ἅμα μέν δίκαιος ὁ διόρθωσις ἔχω , ἅμα δέ εὐταμίευτος καί μᾶλλον , ἐάν ἐθέλω , καί ἥσσων ὁ  ποιέω ὁ ῥίς ·
185764	tlg0057.tlg095.1st1K-grc1	καὶ γὰρ ὁκόσοισι ἐς τὸ πλάγιον ἡ ῥὶς κατάγνυται, τὰ μὲν ἄλλα ἰητρεύειν χρὴ, ὡς προείρηται, προσδέεται δὲ τοῖσι πλείστοισι καὶ τοῦ ἱμᾶντος πρὸς ἄκρην τὴν ῥῖνα προσκολλῆσαι τῆς ἀντιῤῥοπίης εἵνεκα.	καί γάρ  εἰς ὁ πλάγιον ὁ  κατάγνυμι , ὁ μέν  ἰατρεύω χρή , ὡς  , προσδέω2 δέ ὁ πλεῖστος καί ὁ  πρός ἄκρος ὁ ῥίς προσκολλάω ὁ ἀντιρροπία ἕνεκα .
185765	tlg0057.tlg095.1st1K-grc1	ὅσοισι δὲ σὺν τῇ κατήξει καὶ ἕλκεα προσγίνεται, οὐδὲν δεῖ ταράσσεσθαι διὰ τοῦτο, ἀλλ’ ἐπὶ μὲν τὰ ἕλκεα ἐπιτιθέναι πισσηρὴν ἢ τῶν ἐναίμων τι, εὐαλθέα γὰρ τὰ τοιαῦτα·	ὅσος δέ σύν ὁ καθήκω καί ἕλκος  ,  δέω ταράσσω διά οὗτος , ἀλλά ἐπί μέν ὁ ἕλκος ἐπιτίθημι πισσηρός ἤ ὁ ἔναιμος τις , εὐαλθής γάρ ὁ τοιοῦτος ·
185766	tlg0057.tlg095.1st1K-grc1	ὁμοίως κἂν ὀστέα μέλλῃ ἀπιέναι, τήν τε διόρθωσιν τὴν πρώτην ἀόκνως χρὴ ποιέεσθαι μηδὲν ἐπιλείποντα καὶ τὰς διορθώσιας τοῖσι δακτύλοισιν ἐν τῷ ἔπειτα χρόνῳ, χαλαρωτέροισι μὲν γὰρ χρώμενον, χεόμενον δέ.	ὅμοιος ἐάν ὀστέον  ἄπειμι2 , ὁ τε διόρθωσις ὁ πρῶτος ἄοκνος χρή ποιέω  ἐπιλείπω καί ὁ διόρθωσις ὁ δάκτυλος ἐν τῷ ἔπειτα χρόνος ,  μέν γάρ χράω2 , χέω δέ .
185767	tlg0057.tlg095.1st1K-grc1	εὐπλαστότατον γὰρ τι παντὸς τοῦ σώματος ἡ ῥίς ἐστι.	εὔπλαστος γάρ τι πᾶς ὁ σῶμα ὁ ῥίς εἰμί .
185768	tlg0057.tlg095.1st1K-grc1	τῶν δὲ ἱμάντων·	ὁ δέ ἱμάς ·
185769	tlg0057.tlg095.1st1K-grc1	τῇ κολλήσει καὶ τῇ ἀντιῤῥοπίῃ παντάπασιν οὐδὲν κωλύει χρῆσθαι, οὔτ’ ἢν ἑλκώσῃ οὔτ’ ἢν ἐπιφλεγμήνῃ, ἀλύπητοι γάρ εἰσι.	ὁ κολλάω καί ὁ ἀντιρροπία παντάπασι  κωλύω χράω2 ,  ἐάν   ἐάν ἐπιφλεγμαίνω ,  γάρ εἰμί .
185770	tlg0057.tlg095.1st1K-grc1	Διὰ τὴν ἀπαρτῆ φωνὴν σημαίνεται ἅπασα ἡ διὰ τῶν προσκολλημάτων ἀντίτασίς τε καὶ οἷον εὔθυσις τῆς διεστραμμένης ῥινός.	διά ὁ ἀπαρτής φωνή σημαίνω ἅπας ὁ διά ὁ   τε καί οἷος  ὁ διαστρέφω ῥίς .
185771	tlg0057.tlg095.1st1K-grc1	ὃ δὲ νῦν κελεύει ποιεῖν, ἀσθενὲς ἐφάνη μοι πειρωμένῳ·	δέ νῦν κελεύω ποιέω , ἀσθενής φαίνω  πειράω ·
185772	tlg0057.tlg095.1st1K-grc1	εἰ μὲν γὰρ ἰσχυρότερόν τε εἴη ὃ ἀποκολλᾶται καὶ ἀφίσταται μετρίως τείνοντος, οὐδὲν ἀξιόλογον περαίνεται.	εἰ μέν γάρ  τε ἐάω ὅς  καί ἀφίστημι μέτριος τείνω , οὐδείς ἀξιόλογος περαίνω .
185773	tlg0057.tlg095.1st1K-grc1	Ἢν δὲ οὖς κατεαγῇ, ἐπιδέσιες πᾶσαι πολέμιαι·	δέ οὖς  , ἐπίδεσις πᾶς πολέμιος ·
185774	tlg0057.tlg095.1st1K-grc1	οὐ γὰρ οὕτω τις χαλαρὸν περιβάλλοι·	οὐ γάρ οὕτως τις χαλαρός περιβάλλω ·
185775	tlg0057.tlg095.1st1K-grc1	ἢν δὲ μᾶλλον πιέζῃ, πλέον κακὸν ἐργάσεται, ἐπεὶ καὶ ὑγιὲς οὖς ἐπιδέσει πιεχθὲν, ὀδυνηρὸν καὶ σφυγματῶδες καὶ πυρετῶδες γίνεται.	ἐάν δέ μᾶλλον πιέζω , πλέως κακός ἐργάζομαι , ἐπεί καί ὑγιής οὖς  πιέζω , ὀδυνηρός καί  καί  γίγνομαι .
185776	tlg0057.tlg095.1st1K-grc1	Τῆς συνεχείας ἡ λύσις ἕλκος μὲν ἐν σαρκώδει μορίῳ, κάταγμα δὲ ἐν ὀστῷ καλεῖται.	συνέχεια ὁ λύσις ἕλκος μέν ἐν  μόριον , κάταγμα δέ ἐν  καλέω .
185777	tlg0057.tlg095.1st1K-grc1	τὸ δὲ ἐν χόνδρῳ γενόμενον οὐκ ἔχον ἰδίαν προσηγορίαν καταχρησάμενος ὁ Ἱπποκράτης τοῦ κατάγματος ὀνόματι προσηγόρευσεν.	ὁ δέ ἐν χόνδρος γίγνομαι οὐ ἔχω ἴδιος προσηγορία  ὁ Ἱπποκράτης ὁ  ὄνομα προσαγορεύω .
185778	tlg0057.tlg095.1st1K-grc1	Ἀτὰρ καὶ τὰ ἐπιπλάσματα κάκιστα μὲν τὰ βαρύτατα ἐπίπαν, ἀτὰρ καὶ τὰ πλεῖστα φλαῦρα καὶ ἀποστατικὰ καὶ μύξαν τε ὑποποιέει πλείω, κἄπειτα ἐκπυήσιας ἀσηρὰς, τούτων δὲ οὖς ἥκιστα κατεαγὲν προσδέεται.	καί ὁ ἐπίπλασμα κακός μέν ὁ βαρύς ἐπίπαν ,  καί ὁ πλεῖστος φλαῦρος καί ἀποστατικός καί μύζω τε ὑποποιέω πολύς , ἔπειτα   , οὗτος δέ οὖς ἥκιστος κατάγνυμι προσδέω2 .
185779	tlg0057.tlg095.1st1K-grc1	Οἷς ἀπεδείξαμεν ἐν τῇ τῆς θεραπευτικῆς μεθόδου πραγματείᾳ τὰ κατὰ μέρος ὁμολογεῖται πάντα.	ἀποδείκνυμι ἐν ὁ ὁ  μέθοδος πραγματεία ὁ κατά μέρος ὁμολογέω πᾶς .
185780	tlg0057.tlg095.1st1K-grc1	καὶ γὰρ καὶ νῦν ἐπὶ τῶν ἐπιπλασμάτων βλάπτεσθαί φησι τὸ οὖς ὁ Ἱπποκράτης, ὥσπερ καὶ φαίνεται διὰ τῆς ἐμπειρίας·	καί γάρ καί νῦν ἐπί ὁ ἐπίπλασμα βλάπτω φημί ὁ οὖς ὁ Ἱπποκράτης , ὥσπερ καί φαίνω διά ὁ ἐμπειρία ·
185781	tlg0057.tlg095.1st1K-grc1	ἱκανῶς γὰρ βούλεται ξηραίνεσθαι δὴ, ὅτι ξηρότατόν ἐστι τὴν φύσιν ἔχον.	ἱκανός γάρ βούλομαι ξηραίνω δή , ὅτι2  εἰμί ὁ φύσις ἔχω .
185782	tlg0057.tlg095.1st1K-grc1	ἆρ’ οὖν κἀκ δέρματος συγκείμενον.	οὖν ἐκ δέρμα  .
185783	tlg0057.tlg095.1st1K-grc1	ἐδείχθη ﻿ δὲ ἕκαστον μόριον εἰς ὅσον ἂν ξηρότερον εἰς τοσοῦτο τῆς ξηραντικωτέρας ἀγωγῆς δεόμενον.	δείκνυμι  δέ ἕκαστος  εἰς ὅσος ἄν ξηρός εἰς τοσοῦτος ὁ  ἀγωγή δέω .
185784	tlg0057.tlg095.1st1K-grc1	Ἄγχιστα μὲν, εἴπερ χρὴ, τὸ γλίσχρον ἄλητον, χρὴ δὲ μηδὲ τοῦ βάρος ἔχειν, ψαύειν δὲ ὡς ἥκιστα ξυμφέρει.	μέν , εἴπερ χρή , ὁ   , χρή δέ μηδέ ὁ βάρος ἔχω , ψαύω δέ ὡς ἥκιστος συμφέρω .
185785	tlg0057.tlg095.1st1K-grc1	ἀγαθὸν γὰρ ἐνίοτε φάρμακον καὶ τὸ μὴ φέρειν φάρμακον καὶ πρὸς οὖς καὶ πρὸς ἄλλα πολλά.	ἀγαθός γάρ ἐνίοτε φάρμακον καί ὁ μή φέρω φάρμακον καί πρός οὖς καί πρός  πολύς .
185786	tlg0057.tlg095.1st1K-grc1	χρὴ δὲ καὶ τὴν ἐπικοίμασιν φυλάττεσθαι, τὸ δὲ σῶμα ἰσχναίνειν καὶ μᾶλλον ᾧ ἂν κίνδυνος ἔῃ ἔμπυον τὸ οὖς γενέσθαι.	χρή δέ καί ὁ  φυλάσσω , ὁ δέ σῶμα ἰσχναίνω καί μᾶλλον ὅς ἀνά κίνδυνος εἰμί  ὁ οὖς γίγνομαι .
185787	tlg0057.tlg095.1st1K-grc1	ἄμεινον δὲ καὶ μαλθάξαι τὴν κοιλίην.	ἀμείνων δέ καί μαλθάζω ὁ κοιλία .
185788	tlg0057.tlg095.1st1K-grc1	Ἐγγυτάτω, φησὶν, ἐστὶ τοῦ μὴ βλάπτειν ἐπιπλαττόμενον τὸ γλίσχρον ἄλευρον.	, φημί , εἰμί ὁ μή βλάπτω  ὁ   .
185789	tlg0057.tlg095.1st1K-grc1	ἔστι γὰρ δῆλον ὅτι τοῦτο τῶν ἄλλων ξηραντικώτερον.	εἰμί γάρ δῆλος ὅτι2 οὗτος ὁ   .
185790	tlg0057.tlg095.1st1K-grc1	εἴρηται δὲ ὀλίγῳ ἔμπροσθεν ἡμῖν, ὁποῖον λέγει τὸ γλίσχρον ἄλητον, ἡνίκα τὸν περὶ τῆς καταπλαττομένης ῥινὸς ἐποιεῖτο λόγον.	λέγω δέ  ἔμπροσθεν ἐγώ , ὁποῖος λέγω ὁ   , ἡνίκα ὁ περί ὁ  ῥίς ποιέω λόγος .
185791	tlg0057.tlg095.1st1K-grc1	ὁμοιότατον δὲ τούτῳ ποιοῦσι κατάπλασμα τῇ πείρᾳ διδαχθέντες οἱ κατὰ παλαίστραν ἔχοντες ἐκ τοῦ χόνδρου, βρέχοντες αὐτὸν ὄξει μέχρι διοιδέσει καὶ οὕτως λεαίνοντες.	ὅμοιος δέ οὗτος ποιέω  ὁ πεῖρα διδάσκω ὁ κατά παλαίστρα ἔχω ἐκ ὁ  , βρέχω αὐτός ὄξος μέχρι  καί οὕτως λεαίνω .
185792	tlg0057.tlg095.1st1K-grc1	Ἢν δὲ καὶ εὐήμετος ἔῃ, ἐμέειν ἀπὸ συρμεσμοῦ.	δέ καί εὐήμετος εἰμί ,  ἀπό  .
185793	tlg0057.tlg095.1st1K-grc1	Συρμεσμοὺς δὲ ἐκάλουν οἱ παλαιοὶ τὰς μετρίας κενώσεις εἴτε διὰ τῆς ἕδρας εἴτε καὶ δι’ ἐμέτων γίγνοιντο.	δέ καλέω ὁ παλαιός ὁ μέτριος κένωσις εἴτε διά ὁ ἕδρα εἴτε καί διά  γίγνομαι .
185794	tlg0057.tlg095.1st1K-grc1	τοιούτων τινὰ κελεύει καὶ νῦν ποιεῖσθαι.	τοιοῦτος  κελεύω καί νῦν ποιέω .
185795	tlg0057.tlg095.1st1K-grc1	πολλαὶ δ’ ὗλαι τοῦτο περιεργάζονται·	πολύς  ὕλη οὗτος  ·
185796	tlg0057.tlg095.1st1K-grc1	καὶ γὰρ μέλι πλέον ληφθὲν αὐτὸ καὶ μελίκρατον ἀκρατέστερον καὶ πτισάνης χυλὸς ἐξ ὕδατος ἑψημένος μόνον καὶ αὐτὸς καθ’ ἑαυτὸν καὶ μετὰ μέλιτος.	καί γάρ μέλι πλέως λαμβάνω αὐτός καί   καί   ἐκ ὕδωρ  μόνος καί αὐτός κατά ἑαυτοῦ καί μετά μέλι .
185797	tlg0057.tlg095.1st1K-grc1	καὶ τούτων μᾶλλον ὁ ἀπὸ ῥαφανίδων ἔμετος καὶ ὁ ἀπὸ ναρκίσσου βολβοῦ.	καί οὗτος μᾶλλον ὁ ἀπό ῥαφανίς  καί ὁ ἀπό νάρκισσος  .
185798	tlg0057.tlg095.1st1K-grc1	μείζων δὴ τούτων, οὐ μὴν ἤδη γλίσχρος, ὅταν εἰς ῥαφανῖδας ἐλλεβόρου λευκοῦ κάρφη πήξαντες ἐν τῇ ὑστεραίᾳ τὰς ῥαφανῖδας δῶμεν φαγεῖν, εἴτε μόνας εἴτε καὶ δι’ ὀξυμέλιτος.	μέγας δή οὗτος , οὐ μήν ἤδη γλίσχρος , ὅταν εἰς   λευκός κάρφος πήγνυμι ἐν ὁ ὑστεραῖος ὁ  δίδωμι ἐσθίω , εἴτε  εἴτε καί διά  .
185799	tlg0057.tlg095.1st1K-grc1	Ἢν δὲ ἐς πύησιν ἔλθῃ, ταχέως μὲν οὐ χρὴ στομοῦν·	δέ εἰς πύησις ἔρχομαι , ταχύς μέν οὐ χρή στομόω ·
185800	tlg0057.tlg095.1st1K-grc1	πολλὰ γὰρ καὶ τῶν δοκεόντων ἐκπυέεσθαι, ἀναπίνεταί ποτε, κἢν μηδέπω τις καταπλάσῃ.	γάρ καί ὁ δοκέω ἐκπυέω , ἀναπίνω ποτε , ἐάν μηδέπω τις καταπλάσσω .
185801	tlg0057.tlg095.1st1K-grc1	Φυλάσσεται τὸ οὖς ἅτε μὴν διὰ τὸν ὑποκείμενον τῷ δέρματι χόνδρον·	ὁ οὖς ἅτε μήν διά ὁ  τῷ δέρμα χόνδρος ·
185802	tlg0057.tlg095.1st1K-grc1	ἂν γὰρ μὴ ταχέως τμηθὲν συναχθῇ τε καὶ κολληθῇ, κίνδυνός ἐστι λυπανθῆναι τὸν χόνδρον.	ἄν γάρ μή ταχύς τέμνω συνάγω τε καί  , κίνδυνος εἰμί  ὁ χόνδρος .
185803	tlg0057.tlg095.1st1K-grc1	ἀναπίνεται δὲ, τουτέστιν ἐκδαπανᾶται καὶ διαφορεῖται, τὸ συνιστάμενον αὐτόθι πῦον ἐνίοτε διὰ τῶν ἔξωθεν ἐπιτιθεμένων ἁπλῶν καὶ κούφων φαρμάκων, ὅσα ξηραίνειν ἀδήκτως πέφυκεν, οἷόν ἐστι καὶ ἡ τοῦ κοχλίου μύξα μετὰ λιβανωτοῦ καὶ εἰ δέοι ξηραίνεσθαι σφοδρότερον, ἤτοι μετ’ ἀλόης ἢ μετὰ σμύρνης ἢ μετ’ ἀμφοῖν.	δέ ,   καί  , ὁ  αὐτός  ἐνίοτε διά ὁ ἔξωθεν ἐπιτίθημι ἁπλόος καί κοῦφος φάρμακον , ὅσος ξηραίνω ἄδηκτος φύω ,  εἰμί καί ὁ ὁ κοχλίον  μετά λιβανωτός καί εἰ δέω ξηραίνω σφοδρός , ἤτοι μετά ἀλόη τίη μετά σμύρνα τίη μετά ἄμφω .
185804	tlg0057.tlg095.1st1K-grc1	οὕτως δὲ καὶ μέλι καταχριόμενον Ἀττικὸν ἐπιπασσόμενον λεῖον τῶν εἰρημένων ἕκαστον ξηραντικόν ἐστι τὸ φάρμακον.	οὕτως δέ καί μέλι     ὁ λέγω ἕκαστος ξηραντικός εἰμί ὁ φάρμακον .
185805	tlg0057.tlg095.1st1K-grc1	ἄδηκτον δὲ λέγω τόν τε λιβανωτὸν καὶ τὴν ἀλόην καὶ τὴν σμύρναν.	ἄδηκτος δέ λέγω ὁ τε λιβανωτός καί ὁ ἀλόη καί ὁ σμύρνα .
185806	tlg0057.tlg095.1st1K-grc1	Ἤν δὲ ἀναγκασθῇ στομῶσαι, τάχισται μὲν ὑγιὴς γίνεται, ἤν τις πέρην διακαύσῃ.	δέ ἀναγκάζω στομόω ,  μέν ὑγιής γίγνομαι , ἐάν τις πέραν διακαίω .
185807	tlg0057.tlg095.1st1K-grc1	εἰδέναι μέντοι χρὴ σαφῶς ὅτι κυλλόν ἐστι τὸ οὖς καὶ μεῖον τοῦ ἑτέρου, ἢν πέρην διακαυθῇ.	οἶδα  χρή σαφής ὅτι2 κυλλός εἰμί ὁ οὖς καί  ὁ ἕτερος , ἐάν πέραν διακαίω .
185808	tlg0057.tlg095.1st1K-grc1	Κυλλὸν μὲν καὶ μικρότερον ἐξ ἀνάγκης γίγνεται διαφθαρέντος ἐν τῇ καύσει μέρους οὐκ ὀλίγου, τοῦ τε χόνδρου καὶ τοῦ περιέχοντος αὐτὸν δέρματος ἔχεσθαι.	μέν καί μικρός ἐκ ἀνάγκη γίγνομαι διαφθείρω ἐν ὁ καίω μέρος  ὀλίγος , ὁ τε χόνδρος καί ὁ περιέχω αὐτός δέρμα ἔχω .
185809	tlg0057.tlg095.1st1K-grc1	ἐπὶ δὲ τοῦτο συμβουλεύει ποτὲ δεδιὼς τὸ δύσαλθες τοῦ χόνδρου.	ἐπί δέ οὗτος συμβουλεύω ποτε δείδω ὁ  ὁ χόνδρος .
185810	tlg0057.tlg095.1st1K-grc1	γυμνωθεὶς γὰρ συνουλοῖ καὶ μάλιστα βραχείαις τισὶν ἡμέραις χρονίσεις, μετὰ τὸ τμηθῆναι μὴ συνελθόντος καὶ κολληθέντος τοῦ δέρματος εὐθέως.	γυμνόω γάρ  καί μάλιστα   ἡμέρα  , μετά ὁ τέμνω μή συνέρχομαι καί  ὁ δέρμα εὐθύς .
185811	tlg0057.tlg095.1st1K-grc1	Ἢν δὲ μὴ πέρην καίηται, τάμνειν χρὴ τὸ μετέωρον μὴ πάνυ σμικρὴν τομήν.	δέ μή πέραν καίω , τέμνω χρή ὁ μετέωρος μή πάνυ μικρός τομή .
185812	tlg0057.tlg095.1st1K-grc1	Ἕνεκα τοῦ μηδὲν ἐμμεῖται τοῦ πύου καὶ βλάπτειν τὸν χόνδρον ἀξιόλογον κελεύει ποιεῖσθαι τὴν τομήν.	ἕνεκα ὁ   ὁ πυός καί βλάπτω ὁ χόνδρος ἀξιόλογος κελεύω ποιέω ὁ τομή .
185813	tlg0057.tlg095.1st1K-grc1	Διὰ παχυτέρου μὴν καὶ τὸ πῦον εὑρίσκεται ἢ ὡς ἄν τις δοκέοι.	διά  μήν καί ὁ  εὑρίσκω ἤ ὡς ἄν τις δοκέω .
185814	tlg0057.tlg095.1st1K-grc1	Κατὰ τὴν διάγνωσιν τοῦ περιεχομένου γίγνεται πύου τις ἀπάτη τοῖς ἀνατεινομένοις, ὡς δοκέειν ἤδη πολύ τε εἶναι αὐτὸ καὶ λεπτῦναι τὸ δέρμα.	κατά ὁ διάγνωσις ὁ  γίγνομαι πυός τις ἀπάτη ὁ  , ὡς δοκέω ἤδη πολύς τε εἰμί αὐτός καί λεπτύνω ὁ δέρμα .
185815	tlg0057.tlg095.1st1K-grc1	κατὰ δὲ τίνα τρόπον εἰς τὴν τοιαύτην ἀπάτην ἀφικνοῦνται διὰ τῶν ἑξῆς αὐτὸς ὁ Ἱπποκράτης δηλώσει.	κατά δέ  τρόπος εἰς ὁ τοιοῦτος ἀπάτη ἀφικνέομαι διά ὁ ἑξῆς αὐτός ὁ Ἱπποκράτης δηλόω .
185816	tlg0057.tlg095.1st1K-grc1	Ὡς δ’ ἐν κεφαλαίῳ εἰπεῖν καὶ πάντα τἄλλα τὰ μυξώδεα καὶ μυξοποιὰ, ἅτε γλί σχρα ἐόντα ὑποθιγγανόμενα, διολισθαίνει ταχέως ὑπὸ τοὺς δακτύλους ἔνθα καὶ ἔνθα.	ὡς  ἐν κεφάλαιος λέγω καί πᾶς ἄλλος ὁ  καί μυξοποιός ,    εἰμί ὑποθιγγάνω , διολισθάνω ταχύς ὑπό ὁ δάκτυλος ἔνθα καί ἔνθα .
185817	tlg0057.tlg095.1st1K-grc1	διὰ τοῦτο διὰ παχυτέρου εὑρίσκουσι τὰ τοιαῦτα οἱ ἰητροὶ ἢ ὡς οἴονται.	διά οὗτος διά  εὑρίσκω ὁ τοιοῦτος ὁ ἰατρός ἤ ὡς οἴομαι .
185818	tlg0057.tlg095.1st1K-grc1	Κατὰ τὰς διαγνώσεις τῶν ἐκπυϊσκομένων μερῶν ἐπανήκει συμμέτρως πρὸς τὴν ἁφὴν τὸ πάσχον σῶμα, διαιρεθὲν εὑρίσκεται πῦον ἔχον.	κατά ὁ διάγνωσις ὁ  μέρος  σύμμετρος πρός ὁ ἁφή ὁ  σῶμα ,  εὑρίσκω  ἔχω .
185819	tlg0057.tlg095.1st1K-grc1	ἐπειδὰν οὖν εὕρωσιν οἱ ἰατροὶ τὴν αὐτὴν ποσότητα τῆς εἴξεως ἐπὶ παντὸς ἄλλου μέρους ὁμοίως ἐκπεπυηκέναι νομίζοντες τοῖς ἔμπροσθεν ἑωραμένοις, ἐπὶ τὸ τέμνειν ἀφικόμενοι διαμαρτάνουσιν ἐνίοτε διττὴν ἁμαρτίαν, ὡς τὸ μηδ’ ὅλως εὑρεῖν πῦον ἐπὶ τούτων διὰ τοῦ παχύτερα πολλῷ παρὰ τὴν προσδοκίαν εἶναι τοιαῦτα·	ἐπεί οὖν  ὁ ἰατρός ὁ αὐτός  ὁ εἶξις ἐπί πᾶς ἄλλος μέρος ὅμοιος  νομίζω ὁ ἔμπροσθεν  , ἐπί ὁ τέμνω ἀφικνέομαι διαμαρτάνω ἐνίοτε δισσός ἁμαρτία , ὡς ὁ  ὅλος εὑρίσκω  ἐπί οὗτος διά ὁ  πολύς παρά ὁ προσδοκία εἰμί τοιοῦτος ·
185820	tlg0057.tlg095.1st1K-grc1	ἔοικε γὰρ πολλάκις ἰατρῷ ὑγρὸν ἔχοντα ἐν αὐτοῖς μυξῶδες, ὡς οὕτω διαπυήσαντα.	ἔοικα γάρ πολλάκις ἰατρός ὑγρός ἔχω ἐν αὐτός  , ὡς οὕτως διαπυέω .
185821	tlg0057.tlg095.1st1K-grc1	καὶ γίγνεται τοῦτο διότι τὰ τοιαῦτα τῶν ὑγρῶν, ὡς αὐτὸς εἷπεν, ὀλισθαίνει ταχέως ἐν τῷ ψαύειν αὐτῶν εἴωθε συνίστασθαι περί τε χόνδρους καὶ τένοντας καὶ νεῦρα καὶ συνδέσμους, ὡς αὐτὸς ἐφεξῆς λέγει.	καί γίγνομαι οὗτος διότι ὁ τοιοῦτος ὁ ὑγρός , ὡς αὐτός λέγω ,  ταχύς ἐν τῷ ψαύω αὐτός εἴωθα συνίστημι περί τε χόνδρος καί τένων καί νεῦρον καί  , ὡς αὐτός ἐφεξῆς λέγω .
185822	tlg0057.tlg095.1st1K-grc1	Ἐπεὶ καὶ τῶν γαγγλιωδέων ἔνια ὅσα ἂν πλαδαρὰ ἔῃ καὶ μυξώδεα σάρκα ἔχῃ, πολλοὶ στομοῦσιν οἰόμενοι ῥεῦμα ἀνευρήσειν ἐς τὰ τοιαῦτα.	καί ὁ  ἔνιοι ὅσος ἄν πλαδαρός εἰμί καί μυξώδης σάρξ ἔχω , πολύς στομόω  ῥεῦμα ἀνευρίσκω εἰς ὁ τοιοῦτος .
185823	tlg0057.tlg095.1st1K-grc1	ἡ μὲν οὖν γνώμη τοῦ ἰητροῦ ἐξαπατᾶται, τῷ δὲ πράγματι τῷ τοιούτῳ οὐδεμία βλάβη στομωθέντι.	ὁ μέν οὖν γνώμη ὁ ἰατρός ἐξαπατάω , τῷ δέ πρᾶγμα τῷ τοιοῦτος οὐδείς βλάβη στομόω .
185824	tlg0057.tlg095.1st1K-grc1	ὅσα δὲ ὑδατώδεα χωρία ἐστὶν ἢ μύξης πεπληρωμένα καὶ ἐν οἵοισι χωρίοισιν ἕκαστα θάνατον φέρει στομούμενα ἢ κατὰ ἀλλοίας βλάβας, περὶ τούτων ἐν ἄλλῳ λόγῳ γεγράψεται.	ὅσος δέ ὑδατώδης χωρίον εἰμί τίη μύξα πληρόω καί ἐν   ἕκαστος θάνατος φέρω στομόω ἤ κατά ἀλλοῖος βλάβη , περί οὗτος ἐν ἄλλος λόγος  .
185825	tlg0057.tlg095.1st1K-grc1	Τὰ γὰρ χονδρώδη καὶ ταῦτα τὰ γαγγλία καὶ σύντροφά τινὰ εἰσι περὶ νεῦρα τὴν γένεσιν ἐξ ὑγροῦ, γλίσχρου δὲ μυξώδους ἐσχηκότα.	γάρ  καί οὗτος ὁ  καί   εἰμί περί νεῦρον ὁ γένεσις ἐκ  ,  δέ  ἔχω .
185826	tlg0057.tlg095.1st1K-grc1	τοιαύτη γὰρ ἡ οἰκεία τῶν νεύρων τροφή.	τοιοῦτος γάρ ὁ οἰκεῖος ὁ νευρά τροφή .
185827	tlg0057.tlg095.1st1K-grc1	Ὅταν οὖν τάμῃ τις τὸ οὖς, πάντων μὲν καταπλασμάτων καὶ πάσης τῆς μετώσιος ἀπέχεσθαι χρή.	οὖν  τις ὁ οὖς , πᾶς μέν κατάπλασμα καί πᾶς ὁ  ἀπέχω χρή .
185828	tlg0057.tlg095.1st1K-grc1	ἰητρεύειν δὲ ἢ ἐναίμοις ἢ ἄλλῳ, ὅ τι μήτε βάρος μήτε πόνον παρασχήσει.	ἰατρεύω δέ τίη  ἤ ἄλλος , ὅς   βάρος μήτε πόνος παρέχω .
185829	tlg0057.tlg095.1st1K-grc1	Ἐπεὶ ξηρόν ἐστι μόριον τὸ οὖς καὶ διὰ τοῦτο τῶν ξηραινόντων δεῖται φαρμάκων, χρὴ μέντοι οὐ μέγαν τοῦ προσήκοντος αὐτὸ ξηραίνειν, ὅταν ἐπὶ τὸ τέμνειν εὐθέως τὰ φάρμακα προσφέρωνται.	ξηρός εἰμί μόριον ὁ  καί διά οὗτος ὁ ξηραίνω δέω φάρμακον , χρή  οὐ μέγας ὁ προσήκω αὐτός ξηραίνω , ὅταν ἐπί ὁ τέμνω εὐθύς ὁ φάρμακον  .
185830	tlg0057.tlg095.1st1K-grc1	τεῖνον γὰρ ἐργάζεται μηδὲν ἔχοντα παρηγορικὸν, οὐ μὴν οὐδὲ βαρύνεσθαι χρὴ τὸ οὖς τῷ ἐπιτιθεμένῳ ὄγκῳ·	γάρ ἐργάζομαι  ἔχω  , οὐ μήν οὐδέ βαρύνω χρή ὁ οὖς τῷ  ὄγκος ·
185831	tlg0057.tlg095.1st1K-grc1	καὶ γὰρ τὰ ὦτά γ’ ὀδυνᾶται καὶ ἅμα ἀσηρόν.	καί γάρ ὁ   ὀδυνάω καί ἅμα  .
185832	tlg0057.tlg095.1st1K-grc1	ἄριστον οὖν ἐστι χρῆσθαι φαρμάκοις μετὰ τὸ στομῶσαι μετρίως ξηραίνουσιν, ὁποῖα τὰ ἔναιμα καλούμενα.	ἄριστος οὖν εἰμί χράω2 φαρμακάω μετά ὁ στομόω μέτριος  , ὁποῖος ὁ  καλέω .
185833	tlg0057.tlg095.1st1K-grc1	τὰ γὰρ καταπλάσματα ἐγκλείει τε καὶ θηλύνει μὴ ξηραίνοντα τὰς περιττὰς ὑγρότητας αὐτῶν καὶ μάλιστα γλίσχρας καὶ παχείας οὔσας.	ὁ γάρ  ἐγκλείω τε καί θηλύνω μή ξηραίνω ὁ περισσός  αὐτός καί μάλιστα  καί παχύς εἰμί .
185834	tlg0057.tlg095.1st1K-grc1	Ἢν γὰρ ὁ χόνδρος ἄρξηται ψιλοῦσθαι καὶ ὑποστάσιας ἴσχῃ πυρώδεας ἢ χαλώδεας, ὀχληρόν.	γάρ ὁ χόνδρος ἄρχω ψιλόω καί ὑπόστασις ἴσχω  ἤ  , ὀχληρός .
185835	tlg0057.tlg095.1st1K-grc1	Προσθεῖναι δὲ χρὴ τῇ λέξει τὸ ὑγρὸν, ὅπερ καὶ παρεγγράφουσί τινες, ὡς εἶναι τὴν ὅλην γραφὴν τοιαύτην·	δέ χρή ὁ λέγω ὁ ὑγρός , ὅς καί  τις , ὡς εἰμί ὁ ὅλος γραφή τοιοῦτος ·
185836	tlg0057.tlg095.1st1K-grc1	ὅτε γὰρ ὁ χόνδρος ἄρξηται ψιλοῦσθαι καὶ ὑποστάσιας ὑγρῶν ἴσχει.	γάρ ὁ χόνδρος ἄρχω ψιλόω καί ὑπόστασις  ἴσχω .
185837	tlg0057.tlg095.1st1K-grc1	καλεῖ δ’ ὑποστάσεις τὰς ἔνδον μονὰς τῶν ὑγρῶν, ἃ προσῆκεν ἐκκρίνεσθαι, τοῦ τε πύου δηλονότι καὶ τοῦ μυξώδους χυμοῦ.	καλέω  ὑπόστασις ὁ ἔνδον μονή ὁ ὑγρός , ὅς προσίημι ἐκκρίνω , ὁ τε   καί ὁ  χυμός .
185838	tlg0057.tlg095.1st1K-grc1	ὀχλώδη οὖν, φησὶ, γίγνεται, τουτέστι ὀδυνηρὰ, ὅπερ ὁρᾶται τοῦ χόνδρου κακουμένου.	οὖν , φημί , γίγνομαι ,  ὀδυνηρός , ὅς ὁράω ὁ χόνδρος κακόω .
185839	tlg0057.tlg095.1st1K-grc1	Γίγνεται δὲ καὶ τοῦτο δι’ ἐκείνας τὰς ἰήσιας, πάντων δὲ τῶν παλιγκοτησάντων ἡ πέρην διάκαυσις αὐταρκέστατον.	δέ καί οὗτος διά ἐκεῖνος ὁ  , πᾶς δέ ὁ παλιγκοτέω ὁ πέραν διάκαυσις αὐτάρκης .
185840	tlg0057.tlg095.1st1K-grc1	Ποίας ἰήσεις μέμφεται;	μέμφομαι ;
185841	tlg0057.tlg095.1st1K-grc1	ἢ δηλονότι περὶ ὧν ἐνεδείξατο μικρὸν ἔμπροσθεν ἀπέχεσθαι κελεύων, καταπλασμάτων καὶ μετώσεως καὶ τῶν βαρυνόντων καὶ ὀδυνώντων.	τίη  περί ὅς ἐνδείκνυμι μικρός ἔμπροσθεν ἀπέχω κελεύω , κατάπλασμα καί  καί ὁ  καί  .
185842	tlg0057.tlg095.1st1K-grc1	ΙΠΠΟΚΡΑΤΟΥΣ ΤΟ ΠΕΡΙ ΑΡΘΡΩΝ ΒΙΒΛΙΟΝ ΚΑΙ ΓΑΛΗΝΟΥ ΕΙΣ ΑΥΤΟ ΥΠΟΜΝΗΜΑ ΤΡΙΤΟΝ.	.
185843	tlg0057.tlg095.1st1K-grc1	Σπόνδυλοι δὲ οἱ κατὰ ῥάχιν.	σφόνδυλος δέ ὁ κατά  .
185844	tlg0057.tlg095.1st1K-grc1	Οὐχ ὡς καὶ καθ’ ἕτερον μέρος ἐν τῷ σώματι σφονδύλων ὄντων πρόσκειται τὸ κατὰ ῥάχιν·	οὐ ὡς καί κατά ἕτερος μέρος ἐν ὁ σῶμα  εἰμί πρόσκειμαι ὁ κατά ῥάχις ·
185845	tlg0057.tlg095.1st1K-grc1	ἡ γὰρ ἁπάντων τῶν σπονδύλων σύνθεσις ὀνομάζεται ῥάχις, ἀλλ’ εἰ καὶ οὕτως ἔτυχεν εἰπών·	ὁ γάρ ἅπας ὁ  σύνθεσις ὀνομάζω ῥάχις , ἀλλά εἰ καί οὕτως τυγχάνω λέγω ·
185846	tlg0057.tlg095.1st1K-grc1	σφόνδυλοι δὲ οἷς ὑπάρχει καὶ κατὰ ῥάχιν εἶναι.	δέ ὅς ὑπάρχω καί κατά ῥάχις εἰμί .
185847	tlg0057.tlg095.1st1K-grc1	τινὲς μέντοι τῶν νεωτέρων ἰατρῶν ἀξιοῦσιν οὐχ ἅπασαν τῶν σπονδύλων τὴν σύνταξιν ὀνομάζειν ῥάχιν, ἀλλὰ μόνον τὸν θώρακα καὶ τὴν ὀσφῦν, καθ’ οὓς ὁ Ἱπποκράτης νῦν δόξει διαλέγεσθαι περὶ τῶν κατὰ τὴν ὀσφῦν τε καὶ τὸν νῶτον μόνον, οὐ τῶν κατὰ τὸν τράχηλον.	ὁ νεώτερος ἰατρός ἀξιόω οὐ  ὁ σφόνδυλος ὁ σύνταξις ὀνομάζω ῥάχις , ἀλλά μόνος ὁ θώραξ καί ὁ ὀσφύς , κατά ὅς ὁ Ἱπποκράτης νῦν δοκέω διαλέγω περί ὁ κατά ὁ ὀσφύς τε καί ὁ νῶτος μόνος , οὐ ὁ κατά ὁ τράχηλος .
185848	tlg0057.tlg095.1st1K-grc1	εἴρηται δὲ ἀκριβῶς ἡμῖν ἅπασα τῶν σφονδύλων ἡ σύνθεσις ἐν τῇ περὶ τῶν ὀστῶν εἰσαγωγῇ, καθ’ ἣν ἠξίωσα ἀπογυμνάσασθαι τὸν ἀκολουθήσαντα τοῖσδε τοῖς ὑπομνήμασι, τεθεαμένος ἀκριβῶς ἕκαστον τῶν ὀστῶν ὁποῖόν ἐστιν, ἐπ’ αὐτῶν μὲν μάλιστα τῶν ἀνθρώπων σκελετῶν, εἰ μὴ πάντως τῶν πιθηκείων.	λέγω δέ ἀκριβής ἐγώ ἅπας ὁ  ὁ σύνθεσις ἐν ὁ περί ὁ ὀστέον εἰσαγωγή , κατά ὅς ἀξιόω  ὁ ἀκολουθέω ὅδε ὁ ὑπόμνημα ,  ἀκριβής ἕκαστος ὁ   εἰμί , ἐπί αὐτός μέν μάλιστα ὁ ἄνθρωπος  , εἰ μή πᾶς ὁ  .
185849	tlg0057.tlg095.1st1K-grc1	Ὅσοισι μὲν ὑπὸ νοσημάτων ἕλκονται ἐς τὸ κυφόν.	μέν ὑπό νόσημα ἕλκω εἰς ὁ κυφός .
185850	tlg0057.tlg095.1st1K-grc1	Ὀπισθοκύφωσις ὀνομάζεται ἡ εἰς τοὐπίσω διαστροφὴ τῆς ῥάχεως, ὥσπερ ἡ μὲν εἰς τὸ πρόσω λόρδωσις, ἡ δὲ εἰς τὰ πλάγια σκολίωσις.	ὀνομάζω ὁ εἰς ὀπίσω διαστροφή ὁ ῥάχις , ὥσπερ ὁ μέν εἰς ὁ πρόσω λόρδωσις , ὁ δέ εἰς ὁ πλάγιον  .
185851	tlg0057.tlg095.1st1K-grc1	οἴονται δέ τινες γίγνεσθαι τὴν εἰς τοὐπίσω διαστροφὴν, ἣν δὴ καὶ κύρτωσιν ὀνομάζουσι, φυμάτων ἀπέπτων συνισταμένων ἐπὶ τῆς ῥάχεως μεγάλων τε καὶ σκληρῶν καὶ χρονίων, ὑφ’ ὧν βαρυνομένους ὠθεῖσθαι πρὸς τὴν ὀπίσω χώραν τοὺς σφονδύλους, οὐκ ἐννοοῦντες ὅτι οὔτε κατακειμένων ὑπτίων ἐγχωρεῖ τὰ φύματα τοὺς ὑποκειμένους ἑαυτοῖς βαρύνειν σφονδύλους οὔτε ὀρθῶς ἑστηκότων οὔτε καθημένων, ἀλλ’ οὐδ’ εἴ ποτε κατὰ τῶν πλευρῶν κλινόμεθα.	οἴομαι δέ τις γίγνομαι ὁ εἰς ὀπίσω διαστροφή , ὅς δή καί  ὀνομάζω , φῦμα ἄπεπτος συνίστημι ἐπί ὁ ῥάχις μέγας τε καί σκληρόω καί  , ὑπό ὅς βαρύνω ὠθέω πρός ὁ ὀπίσω χώρα ὁ σφόνδυλος , οὐ ἐννοέω ὅτι2 οὔτε   ἐγχωρέω ὁ φῦμα ὁ  ἑαυτοῦ βαρύνω σφόνδυλος οὔτε ὀρθός ἵστημι οὔτε  , ἀλλά οὐδέ εἰ ποτε κατά ὁ πλευρά  .
185852	tlg0057.tlg095.1st1K-grc1	πρὸς δὲ καὶ ἄλλοις ἐστὶν ἄτοπον εἰς τοσοῦτον βάρος ἢ σκληρότητα ἥκειν τὰ φύματα νοεῖν, ὡς καὶ τῶν ὀστῶν βαρύτερα καὶ σκληρότερα γίγνεσθαι.	πρός δέ καί  εἰμί ἄτοπος εἰς  βάρος τίη σκληρότης ἥκω ὁ φῦμα νοέω , ὡς καί ὁ  βαρύς καί  γίγνομαι .
185853	tlg0057.tlg095.1st1K-grc1	ὅτι μὲν οὖν ὑπὸ φυμάτων ἀπέπτων εἰς τὸ ἔμπροσθεν ἀποτελοῦνται διαστροφαὶ τῆς ῥάχεως αὐτὸς ὁ Ἱπποκράτης ὀλίγον ὕστερον ἐρεῖ.	ὅτι2 μέν οὖν ὑπό φῦμα  εἰς ὁ ἔμπροσθεν ἀποτελέω διαστροφή ὁ ῥάχις αὐτός ὁ Ἱπποκράτης ὀλίγος ὕστερον λέγω .
185854	tlg0057.tlg095.1st1K-grc1	προσέχειν δὲ χρὴ τοὺς ἐξηγησαμένους τὸ βιβλίον οὐ τούτῳ μόνον, ἀλλὰ καὶ ὅτι κατὰ τὴν προκειμένην ῥῆσιν εἶπεν·	προσέχω δέ χρή ὁ  ὁ βιβλίον οὐ οὗτος μόνος , ἀλλά καί ὅτι2 κατά ὁ  ῥῆσις λέγω ·
185855	tlg0057.tlg095.1st1K-grc1	ἐς τὸ κυφὸν ἕλκονται, δυνάμενος εἰπεῖν ὠθοῦνται, καθάπερ οὕτω ἕλκονται.	εἰς ὁ κυφός ἕλκω ,  λέγω  , καθά οὕτως ἕλκω .
185856	tlg0057.tlg095.1st1K-grc1	δόξει γε μὴν ἄτοπον εἶναι τοὺς σφονδύλους ὀπίσω μεθισταμένους ὑπὸ νοσημάτων ἕλκεσθαι λέγειν εἰς τὸ πρόσω.	δοκέω γε μήν  εἰμί ὁ σφόνδυλος ὀπίσω μεθίστημι ὑπό νόσημα ἕλκω λέγω εἰς ὁ πρόσω .
185857	tlg0057.tlg095.1st1K-grc1	τοῦτο γὰρ οἰκειότερον ἦν ἐπὶ τῆς λορδώσεως εἰρῆσθαι.	οὗτος γάρ  εἰμί ἐπί ὁ  λέγω .
185858	tlg0057.tlg095.1st1K-grc1	τὶ ποτ’ οὖν ἐστιν ἀληθὲς ἅμα καὶ πρὸς Ἱπποκράτην ἔτι πειράσομαι δηλῶσαι.	οὖν εἰμί ἀληθής ἅμα καί πρός Ἱπποκράτης ἔτι  δηλόω .
185859	tlg0057.tlg095.1st1K-grc1	αὐτὰ μὲν τὰ τῶν σφονδύλων ὀστᾶ κατὰ τὸν ἴδιον λόγον οὔτ’ ἀνατρέπεται πρὸς τῶν φυμάτων οὔθ’ ἕλκεται, τῶν δὲ συνδούντων αὐτοὺς σωμάτων ἐστὶ τὸ πάθημα πρῶτον.	αὐτός μέν ὁ ὁ  ὀστέον κατά ὁ ἴδιος λόγος  ἀνατρέπω πρός ὁ φῦμα  ἕλκω , ὁ δέ  αὐτός σῶμα εἰμί ὁ πάθημα πρῶτος .
185860	tlg0057.tlg095.1st1K-grc1	ὅταν οὖν συνηθισμένον γένηται τοῖς σφονδύλοις φῦμα μετεωριζόμενον καὶ αὐξανόμενον πρὸς τὴν ἔνδον ἢ πρόσω χώραν, ἑκατέρως γὰρ ὀνομάζουσιν, ἀναγκαῖόν ἐστιν ἕπεσθαι τοῖς φύμασι τοὺς συνδέσμους, οἷς πάλιν αὐτοὺς τοὺς σφονδύλους ἀκολουθεῖν.	ὅταν οὖν  γίγνομαι ὁ σφόνδυλος φῦμα μετεωρίζω καί  πρός ὁ ἔνδον ἤ πρόσω χώρα , ἑκάτερος γάρ ὀνομάζω , ἀναγκαῖος εἰμί  ὁ  ὁ  , ὅς πάλιν αὐτός ὁ σφόνδυλος ἀκολουθέω .
185861	tlg0057.tlg095.1st1K-grc1	ἐὰν μὲν οὖν κατὰ μίαν χώραν γένηται τὸ φῦμα, ταύτης ἑλκομένης ἐντὸς ἡ λόρδωσις συμβαίνει τῆς ῥάχεως σφονδύλοις·	ἐάν μέν οὖν κατά  χώρα γίγνομαι ὁ φῦμα , οὗτος ἕλκω ἐντός ὁ λόρδωσις συμβαίνω ὁ ῥάχις  ·
185862	tlg0057.tlg095.1st1K-grc1	ἐὰν δὲ κατὰ δύο, μεταξύ τινος ἀπαθοῦς περιλαμβανομένης χώρας ἡ κύφωσις.	ἐάν δέ κατά γε ,     χώρα ὁ κύφωσις .
185863	tlg0057.tlg095.1st1K-grc1	ἑκατέρου γὰρ τῶν φυμάτων ἕλκονται πρὸς ἑαυτὸ τὸν συνεχῆ σφονδύλον, οἱ μέσοι κυρτοῦνται πρὸς τοὐπίσω.	ἑκάτερος γάρ ὁ φῦμα ἕλκω πρός ἑαυτοῦ ὁ συνεχής  , ὁ  κυρτόω πρός ὀπίσω .
185864	tlg0057.tlg095.1st1K-grc1	θεάσασθαι δὲ ἐναργῶς ἐγχωρεῖ σοι τοῦτο συμβαῖνον ἐπὶ πάντων ὅσα κάμπτεσθαι δύναται μετρίως, οἷά πέρ εἰσι καὶ διάχλωραι ῥάβδων καὶ τῶν καλάμων οἷς γράφομεν οἱ πλείους.	θεάομαι δέ ἐναργής ἐγχωρέω  οὗτος συμβαίνω ἐπί πᾶς ὅσος κάμπτω δύναμαι μέτριος ,  περ εἰμί καί  ῥάβδος καί ὁ  ὅς γράφω ὁ πολύς .
185865	tlg0057.tlg095.1st1K-grc1	τούτων τὸ μὲν ἕτερον τοῖς τῆς δεξιᾶς χειρὸς περιλαβὼν δακτύλοις, τὸ δ’ ἕτερον τοῖς τῆς ἀριστερᾶς ἐπισπάσαι πρὸς ἑαυτὸν εἰς τὴν ἐναντίαν χώραν ἐπισπώμενόν τε καὶ κυρτούμενον ὄψει τὸ μέσον·	οὗτος ὁ μέν ἕτερος ὁ ὁ δεξιός χείρ περιλαμβάνω δάκτυλος , ὁ  ἕτερος ὁ ὁ ἀριστερός ἐπισπάω πρός ἑαυτοῦ εἰς ὁ ἐναντίος χώρα  τε καί  ὄψις ὁ μέσος ·
185866	tlg0057.tlg095.1st1K-grc1	οὐ μὴν οὐδὲ σκολιώσεις ἑτέραν ἔχουσιν αἰτίαν γενέσεως, ἀλλὰ καὶ ταύτας τείνεσθαι συμβαίνει σκληροῦ καὶ δυσπέπτου φύματος ἔν τινι τῶν πλαγίων μερῶν συνισταμένου.	οὐ μήν οὐδέ  ἕτερος ἔχω αἰτία γένεσις , ἀλλά καί οὗτος τείνω συμβαίνω σκληρός καί  φῦμα ἐν  ὁ πλάγιον μέρος συνίστημι .
185867	tlg0057.tlg095.1st1K-grc1	τρία γὰρ ταῦτα πάθη κατὰ τὴν ῥάχιν ἐν ταῖς τῶν σφονδύλων γίγνεται μεταστάσεσι, κύφωσις, λόρδωσις καὶ σκολίωσις·	γάρ οὗτος πάθος κατά ὁ ῥάχις ἐν ὁ ὁ σφόνδυλος γίγνομαι  , κύφωσις , λόρδωσις καί  ·
185868	tlg0057.tlg095.1st1K-grc1	ὀπίσω μὲν ἀποχωρούντων ἡ κύφωσις, εἰς τὰ πρόσω δὲ ἰόντων ἡ λόρδωσις, ἐπὶ δὲ τὸ πλάγιον ἐκτρεπομένων ἡ σκολίωσις.	ὀπίσω μέν ἀποχωρέω ὁ κύφωσις , εἰς ὁ πρόσω δέ εἶμι ὁ λόρδωσις , ἐπί δέ ὁ πλάγιον ἐκτρέπω ὁ  .
185869	tlg0057.tlg095.1st1K-grc1	ἔξωθεν δὲ τούτων ἡ σεῖσις καλουμένη τέταρτον πάθος ἐστὶ τῶν ἐν τῇ ῥάχει σφονδύλων, ὅταν διακινηθῶσι μὲν αἱ ἁρμονίαι, κατὰ χώραν δὲ οἱ σφόνδυλοι μένωσι.	ἔξωθεν δέ οὗτος ὁ  καλέω τέταρτος πάθος εἰμί ὁ ἐν ὁ   , ὅταν  μέν ὁ ἁρμονία , κατά χώρα δέ ὁ σφόνδυλος  .
185870	tlg0057.tlg095.1st1K-grc1	Τὰ μὲν πλεῖστα ἀδύνατα λύεσθαι, πρὸς δὲ καὶ ὅσα ἀνωτέρω τῶν φρενῶν τῆς προσφύσιος κυφοῦται.	μέν πλεῖστος ἀδύνατος λύω , πρός δέ καί ὅσος ἄνω ὁ φρήν ὁ  κυφόομαι .
185871	tlg0057.tlg095.1st1K-grc1	Καὶ τἄλλα μὲν, φησὶ, τὰ κατὰ ῥάχιν ἐστὶ δύσλυτα, μάλισταδ’ αὐτῶν ὅσα φρενῶν τῆς προσφύσιος κυφοῦται ἀνώτερον, τουτέστιν ἐν τῷ κατὰ τὸν θώρακα σφονδύλῳ.	καί ἄλλος μέν , φημί , ὁ κατά ῥάχις εἰμί  , μάλιστα δ’ αὐτός ὅσος φρήν ὁ  κυφόομαι ἀνώτερος ,  ἐν ὁ κατά ὁ θώραξ σφόνδυλος .
185872	tlg0057.tlg095.1st1K-grc1	ὅτι δ’ οὕτως χρῆται τῇ φωνῇ καὶ κατ’ ἀρχὰς εὐθέως τοῦδε τοῦ βιβλίου δῆλόν ἐστιν, ἔνθα φησί·	ὅτι2  οὕτως χράω2 ὁ φωνή καί κατά ἀρχή εὐθύς ὅδε ὁ  δῆλος εἰμί , ἔνθα φημί ·
185873	tlg0057.tlg095.1st1K-grc1	καὶ γὰρ καὶ τὸ ἐπίπαν ἀμείνων καὶ στερεωτέρη ἡ βραχεῖα πόη τῆς βαθείης, ὅτι καὶ πρὶν ἐκκαρπεῖν τὴν βαθείην.	καί γάρ καί ὁ ἐπίπαν ἀμείνων καί στερεός ὁ βραχύς πόα ὁ βαθύς , ὅτι2 καί πρίν  ὁ  .
185874	tlg0057.tlg095.1st1K-grc1	διὰ τί δὲ μάλιστα δύσλυτα γίνεται τὰ κατὰ τὸν θώρακα φύματα, διὰ τῆς ἐπιφερομένης μαθήσῃ ῥήσεως.	διά τίς δέ μάλιστα  γίγνομαι ὁ κατά ὁ θώραξ φῦμα , διά ὁ ἐπιφέρω   .
185875	tlg0057.tlg095.1st1K-grc1	Τῶν δὲ κατωτέρω μετεξέτερα λύουσι κιρσοὶ γινόμενοι ἐν τοῖσι σκέλεσι, μᾶλλον δέ τι ἐγγινόμενοι κιρσοὶ ἐν τῇ κατ’ ἰγνύην φλεβὶ.	ὁ δέ κάτω  λύω κιρσός  ἐν ὁ σκέλος , μᾶλλον δέ τι ἐγγίγνομαι κιρσός ἐν ὁ κατά ἰγνύα  .
185876	tlg0057.tlg095.1st1K-grc1	οἷσι δ’ ἄν τι κύφωμα ᾖ, λύουσιν·	ὅς  ἄν τις κύφωμα εἰμί , λύω ·
185877	tlg0057.tlg095.1st1K-grc1	ἐγγίνονται δὲ καὶ ἐν τῇ κατὰ βουβῶνα.	ἐγγίγνομαι δέ καί ἐν ὁ κατά βουβών .
185878	tlg0057.tlg095.1st1K-grc1	Ἔνιά φησι τῶν κατωτέρω τοῦ θώρακος παθῶν, τουτέστι τὰ κατ’ ὀσφῦν, ὑπὸ κιρσῶν ἢ δυσεντερίας λύεσθαι, μεταλαμβανομένων δηλονότι τῶν ἐργασαμένων αὐτὰ χυμῶν εἰς πρώτην μὲν αὐτὴν τὴν ἐπὶ τῇ ῥάχει μεγίστην φλέβα, μετ’ ἐκείνην δὲ εἰς τὰς ἀποφύσεις αὐτῆς τὰς ἐπὶ τὰ σκέλη.	φημί ὁ κάτω ὁ θώραξ  ,  ὁ κατά ὀσφύς , ὑπό κιρσός τίη δυσεντερία λύω ,   ὁ  αὐτός χυμός εἰς πρῶτος μέν αὐτός ὁ ἐπί ὁ ῥᾶχος μέγας φλέψ , μετά ἐκεῖνος δέ εἰς ὁ ἀπόφυσις αὐτός ὁ ἐπί ὁ σκέλος .
185879	tlg0057.tlg095.1st1K-grc1	τοιαύτη δὲ οὐδεμία φλέψ ἐστι κατὰ θώρακα ἡ τοὺς μοχθηροὺς χυμοὺς ὑποδέξασθαι δυναμένη·	τοιοῦτος δέ οὐδείς φλέψ εἰμί κατά θώραξ ὁ ὁ μοχθηρός χυμός ὑποδέχομαι  ·
185880	tlg0057.tlg095.1st1K-grc1	μία μέν ἐστιν ἡ τὰς ὀκτὼ πλευρὰς ἑκατέρωθεν φέρουσα, δύοδ’ ἄλλαι μικραὶ τὰς ὑψηλάς τε παρὰ τὰς ἐξ ἑκατέρου μέρους μία, πασῶν δ’ αὐτῶν εἰς τὸν θώρακα κατασχιζομένων τε καὶ ἀναλισκομένων.	μέν εἰμί ὁ ὁ  πλευρά ἑκατέρωθεν φέρω , γε δ’ ἄλλος  ὁ ὑψηλός τε παρά ὁ ἐκ ἑκάτερος μέρος  , πᾶς  αὐτός εἰς ὁ θώραξ  τε καί ἀναλίσκω .
185881	tlg0057.tlg095.1st1K-grc1	εἰ δὲ μεταβληθείη τις χυμὸς εἰς αὐτὰς ἐκ τῶν φυμάτων ἐκκενωθῆναί που δύναται καὶ τὸδ’ ἐπίπαλαι φάναι αὐτὸ δύσκολον.	εἰ δέ  τις χυμός εἰς αὐτός ἐκ ὁ φῦμα  που δύναμαι καί ὁ δ’  φαίνω αὐτός δύσκολος .
185882	tlg0057.tlg095.1st1K-grc1	οἱ γὰρ τὰ σκληρὰ καὶ δύσπεπτα γεννῶντες χυμοὶ γλίσχροι εἰσὶ καὶ παχεῖς, ὥστ’ οὐ ῥᾳδίως εἰς τὰς στενὰς μεταλαμβάνονται φλεβάς.	ὁ γάρ ὁ σκληρός καί δύσπεπτος γεννάω χυμός γλίσχρος εἰμί καί παχύς ,  οὐ ῥᾴδιος εἰς ὁ  μεταλαμβάνω  .
185883	tlg0057.tlg095.1st1K-grc1	ἡ δὲ κατ’ ὀσφῦν φλέψ εὐρυτάτητ’ ἐστὶ καὶ πάσαις ταῖς κά τω φλεψὶν αὕτη χορηγεῖ τὸ αἷμα.	ὁ δέ κατά  φλέψ εὐρύς τ’ εἰμί καί πᾶς ὁ    οὗτος χορηγέω ὁ αἷμα .
185884	tlg0057.tlg095.1st1K-grc1	τοὺς οὖν παχεῖς τούτους καὶ γλίσχρους χυμοὺς, ὅταν ποτὲ μεταλάβῃ τῆς ἐν τοῖς πεπονθόσι μορίοις δυνάμεως ῥωσθείσης, ὡς ἀπώσασθαι τὸ περιττὸν ἐναποτίθεται ταῖς ἐνταῦθα καθηκούσαις φλεψὶν, ὑφ’ ὧν ἀνευρύνονται μὲν καὶ κιρσοῦνται, παχέων μὲν ἱκανῶς ὄντων εὐθέως ἐν τῇ κατὰ βουβῶνα, μετριωτέρων δὲ ὑπαρχόντων ἐν τῇ κατὰ τὴν ἰγνύαν.	ὁ οὖν παχύς οὗτος καί   , ὅταν ποτε μεταλαμβάνω ὁ ἐν ὁ πάσχω μόριον δύναμις  , ὡς ἀπωθέω ὁ περισσός ἐναποτίθεμαι ὁ ἐνταῦθα καθήκω  , ὑπό ὅς  μέν καί  , παχύς μέν ἱκανός εἰμί εὐθύς ἐν ὁ κατά βουβών ,  δέ ὑπάρχω ἐν ὁ κατά ὁ ἰγνύα .
185885	tlg0057.tlg095.1st1K-grc1	ἔνθα γὰρ ἂν πρῶτον ὑπὸ πάχους τε καὶ γλισχρότητος ἐμφραχθέντες ἱστῶσιν, ἐνταῦθα διϊστᾶσί τε καὶ διευρύνουσι τὴν φλέβα.	ἔνθα γάρ ἄν πρῶτος ὑπό πάχος τε καί   ἵστημι , ἐνταῦθα  τε καί  ὁ φλέψ .
185886	tlg0057.tlg095.1st1K-grc1	καὶ γὰρ τοῖς ἄνευ τοιαύτης αἰτίας ἔχουσιν ἐν τοῖς σκέλεσι κιρσοὺς ἀνάλογον τῷ πάχει τοῦ χυμοῦ τὰς ἀνευρυνομένας φλέβας ἰδεῖν ἐστίν, ἐπὶ μὲν τοῖς παχυτάτοις τὰς εὐρυτάτας οἷαί πέρ εἰσιν αἱ κατὰ βουβῶνα, ἐπὶ δὲ τοῖς ἦττον ἐκείνων παχέσι τὰς ἧττον εὐρείας, ὁποῖαι κατ’ ἰγνύας εἰσί.	καί γάρ ὁ ἄνευ τοιοῦτος αἰτία ἔχω ἐν ὁ σκέλος   τῷ  ὁ χυμός ὁ  φλέψ ὁράω εἰμί , ἐπί μέν ὁ  ὁ   περ εἰμί ὁ κατά βουβών , ἐπί δέ ὁ  ἐκεῖνος παχύς ὁ ἥσσων  , ὁποῖος κατά ἰγνύα εἰμί .
185887	tlg0057.tlg095.1st1K-grc1	ποτὲ μὲν γὰρ ἐν ταῖς μείζοσι τροφαῖς ἐμφραττόμενοι τὸ πάθος ἐργάζονται, ποτὲ δὲ εἰς τὰς κατωτέρας χωροῦσιν, ὅσαι στενότεραι.	ποτε μέν γάρ ἐν ὁ μέγας τροφή  ὁ πάθος ἐργάζομαι , ποτε δέ εἰς ὁ  χωρέω , ὅσος στενός .
185888	tlg0057.tlg095.1st1K-grc1	παχὺ δὲ πάντως ἐν τοῖς κιρσοῖς ἐστι τὸ αἷμα, μελαγχολικῶν δ’ ἐστὶ πλειστάκις τὸ πάθος, ἔστιδ’ ὅτε ἑτέρων ὠμῶν καὶ παχέων χυμῶν.	παχύς δέ πᾶς ἐν ὁ  εἰμί ὁ αἷμα , μελαγχολικός  εἰμί πλειστάκις ὁ πάθος , εἰμί δ’ ὅτε ἕτερος ὦμος καί παχύς χυμός .
185889	tlg0057.tlg095.1st1K-grc1	Ἤδη δέ τισιν ἔλυσε καὶ ἡ δυσεντερίη πολυχρόνιος γινομένη.	δέ  ἐλύω καί ὁ  πολυχρόνιος  .
185890	tlg0057.tlg095.1st1K-grc1	Ὅταν εἰς ἔντερα μετάληψις γένηται τῶν παρὰ φύσιν χυμῶν ἐπὶ δυσεντερίᾳ, τῶν ἐντέρων ξυομένων τῇ δριμύτητι τῶν εἰς αὐτὰ συῤῥεόντων χυμῶν ἐκπυϊσκομένων δηλονότι τῶν φυμάτων.	εἰς ἔντερον μετάληψις γίγνομαι ὁ παρά φύσις χυμός ἐπί  , ὁ   ὁ δριμύτης ὁ εἰς αὐτός  χυμός   ὁ φῦμα .
185891	tlg0057.tlg095.1st1K-grc1	οὐδὲ γὰρ ἄλλως οὐδὲ συῤῥαγεῖέν ποτ’ εἰς ἔντερα διὰ τὸ πάχος αὐτῶν.	οὐδέ γάρ ἄλλος οὐδέ   εἰς ἔντερον διά ὁ πάχος αὐτός .
185892	tlg0057.tlg095.1st1K-grc1	αἱ δ’ ἐκπυήσεις λεπτύνουσί τε τοὺς παχεῖς χυμοὺς καὶ τὴν ἐν τοῖς πάσχουσι μορίοις φύσιν ἐπεγείρουσιν εἰς ἀπόκρισιν ἀνιαρῶν ἤδη τῶν περιεχομένων χυμῶν.	ὁ    τε ὁ  χυμός καί ὁ ἐν ὁ πάσχω μόριος φύσις  εἰς ἀπόκρισις  ἤδη ὁ περιέχω χυμός .
185893	tlg0057.tlg095.1st1K-grc1	Καὶ οἷσι μὲν κυφοῦται ῥάχις παισὶν ἐοῦσι, πρὶν ἢ τὸ σῶμα τελειωθῆναι ἐς αὔξησιν, τούτοισι μὲν οὐδὲ συναύξεσθαι ἐθέλοι κατὰ τὴν ῥάχιν τὸ σῶμα, ἀλλὰ σκέλεα μὲν καὶ χεῖρες τελειοῦνται, ταῦτα δὲ ἐνδεέστερα γίνονται.	καί ὅς μέν κυφόομαι ῥάχις  εἰμί , πρίν τίη ὁ σῶμα τελειόω εἰς αὔξησις , οὗτος μέν οὐδέ συναυξάνω ἐθέλω κατά ὁ ῥάχις ὁ σῶμα , ἀλλά σκέλος μέν καί χείρ τελειόω , οὗτος δέ ἐνδεής γίγνομαι .
185894	tlg0057.tlg095.1st1K-grc1	Οὐδὲν θαυμαστόν ἐστιν ἀναυξῆ γενέσθαι τὴν ῥάχιν ἐν τοῖς τοιούτοις νοσήμασιν, ὥσπερ κἀπὶ τῶν ἐξαρθρημάτων ἔμπροσθεν ἠκούσαμεν αὐτοῦ λέγοντος, ὧν ἡ ἔμπτωσις ἠπορήθη.	θαυμαστός εἰμί  γίγνομαι ὁ ῥάχις ἐν ὁ τοιοῦτος νόσημα , ὥσπερ ἐπί ὁ   ἀκούω αὐτός λέγω , ὅς ὁ  ἀπορέω2 .
185895	tlg0057.tlg095.1st1K-grc1	διά τε γὰρ τὴν διαστροφὴν τῶν ἀγγείων καὶ τὴν δυσκινησίαν καὶ τὸν τῆς φύσεως κάματον, ὃν κάμνει κατὰ τὰ τοιαῦτα πάθη, χεῖρον ἢ πρόσθεν ἀνάγκη τρέφεσθαι τὰ πεπονθότα μόρια.	διά τε γάρ ὁ διαστροφή ὁ  καί ὁ  καί ὁ ὁ φύσις κάματος , ὅς κάμνω κατά ὁ τοιοῦτος πάθος ,  ἤ πρόσθεν ἀνάγκη τρέφω ὁ  μόριον .
185896	tlg0057.tlg095.1st1K-grc1	τοῦτο δ’ ἐν μὲν τοῖς ηὐξημένοις ἤδη καὶ τελείοις σώμασιν ἰσχνότερα ποιεῖν εἴωθε τὰ μόρια, τοῖς δ’ ἔτ’ αὐξανομένοις ἡ αὔξησις ἐμποδίζεται τῶν κατὰ ῥάχιν.	οὗτος  ἐν μέν ὁ  ἤδη καί τέλειος σῶμα ἰσχνός ποιέω εἴωθα ὁ μόριον , ὁ   αὐξάνω ὁ αὔξησις ἐμποδίζω ὁ κατά ῥάχις .
185897	tlg0057.tlg095.1st1K-grc1	ὅσα δ’ ἀμφότερα τῶν πεπονθότων ἐστὶν, οἷον αἵ τε χεῖρες καὶ τὰ σκέλη, παντάπασιν ἀβλαβῆ διαμένει·	ὅσος  ἀμφότερος ὁ πάσχω εἰμί , οἷος ὁ τε χείρ καί ὁ σκέλος , παντάπασι ἀβλαβής διαμένω ·
185898	tlg0057.tlg095.1st1K-grc1	συμπάσχει γὰρ οὐχ ὅλον τὸ σῶμα τοῖς οὕτω πεπονθόσιν, ἀλλ’ ὅσα πλησίον ἐστὶ μόνα.	συμπάσχω γάρ οὐ ὅλος ὁ σῶμα ὁ οὕτως πάσχω , ἀλλά ὅσος πλησίος εἰμί μόνος .
185899	tlg0057.tlg095.1st1K-grc1	Καὶ ὅσοισιν ἂν ᾖ ἀνωτέρω τῶν φρενῶν τὸ κῦφος, τούτοισι μὲν αἵ τε πλευραὶ οὐκ ἐθέλουσιν ἐς τὸ εὐρὺ αὔξεσθαι, ἀλλ’ ἐς τοὔμπροσθεν, τό τε στῆθος ὀξὺ γίνεται, ἀλλ’ οὐ πλατὺ, αὐτοί τε δύσπνοοι γίνονται καὶ κερχνώδεες.	καί ὅσος ἄν εἰμί ἄνω ὁ  ὁ κῦφος , οὗτος μέν ὁ τε πλευρά  ἐθέλω εἰς ὁ εὐρύς αὐξάνω , ἀλλά εἰς  , ὁ τε στῆθος ὀξύς2 γίγνομαι , ἀλλά οὐ  , αὐτός τε δύσπνοος γίγνομαι καί  .
185900	tlg0057.tlg095.1st1K-grc1	ἧσσον γὰρ εὐρυχωρίην ἔχουσιν αἱ κοιλίαι αἱ τὸ πνεῦμα δεχόμεναι καὶ προπέμπουσαι.	ἥσσων γάρ εὐρυχωρία ἔχω ὁ κοιλία ὁ ὁ πνεῦμα  καί προπέμπω .
185901	tlg0057.tlg095.1st1K-grc1	Ἐπὶ τῶν ἔτι ἐν αὐξήσει λόγον ποιεῖται, περὶ ὧν προείρηκεν ὅτι οὐχὶ συναύξεται τὰ κατὰ τὴν ῥάχιν αὐτοῖς.	ἐπί ὁ ἔτι ἐν αὐξάνω λόγος ποιέω , περί ὅς προαγορεύω ὅτι2 οὐ  ὁ κατά ὁ ῥάχις αὐτός .
185902	tlg0057.tlg095.1st1K-grc1	ὅταν οὖν ἐν τοῖς κατὰ τὸν θώρακα σφονδύλοις τὸ κύφωμα γένηται, μάλιστα τούτοις ἀναυξητέα ἀποτελεῖται κατὰ τὸ μῆκος.	ὅταν οὖν ἐν ὁ κατά ὁ θώραξ  ὁ κύφωμα γίγνομαι , μάλιστα οὗτος  ἀποτελέω κατά ὁ μῆκος .
185903	tlg0057.tlg095.1st1K-grc1	ἔκ τε οὖν τούτων καὶ ὅτι κατὰ τὸ κυφὸν εἰς τοὐπίσω μετάστασις ἐγένετο τῶν σφονδύλων, ἀναγκαῖόν ἐστι στενὸν καὶ ὀξὺν αὐτοῖς γίνεσθαι τὸν θώρακα καὶ κατὰ τοῦτο καὶ τὰς ἐντὸς κοιλίας τὰς ὑποδεχομένας τὸ πνεῦμα μικροτέρας, ὥστε καὶ τοῦ πνεύματος, ὅταν ἀναπνέωσιν, ἐλάττονος ἀπολαύειν τὸ σῶμα.	ἐκ τε οὖν οὗτος καί ὅτι2 κατά ὁ κυφός εἰς ὀπίσω μετάστασις γίγνομαι ὁ  , ἀναγκαῖος εἰμί στενός καί ὀξύς2 αὐτός γίγνομαι ὁ θώραξ καί κατά οὗτος καί ὁ ἐντός  ὁ  ὁ πνεῦμα  , ὥστε καί ὁ πνεῦμα , ὅταν  , ἐλάσσων ἀπολαύω ὁ σῶμα .
185904	tlg0057.tlg095.1st1K-grc1	λέλεκται δὲ κἀν τοῖς.	λέγω δέ ἐν ὁ .
185905	tlg0057.tlg095.1st1K-grc1	περὶ δυσπνοίας ὡς ἀναγκαῖόν ἐστιν, ἔνθα τῆς χρείας ἐλάττων εἰσπνοὴ γίνεται, τὴν ἐφεξῆς αὐτῇ τὴν δευτέραν μετ’ ἐλάττονα χρόνον ἢ εἴπερ εἶχε κατὰ φύσιν ἡ προτέρα ποιῆσαι τὴν ἀρχήν.	περί  ὡς ἀναγκαῖος εἰμί , ἔνθα ὁ χρεία ἐλάσσων  γίγνομαι , ὁ ἐφεξῆς αὐτός ὁ δεύτερος μετά  χρόνος ἤ εἴπερ ἔχω κατά φύσις ὁ  ποιέω ὁ ἀρχή .
185906	tlg0057.tlg095.1st1K-grc1	τὸ δὲ μετ’ ἐλάττονα πυκνὸν ἐργάζεται τὸ πνεῦμα καὶ τοῦτο τὸ τῆς δυσπνοίας εἶδος συνίσταται τὸ κατὰ μικρότητα καὶ πυκνότητα.	ὁ δέ μετά ἐλάσσων πυκνός ἐργάζομαι ὁ πνεῦμα καί οὗτος ὁ ὁ  εἶδος συνίστημι ὁ κατά μικρότης καί πυκνότης .
185907	tlg0057.tlg095.1st1K-grc1	κερχνώδεις δὲ γίγνονται διὰ τῶν κατὰ τὴν φάρυγγα καὶ τραχεῖαν ἀρτηρίαν μορίων στενότητα.	δέ γίγνομαι διά ὁ κατά ὁ φάρυγξ καί τραχύς ἀρτηρία μόριος στενότης .
185908	tlg0057.tlg095.1st1K-grc1	συναύξει δὲ ταύτην τὴν στενότητα καὶ τοῦτο περὶ οὗ κατὰ τὴν ἐξῆς ῥῆσιν διδάσκει.	δέ οὗτος ὁ στενότης καί οὗτος περί οὗ κατά ὁ  ῥῆσις διδάσκω .
185909	tlg0057.tlg095.1st1K-grc1	Καὶ μέντοι καὶ ἀναγκάζονται κατὰ τὸν μέγαν σφόνδυλον λορδὸν τὸν αὐχένα ἔχειν, ὡς μὴ προπετὴς ἔῃ αὐτοῖσιν ἡ κεφαλή.	καί ἀναγκάζω κατά ὁ μέγας   ὁ αὐχήν ἔχω , ὡς μή  εἰμί αὐτός ὁ κεφαλή .
185910	tlg0057.tlg095.1st1K-grc1	στενοχωρίην μὲν οὖν πολλὴν τῷ φάρυγγι παρέχει καὶ τοῦτο ἐς τὸ εἴσω ῥέπον·	στενοχωρία μέν οὖν πολύς τῷ φάρυγξ παραχέω καί οὗτος εἰς ὁ εἴσω ῥέπω ·
185911	tlg0057.tlg095.1st1K-grc1	καὶ γὰρ τοῖσιν ὀρθοῖσι φύσει δύσπνοιαν παρέχει τοῦτο τὸ ὀστέον, ἢν ἔσω ῥέψῃ, ἔςτ’ ἂν ἀναπιεχθῇ.	καί γάρ ὁ ὀρθός φύσις δύσπνοια παρέχω οὗτος ὁ ὀστέον , ἐάν εἴσω ῥέπω , εἰς τ’ ἐάν ἀναπιέζω .
185912	tlg0057.tlg095.1st1K-grc1	δι’ οὖν τὸ τοιοῦτον σχῆμα ἐξεχέβρογχοι οἱ τοιοῦτοι τῶν ἀνθρώπων μᾶλλον φαίνονται ὑγιέες.	διά οὖν ὁ  σχῆμα  ὁ τοιοῦτος ὁ ἄνθρωπος μᾶλλον φαίνω ὑγιής .
185913	tlg0057.tlg095.1st1K-grc1	Εἰς τἀναντία ἐχόντων τῶν κατὰ τὸν θώρακα σφονδύλων εἰς τὴν ὀπίσω χώραν μεταστάντων ἐν τοῖς κυφώμασιν, ἀναγκαῖόν ἐστιν ὅλον τὸν τράχηλον εἰς τὸ πρόσω ῥέπειν, ὥστε καὶ τὴν κεφαλήν·	ἐναντίος ἔχω ὁ κατά ὁ θώραξ σφόνδυλος εἰς ὁ ὀπίσω χώρα μεθίστημι ἐν ὁ  , ἀναγκαῖος εἰμί ὅλος ὁ τράχηλος εἰς ὁ πρόσω ῥέπω , ὥστε καί ὁ κεφαλή ·
185914	tlg0057.tlg095.1st1K-grc1	ἐπίκειται γὰρ τούτῳ·	ἐπίκειμαι γάρ οὗτος ·
185915	tlg0057.tlg095.1st1K-grc1	κατ’ εὐθὺ τοίνυν συμβήσεται τοῖς κυφοῖς ἐν τοιούτῳ σχήματι βαδίζειν, ἐν ᾧ οἱ πάντες, ὅταν ἐπινεύσωμεν ὅλον τὸν τράχηλον ἅμα τῇ ῥάχει καὶ κάμψαντες ἄμφω καὶ κυρτώσαντες εἰς τοὐπίσω κάτω βλέπομεν εἰς τὴν γῆν.	κατά εὐθύς τοίνυν συμβαίνω ὁ  ἐν τοιοῦτος σχῆμα βαδίζω , ἐν ὅς ὁ πᾶς , ὅταν  ὅλος ὁ τράχηλος ἅμα ὁ  καί κάμπτω ἄμφω καί  εἰς ὀπίσω κάτω βλέπω εἰς ὁ γῆ .
185916	tlg0057.tlg095.1st1K-grc1	ὅπως οὖν μὴ πάσχωσιν οἱ κυρτοὶ τοῦτο, τὸν τράχηλον ἀναγκάζονται πρὸς τοὐπίσω, τοῖς αὐτῶν σφονδύλοις ὀλίγον εἰς τοῦτο συντελοῦσιν, ὡς ἂν ἐλαχίστην ἔχουσι τὴν κίνησιν, ἔνθα μάλιστα ταύτην ἀξιόλογον εὑρίσκουσιν, ἐνταῦθα πλεῖστον ἀνανεύουσιν.	ὅπως οὖν μή πάσχω ὁ  οὗτος , ὁ τράχηλος ἀναγκάζω πρός ὀπίσω , ὁ αὐτός  ὀλίγος εἰς οὗτος συντελέω , ὡς ἄν ἐλάχιστος ἔχω ὁ κίνησις , ἔνθα μάλιστα οὗτος ἀξιόλογος εὑρίσκω , ἐνταῦθα πλεῖστος  .
185917	tlg0057.tlg095.1st1K-grc1	εὑρίσκεται δὲ κατὰ τὴν τῶν πρώτων δυοῖν σφονδύλων διάρθρωσιν, ἣν πρὸς ἀλλήλους καὶ τὴν κεφαλὴν ἔχουσιν.	εὑρίσκω δέ κατά ὁ ὁ   σφόνδυλος  , ὅς πρός ἀλλήλων καί ὁ κεφαλή ἔχω .
185918	tlg0057.tlg095.1st1K-grc1	ὅπερ οὖν τοῖς ἀπαθέσιν ἄγουσιν εἰς ὀπίσω τὴν κεφαλὴν γίνεται σχῆμα, κατὰ τὴν διάρθρωσιν αὐτῆς, τοῦτο τοῖς κυφοῖς ὀρθουμένοις·	ὅς οὖν ὁ ἀπαθής ἄγω εἰς ὀπίσω ὁ κεφαλή γίγνομαι σχῆμα , κατά ὁ διάρθρωσις αὐτός , οὗτος ὁ   ·
185919	tlg0057.tlg095.1st1K-grc1	καὶ δὴ καὶ ὥσπερ οἱ κατὰ φύσιν ἔχοντες ἐξεχέβρογχοι γίνονται κατὰ τὰς εἰς τοὐπίσω τῆς κεφαλῆς ἀνανεύσεις, οὕτως οἱ κυφοὶ κατὰ τὰς ὀρθίας τάσεις.	καί δή καί ὥσπερ ὁ κατά φύσις ἔχω  γίγνομαι κατά ὁ εἰς πιπίσκω ὁ κεφαλή  , οὕτως ἕ  κατά ὁ ὄρθιος τάσις .
185920	tlg0057.tlg095.1st1K-grc1	ἐξεχεβρόγχους δηλονότι καλεῖ τοὺς ἐξέχοντας εἰς τοὐπίσω, εἰς τὸ πρόσω τὴν δίκην ἔχοντας.	καλέω ὁ  εἰς ὀπίσω , εἰς ὁ πρόσω ὁ δίκη ἔχω .
185921	tlg0057.tlg095.1st1K-grc1	οὕτως δ’ εἰκὸς ὀνομάζειν αὐτὸν, ἤτοι τὴν τραχεῖαν ἀρτηρίαν ὅλην ἢ μόνον τὸν φάρυγγα, καὶ τοῦτ’ ἔστι τὸ μάλιστα κερχνώδη τὴν ἀναπνοὴν ἐργαζόμενον, ἀμέλει καὶ τοῖς κοιμωμένοις ἐν τοιούτῳ σχήματι μάλισθ’ ὑπάρχει τὸ ῥέγχειν.	οὕτως  ἔοικα ὀνομάζω αὐτός , ἤτοι ὁ τραχύς ἀρτηρία ὅλος τίη μόνος ὁ φάρυγξ , καί  εἰμί ὁ μάλιστα  ὁ ἀναπνοή  , ἀμελέω καί ὁ κοιμάω ἐν τοιοῦτος σχῆμα  ὑπάρχω ὁ ῥέγκω .
185922	tlg0057.tlg095.1st1K-grc1	διὰ τοῦτ’ ἔφη·	διά  φημί ·
185923	tlg0057.tlg095.1st1K-grc1	καὶ γὰρ τοῖσιν ὀρθοῖσι φύσει δύσπνοιαν παρέχει τοῦτο τὸ ὀστέον, ἢν ἔσω ῥέψῃ, ἔςτ’ ἂν ἀναπιεχθῇ τοῦτο τὸ ὀστέον, ἀναφορικῶς εἰπὼν ἐπὶ τὸ προειρημένον ἐν ἀρχῇ τῆς ῥήσεως, ἔνθα φησί·	καί γάρ ὁ ὀρθός φύσις δύσπνοια παρέχω οὗτος ὁ ὀστέον , ἐάν εἴσω ῥέπω , εἰς τ’ ἄν ἀναπιέζω οὗτος ὁ ὀστέον ,  λέγω ἐπί ὁ προαγορεύω ἐν ἀρχή ὁ  , ἔνθα φημί ·
185924	tlg0057.tlg095.1st1K-grc1	καὶ γὰρ δὴ καὶ ἀναγκάζονται κατὰ τὸν μέγαν σφόνδυλον λορδὸν τὸν αὐχένα ἔχειν.	καί γάρ δή καί ἀναγκάζω κατά ὁ μέγας   ὁ αὐχήν ἔχω .
185925	tlg0057.tlg095.1st1K-grc1	ἐξ οὗ τεκμήραιτ’ ἄν τις μέγαν σφόνδυλον ὀνομάζειν αὐτὸν τὸν δεύτερον, ὃς χωρῆσαι μάλιστα δύναται πρόσω, καὶ πάλιν ἐντεῦθεν ἀναπιεχθῆναι.	ἐκ οὗ  ἄν τις μέγας  ὀνομάζω αὐτός ὁ δεύτερος , ὅς χωρέω μάλιστα δύναμαι πρόσω , καί πάλιν ἐντεῦθεν  .
185926	tlg0057.tlg095.1st1K-grc1	πρόδηλον δ’ ὅτι καὶ τὴν αὐτὴν χώραν τὴν πρόσω καὶ ἔσω κέκληκε·	πρόδηλος  ὅτι2 καί ὁ αὐτός χώρα ὁ πρόσω καί εἴσω καλέω ·
185927	tlg0057.tlg095.1st1K-grc1	πρόσω μὲν ὡς βαίνοντα ἐκ τῶν ὀπίσω μερῶν εἰς αὐτὴν σφόνδυλον, ἔσω δ’ ὅτι κατὰ τὸ βάθος ἐστὶ τοῦ σώματος, ἐάν τε πρὸς τὴν ἔσωθεν ἐπιφάνειάν τις, ἐάν τε πρὸς τὴν ὀπίσω σκοπῇ.	πρόσω μέν ὡς  ἐκ ὁ ὀπίσω μέρος εἰς αὐτός σφόνδυλος , εἴσω  ὅτι2 κατά ὁ βάθος εἰμί ὁ σῶμα , ἐάν τε πρός ὁ ἔσωθεν ἐπιφάνεια τις , ἐάν τε πρός ὁ ὀπίσω σκοπή .
185928	tlg0057.tlg095.1st1K-grc1	Φυμάτιά τε ὡς ἐπὶ τὸ πολὺ κατὰ τὸν πνεύμονά εἰσιν οἱ τοιοῦτοι σκληρῶν φυμάτων καὶ ἀπέπτων·	τε ὡς ἐπί ὁ πολύς κατά ὁ  εἰμί ὁ τοιοῦτος σκληρός φῦμα καί  ·
185929	tlg0057.tlg095.1st1K-grc1	καὶ γὰρ ἡ πρόφασις τοῦ κυφώματος καὶ ἡ ξύντασις τοῖσι πλείστοισι διὰ τοιαύτας συστροφὰς γίνεται, ᾗσιν ἂν κοινωνήσωσιν οἱ τόνοι οἱ σύνεγγυς.	καί γάρ ὁ πρόφασις ὁ κύφωμα καί ὁ σύντασις ὁ πλεῖστος διά τοιοῦτος συστροφή γίγνομαι , ὅς ἄν κοινωνέω ὁ τόνος ὁ σύνεγγυς .
185930	tlg0057.tlg095.1st1K-grc1	Οἷς ἐν τοῖς ἄνω τῶν φρενῶν ἐστί τὸ κύφωμα, τούτοις κατὰ τὸν πνεύμονα τὰ φύματά φησιν ὡς τὸ πολὺ γίγνεσθαι.	ἐν ὁ ἄνω2 ὁ φρήν εἰμί ὁ κύφωμα , οὗτος κατά ὁ πλεύμων ὁ  φημί ὡς ὁ πολύς γίγνομαι .
185931	tlg0057.tlg095.1st1K-grc1	δῆλον οὖν ὅτι καὶ οἷς ἐν ὀσφύϊ τὸ κύφωμα ᾖ καὶ τούτοις ἐνταῦθα τὰ φύματα συνίσταται.	δῆλος οὖν ὅτι2 καί ὅς ἐν ὀσφύς ὁ κύφωμα εἰμί καί οὗτος ἐνταῦθα ὁ φῦμα συνίστημι .
185932	tlg0057.tlg095.1st1K-grc1	ὡς τὸ πολὺδ’ εἶπεν, ἐπειδὴ καὶ κατὰ τὴν διάπτωσιν καὶ πληγὴν κυφοῦται ῥάχις, ὥσπερ οὖν καὶ λορδοῦται καὶ σκολιοῦται.	ὡς ὁ πολύς δ’ λέγω , ἐπεί καί κατά ὁ  καί πληγή κυφόομαι ῥάχις , ὥσπερ οὖν καί  καί  .
185933	tlg0057.tlg095.1st1K-grc1	διὰ δὲ τοῦ φάναι·	διά δέ ὁ φημί ·
185934	tlg0057.tlg095.1st1K-grc1	καὶ γὰρ ἡ πρόφασις τοῦ κυφώματος καὶ ἡ σύντασις τοῖσι πλείστοισι διὰ ταύτας συστροφὰς γίγνεται, τὴν αὐτὴν γνώμην ἐνδείκνυται κατ’ ἀρχὰς, ὁπότε λέγει·	καί γάρ ὁ πρόφασις ὁ κύφωμα καί ὁ σύντασις ὁ πλεῖστος διά οὗτος συστροφή γίγνομαι , ὁ αὐτός γνώμη ἐνδείκνυμι κατά ἀρχή ,  λέγω ·
185935	tlg0057.tlg095.1st1K-grc1	σφόνδυλοι δὲ οἱ κατὰ ῥάχιν, οἷσι μὲν ὑπὸ νοσημάτων ἕλκονται εἰς τὸ κυφόν.	δέ ἕ κατά  ,  μέν ὑπό νόσημα ἕλκω εἰς ὁ κυφός .
185936	tlg0057.tlg095.1st1K-grc1	τὸ δ’ ἐν τῇ νῦν ῥήσει λελεγμένον, ᾗσιν δ’ ἂν κοινωσήσωσιν οἱ τόνοι οἱ ξύνεγγυς ἐπὶ τὰ νεῦρα τὴν ἀναφορὰν ἔχει, κατὰ τὸν νῶτόν τε καὶ τοὺς σφονδύλους.	ὁ  ἐν ὁ νῦν ῥῆσις λέγω , ὅς  ἄν  ὁ τόνος ὁ  ἐπί ὁ νεῦρον ὁ ἀναφορά ἔχω , κατά ὁ νῶτος τε καί ὁ σφόνδυλος .
185937	tlg0057.tlg095.1st1K-grc1	ἐγὼ δὲ πρόσθεν ᾐτιασάμην τοὺς συνδέσμους τῶν σφονδύλων ἑλκομένους ἑαυτοῖς συνεπισπᾶσθαι καὶ αὐτοὺς τοὺς σπονδύλους.	δέ πρόσθεν  ὁ  ὁ σφόνδυλος  ἑαυτοῦ συνεπισπάω καί αὐτός ὁ σφόνδυλος .
185938	tlg0057.tlg095.1st1K-grc1	οὐ γὰρ ἡγοῦμαι τὰ ἀπὸ νωτιαίου πεφυκότα νεῦρα τὰ ἑλκόμενα πρὸς τοῦ φύματος ἑαυτοῖς δύνασθαι συνεπισπᾶσθαι τοὺς σφονδύλους·	οὐ γάρ  ὁ ἀπό  φύω νεῦρον ὁ ἕλκω πρός ὁ φῦμα ἑαυτοῦ δύναμαι συνεπισπάω ὁ σφόνδυλος ·
185939	tlg0057.tlg095.1st1K-grc1	καὶ γὰρ ἀσθενέστερον πολὺ τῆς τοιαύτης δυνάμεώς ἐστι διά τε σμικρότητα καὶ μαλακότητα, διὸ καὶ οὐδὲν ἐκπέφυκεν ἐκ τῶν ὀστῶν, ὥσπερ οἱ σύνδεσμοι.	καί γάρ ἀσθενής πολύς ὁ τοιοῦτος δύναμις εἰμί διά τε μικρότης καί μαλακότης , διό καί οὐδείς  ἐκ ὁ ὀστέον , ὥσπερ ὁ σύνδεσμος .
185940	tlg0057.tlg095.1st1K-grc1	ῥωμαλεώτεροι γὰρ ὄντες οὗτοι καὶ συνεχεῖς τοῖς τόνοις.	γάρ εἰμί οὗτος καί συνεχής ὁ τόνος .
185941	tlg0057.tlg095.1st1K-grc1	εἰ δ’ ἂν κοινωνήσωσι τοῖς φύμασι, δύνανται οὖν ἐπισπᾶσθαι τοὺς σφονδύλους.	εἰ  ἄν κοινωνέω ὁ  , δύναμαι οὖν ἐπισπάω ὁ σφόνδυλος .
185942	tlg0057.tlg095.1st1K-grc1	Ὅσοισι δὲ κατωτέρω τῶν φρενῶν τὸ κύφωμά ἐστι, τούτοισι νοσήματα μὲν ἐνίοισι προσγίνεται νεφριτικὰ καὶ κατὰ κύστιν, ἀτὰρ καὶ ἀποστάσιες ἐς ἐμπύημά τι καὶ κατὰ κενεῶνας καὶ κατὰ βουβῶνας χρόνιαι καὶ δυσαλθέες καὶ τουτέων οὐδ’ ἑτέρη λύει τὰ κυφώματα.	δέ κάτω ὁ  ὁ κύφωμα εἰμί , οὗτος νόσημα μέν ἔνιοι  νεφριτικός καί κατά κύστις ,  καί ἀπόστασις εἰς   καί κατά κενεών καί κατά βουβών χρόνιος καί δυσαλθής καί οὗτος οὐδέ ἕτερος λύω ὁ κύφωμα .
185943	tlg0057.tlg095.1st1K-grc1	Κατὰ συμπάθειαν δηλονότι τὰ εἰρημένα νοσήματα γίγνεται.	κατά συμπάθεια  ὁ λέγω νόσημα γίγνομαι .
185944	tlg0057.tlg095.1st1K-grc1	συμπάσχει δὲ τὰ ὁμογενῆ καὶ τὰ πλησίον ἅπερ ἐλέγετο κἀν τῷ σύνεγγυς καὶ τὰ κοινὰ καὶ μάλιστα κακοῦντα.	συμπάσχω δέ ὁ ὁμογενής καί ὁ πλησίος ὅς λέγω ἐν τῷ σύνεγγυς καί ὁ κοινός καί μάλιστα κακόω .
185945	tlg0057.tlg095.1st1K-grc1	δυσεντερία μὲν οὖν καὶ κιρσοὶ κατὰ μετάστασιν τῶν ἐργαζομένων τὰ φύματα χυμῶν γεννώμενα θεραπεύει τὴν κύφωσιν.	δυσεντερία μέν οὖν καί κιρσός κατά μετάστασις ὁ  ὁ φῦμα χυμός γεννάω θεραπεύω ὁ κύφωσις .
185946	tlg0057.tlg095.1st1K-grc1	ὅσα δὲ κατὰ συμπάθειαν γίγνεται νοσήματα, τούτων οὐδέν ἐστι λυτικῶν τῶν ἐξ ἀρχῆς παθῶν.	ὅσος δέ κατά συμπάθεια γίγνομαι νόσημα , οὗτος οὐδείς εἰμί  ὁ ἐκ ἀρχή πάθος .
185947	tlg0057.tlg095.1st1K-grc1	Ἰσχία δὲ τοῖσι τουτέοισιν ἀσαρκότερα γίνεται ἢ τοῖσιν ἄνωθεν κυφοῖσιν.	δέ ὁ  ἄσαρκος γίγνομαι ἤ ὁ ἄνωθεν  .
185948	tlg0057.tlg095.1st1K-grc1	Οἷς κατ’ ὀσφῦν ἐστι τὸ κύφωμα, τούτοις ἰσχία μᾶλλόν ἐστιν ἄσαρκα τῶν κατὰ θώρακα κυφῶν.	κατά ὀσφύς εἰμί ὁ κύφωμα , οὗτος ἰσχίον  εἰμί ἄσαρκος ὁ κατά θώραξ  .
185949	tlg0057.tlg095.1st1K-grc1	ἐκ τούτου δὲ δῆλον ὡς καὶ τοῖς κατὰ θώρακα κυφοῖς ἄσαρκα μετρίως γίγνεται τὰ κατ’ ἰσχίον, ὡς ἂν κοινωνοῦντα τῇ ῥάχει.	ἐκ οὗτος δέ δῆλος ὡς καί ὁ κατά θώραξ   μέτριος γίγνομαι ὁ κατά ἰσχίον , ὡς ἄν κοινωνέω ὁ  .
185950	tlg0057.tlg095.1st1K-grc1	Ἡ μέντοι σύμπασα ῥάχις μακροτέρη τούτοισιν ἢ τοῖσιν ἄνωθεν κυφοῖσι.	ὁ  σύμπας ῥάχις  οὗτος ἤ ὁ ἄνωθεν  .
185951	tlg0057.tlg095.1st1K-grc1	Τοῖς μηδέπω τελείοις κατὰ τὴν ἡλικίην πρὸς τῷ κοινῷ τῆς ἀτροφίας, ἔτι καὶ ἀναύξητα τὰ πεπονθότα μόρια γίνεται, καθότι καὶ πρόσθεν ἐῤῥέθη.	μηδέπω τέλειος κατά ὁ ἡλικία πρός τῷ κοινός ὁ ἀτροφία , ἔτι καί  ὁ  μόριον γίγνομαι ,  καί πρόσθεν  .
185952	tlg0057.tlg095.1st1K-grc1	νυνὶ δὲ προστίθησιν ἄλλην διαφορὰν οὐκ ἀπὸ τῆς ἡλικίας, ἀλλ’ ἀπὸ τῶν πεπονθότων μορίων·	νυνί δέ προστίθημι ἄλλος διαφορά οὐ ἀπό ὁ ἡλικία , ἀλλά ἀπό ὁ  μόριος ·
185953	tlg0057.tlg095.1st1K-grc1	ὅσῳ γὰρ ἐν ἀρχῇ μᾶλλον ἑαυτῆς ἡ ῥάχις πάθῃ, τοσούτῳ μᾶλλον ἀναυξεστέρα γίγνεται, διότι τῆς γενέσεως αὕτη καὶ τῆς αὐξήσεως ἄνωθέν ἐστιν.	ὅσος γάρ ἐν ἀρχή μᾶλλον ἑαυτοῦ ὁ ῥάχις πάσχω , τοσοῦτος μᾶλλον  γίγνομαι , διότι ὁ γένεσις οὗτος καί ὁ αὔξησις  εἰμί .
185954	tlg0057.tlg095.1st1K-grc1	Ἥβη δὲ καὶ γένειον βραχύτερα καὶ ἀτελέστερα καὶ ἀγονώτεροι οὗτοι τῶν ἄνωθεν κυφῶν.	Ἥβη δέ καί γένειον βραχύς καί  καί ἄγονος οὗτος ὁ ἄνωθεν  .
185955	tlg0057.tlg095.1st1K-grc1	Τῷ κοινῷ λόγῳ τῆς συμπαθείας προσέρχεται διαφορὰ κατὰ τὴν τῶν τόπων φύσιν.	κοινός λόγος ὁ συμπάθεια προσέρχομαι διαφορά κατά ὁ ὁ τόπος φύσις .
185956	tlg0057.tlg095.1st1K-grc1	ὁ μὲν οὖν κοινὸς λόγος ἐστὶ τὰ πλησιάζοντα τοῖς πεπονθόσι συμπάσχειν.	ὁ μέν οὖν κοινός λόγος εἰμί ὁ πλησιάζω ὁ πάσχω συμπάσχω .
185957	tlg0057.tlg095.1st1K-grc1	ἴδιος δὲ ἔνθα μὲν ἀναπνευστικὰ μόρια δυσπνουστέρους γίγνεσθαι τοὺς πάσχοντας καὶ κερχνώδεις, ἔνθα δὲ τὰ κατωτέρω τῶν φρενῶν γίνεται βραδυτέρα ἡ ἥβη.	ἴδιος δέ ἔνθα μέν    γίγνομαι ὁ πάσχω καί  , ἔνθα δέ ὁ κάτω ὁ φρήν γίγνομαι  ὁ ἥβη .
185958	tlg0057.tlg095.1st1K-grc1	ἕπεται δὲ τούτῳ καὶ ἡ κατὰ τὰ γένεια βλάβη.	δέ οὗτος καί ὁ κατά ὁ γένειον βλάβη .
185959	tlg0057.tlg095.1st1K-grc1	Οἷσι δ’ ἂν ηὐξημένοισι τὸ σῶμα γένηται κύφωσις, τούτοισιν ἀπαντικρὺ μὲν τῆς νόσου τῆς τότε παρεούσης κρίσιν ποιέει ἡ κύφωσις.	ἐάν  ὁ σῶμα γίγνομαι κύφωσις , οὗτος  μέν ὁ νόσος ὁ τότε πάρειμι κρίσις ποιέω ὁ κύφωσις .
185960	tlg0057.tlg095.1st1K-grc1	ἀνὰ χρόνον μέντοι ἐπισημαίνει τι τῶν αὐτέων, ὥσπερ καὶ τοῖσι ἑτέροισιν ἢ πλέον ἢ ἔλασσον.	ἀνά χρόνος  ἐπισημαίνω τις ὁ αὐτός , ὥσπερ καί ὁ ἕτερος τίη πολύς ἤ ἐλάσσων .
185961	tlg0057.tlg095.1st1K-grc1	ἧσσον δὲ κακοήθως, ὡς τὸ ἐπίπαν μὲν τοιαῦτά ἐστι.	ἥσσων δέ κακοήθης , ὡς ὁ ἐπίπαν μέν  εἰμί .
185962	tlg0057.tlg095.1st1K-grc1	Τὸ ἀπαντικρὺ νῦν εἴρηκεν ἐν ἴσῳ τῷ ἐκ τοῦ φανεροῦ, ὅπερ ἄλλοι τινὲς τῶν παλαιῶν ἄντικρυς εἰρήκασιν·	ἀπαντικρύ νῦν λέγω ἐν ἴσος τῷ ἐκ ὁ φανερός , ὅς ἄλλος  ὁ παλαιός ἄντικρυς λέγω ·
185963	tlg0057.tlg095.1st1K-grc1	ἐκ μὲν τοῦ φανεροῦ καὶ ὡς εἴπῃ τις αἰσθητοῦ κρίσιν ἡ κύφωσις, ὅπερ ἐπὶ λύσιν λαμβάνει καὶ δόξειεν ἂν τὸ πάθος ἀνῃρῆσθαι παντάπασιν.	ἐκ μέν ὁ  καί ὡς  τις αἰσθητός κρίσις ὁ κύφωσις , ὅς ἐπί λύσις λαμβάνω καί δοκέω ἐάν ὁ πάθος ἀναιρέω παντάπασι .
185964	tlg0057.tlg095.1st1K-grc1	ὑπολείπεται μέντοι τι λείψανον βραχὺ παροξυνόμενον, ἐπί τε τοῖς κατὰ τὴν δίαιταν ἁμαρτήμασι καὶ ἐν τῇ τῶν ἔξωθεν ἀπάτῃ βλαβερόν.	ὑπολείπω  τι λείψανον βραχύς παροξύνω , ἐπί τε ὁ κατά ὁ δίαιτα ἁμάρτημα καί ἐν ὁ ὁ ἔξωθεν ἀπάτη βλαβερός .
185965	tlg0057.tlg095.1st1K-grc1	Πολλοὶ μέντοι ἤδη καὶ εὐφόρως ἤνεγκαν καὶ ὑγιεινῶς τὴν κύφωσιν ἄχρι γήρως, μάλιστα δὲ οὗτοι, οἷσιν ἂν ἐς τὸ εὔσαρκον καὶ πιμελῶδες προτράπηται τὸ σῶμα.	ἤδη καί εὔφορος φέρω καί ὑγιεινός ὁ κύφωσις ἄχρι γῆρας , μάλιστα δέ οὗτος , ὅς ἐάν εἰς ὁ εὔσαρκος καί  προτρέπω ὁ σῶμα .
185966	tlg0057.tlg095.1st1K-grc1	ὀλίγοι μὲν ἤδη καὶ τῶν τοιούτων ὑπὲρ ἑξήκοντα ἔτη ἐβίωσαν, οἱ δὲ πλεῖστοι βραχυβιώτεροί εἰσι.	ὀλίγος μέν ἤδη καί ὁ τοιοῦτος ὑπέρ ἑξήκοντα ἔτος βιόω , ὁ δέ πλεῖστος  εἰμί .
185967	tlg0057.tlg095.1st1K-grc1	Διὰ ῥώμην φύσεως καὶ τοῦ πάθους τὴν ἐπιείκειαν, ἤδη δὲ καὶ τὴν ὅλην δίαιταν, ἣν ὁ πάσχων διαιτᾶται, μέχρι γήρως ἔνιοι τὴν κύρωσιν ὑγιεινῶς ἤνεγκαν.	διά ῥώμη φύσις καί ὁ πάθος ὁ ἐπιείκεια , ἤδη δέ καί ὁ ὅλος δίαιτα , ὅς ὁ πάσχω διαιτάω , μέχρι γῆρας ἔνιοι ὁ κύρωσις ὑγιεινός φέρω .
185968	tlg0057.tlg095.1st1K-grc1	Ἔστι δ’ οἷσι καὶ ἐς τὸ πλάγιον σκολιοῦνται σφόνδυλοι ἢ τῇ ἢ τῇ.	εἰμί  ὅς καί εἰς ὁ πλάγιος σκολιόομαι σφόνδυλος τίη ὁ ἤ ὁ .
185969	tlg0057.tlg095.1st1K-grc1	ἢ τὰ πάντα μὲν ἢ τὰ πλεῖστα τὰ τοιαῦτα γίνεται διὰ συστροφὰς τῆς εἴσωθεν ῥάχιος.	τίη ὁ πᾶς μέν τίη ὁ πλεῖστος ὁ τοιοῦτος γίγνομαι διά συστροφή ὁ   .
185970	tlg0057.tlg095.1st1K-grc1	Εἶπον ἔμπροσθεν ἤδη περὶ τῆς σκολιώσεως ὡς γίνεται κατὰ τὸ πλάγιον μέρος τοῦ σφονδύλου συστάντος φύματός πως καὶ ἐφέλκοντος ἐπὶ ἑαυτὸ τοὺς συνδέσμους, τοῦτο λέγει δὲ καὶ ὁ Ἱπποκράτης, ὅτι διὰ τοὺς τόνους.	ἔμπροσθεν ἤδη περί ὁ  ὡς γίγνομαι κατά ὁ πλάγιος μέρος ὁ  συνίστημι  πως καί  ἐπί ἑαυτοῦ ὁ  , οὗτος λέγω δέ καί ὁ Ἱπποκράτης , ὅτι2 διά ὁ τόνος .
185971	tlg0057.tlg095.1st1K-grc1	Προσξυμβάλλεται δὲ ἐνίοισι σὺν τῇ νούσῳ καὶ τὰ σχήματα, ἐφ’ ὁποῖα ἂν ἐθισθέωσι κεκλίσθαι.	δέ ἔνιοι σύν ὁ νόσος καί ὁ σχῆμα , ἐπί ὁποῖος ἐάν  κλίνω .
185972	tlg0057.tlg095.1st1K-grc1	Τὸ μέντοι τῷ συῤῥεῖν μᾶλλον ὡς ἐπὶ τὸ ταπεινότερον, τὸ δέ τι καὶ τῷ θλίβεσθαι μᾶλλον, ἐφ’ᾦ κατάκειταί τις, εἰς τὴν τοῦ κυφώματος γένεσιν ἡ συντέλεια γίνεται.	τῷ  μᾶλλον ὡς ἐπί ὁ ταπεινός , ὁ δέ τι καί τῷ θλίβω μᾶλλον , ἐπί ᾦ  τις , εἰς ὁ ὁ κύφωμα γένεσις ὁ συντέλεια γίγνομαι .
185973	tlg0057.tlg095.1st1K-grc1	πρώτη δ’ αἰτία καὶ κυριωτάτη τῶν φυμάτων καὶ τῶν ἄλλων νοσημάτων ἡ φυσικὴ τοῦ μέρους εὐπάθεια.	πρῶτος  αἰτία καί κύριος ὁ φῦμα καί ὁ ἄλλος νόσημα ὁ  ὁ μέρος εὐπάθεια .
185974	tlg0057.tlg095.1st1K-grc1	δέδεικται γὰρ εἰς τὰ τοιαῦτα μόρια συῤῥεῖν τὰ περιττά.	δείκνυμι γάρ εἰς ὁ τοιοῦτος μόριον  ὁ περισσός .
185975	tlg0057.tlg095.1st1K-grc1	Ἀλλὰ περὶ μὲν τούτων ἐν τοῖσι χρονίοισι κατὰ πνεύμονα νοσήμασιν εἰρήσεται.	ἀλλά περί μέν οὗτος ἐν ὁ χρόνιος κατά πλεύμων νόσημα ἔρομαι .
185976	tlg0057.tlg095.1st1K-grc1	ἐκεῖ γάρ εἰσιν αὐτῶν χαριέσταται προγνώσιες περὶ τῶν μελλόντων ἔσεσθαι.	ἐκεῖ γάρ εἰμί αὐτός  πρόγνωσις περί ὁ μέλλω εἰμί .
185977	tlg0057.tlg095.1st1K-grc1	Πολλὰ καὶ κατὰ τὸ βιβλίον τοῦτο γράψαι ἐπηγγείλατο μὴ σωζόμενα νῦν, ἃ τάχα μὲν οὐδ’ ὅλως ἔγραψεν ἢ οὐκ ἐσώθη, καθάπερ καὶ ἄλλα πολλὰ τῶν παλαιῶν βιβλίων οὐκέτι σώζεται, περὶ ὧν τῆς ἀπωλείας πολλοῖς γέγραπται.	πολύς καί κατά ὁ βιβλίον οὗτος γράφω ἐπαγγέλλω μή σῴζω νῦν ,  τάχα μέν οὐδέ ὅλος γράφω ἤ οὐ σῴζω , καθά καί ἄλλος πολύς ὁ   οὐκέτι σῴζω , περί ὅς ὁ ἀπώλεια πολύς γράφω .
185978	tlg0057.tlg095.1st1K-grc1	περὶ δ’ οὖν τῶν κατὰ πνεύμονα χρονίων εἴρηται μὲν πολλὰ κἀν τῷ μείζονι περὶ παθῶν, οὗ καὶ ἡ ἀρχή·	περί  οὖν ὁ κατά πλεύμων  λέγω μέν πολύς ἐν τῷ μέγας περί  , οὗ2 καί ὁ ἀρχή ·
185979	tlg0057.tlg095.1st1K-grc1	ἢν ἡ τοῦ πνεύμονος ἀρτηρίη ἑλκωθῇ.	ἐάν ὁ ὁ   ἑλκόω .
185980	tlg0057.tlg095.1st1K-grc1	εἴρηται δὲ κἀν τῷ πρώτῳ περὶ νούσων, οὐκ ὀρθῶς ἐπιγεγραμμένῳ, οὗ ἡ ἀρχή·	λέγω δέ ἐν τῷ  περί νόσος , οὐ ὀρθός  , οὗ ὁ ἀρχή ·
185981	tlg0057.tlg095.1st1K-grc1	ὃς ἂν περὶ ἰήσιος ἐθέλῃ ἐρωτᾷν ὀρθῶς καὶ ἐπερωτώμενος ἀποκρίνεσθαι.	ὅς ἄν περί ἴασις ἐθέλω  ὀρθός καί ἐπερωτάω ἀποκρίνω .
185982	tlg0057.tlg095.1st1K-grc1	ἀλλ’ οὐδ’ ἐν ἑτέρῳ τούτων ἃ νῦν ἐπηγγείλατο τελέως διώρισται.	ἀλλά οὐδέ ἐν ἕτερος οὗτος ὅς νῦν ἐπαγγέλλω τέλειος διορίζω .
185983	tlg0057.tlg095.1st1K-grc1	Ὅσοισι δὲ ἐκ καταπτώσιος ῥάχις κυφοῦται, ὀλίγα δὴ τούτων ἐκρατήθη, ὥστε ἐξιθῦναι.	δέ ἐκ κατάπτωσις ῥάχις κυφόομαι , ὀλίγος δή οὗτος κρατέω , ὥστε  .
185984	tlg0057.tlg095.1st1K-grc1	Ἄχρι νῦν ἔγραψε περὶ τῆς ἔξωθεν αἰτίας διαστρεφομένης ῥάχεως.	ἄχρι νῦν γράφω περί ὁ ἔξωθεν αἰτία  ῥάχις .
185985	tlg0057.tlg095.1st1K-grc1	ὅσα δὲ ἀπὸ τῆσδε τῆς ῥήσεως ἐφεξῆς γέγραπται πάντα περὶ τῶν ἐκ καταπτώσεως ἤ τινος πληγῆς βλαπτομένων τοὺς σφονδύλους εἴρηται καὶ ἔστι τὰ πλεῖστα σαφῆ, πλὴν εἴ που δέοι παραλελειμμένην αἰτίαν προσθεῖναι, καθάπερ καὶ νῦν τὰ ὀλίγα κατὰ τὴν ῥάχιν παραρθρημάτων ἐπανορθοῦται.	ὅσος δέ ἀπό ὅδε ὁ  ἐφεξῆς γράφω πᾶς περί ὁ ἐκ  ἤ  πληγή βλάπτω ὁ σφόνδυλος λέγω καί εἰμί ὁ πλεῖστος σαφής , πλήν εἰ που δέω  αἰτία προστίθημι , καθά καί νῦν ὁ ὀλίγος κατά ὁ ῥάχις  ἐπανορθόω .
185986	tlg0057.tlg095.1st1K-grc1	καίτοι τούτου νῦν δυνάμενος τὴν αἰτίαν ἐν τοῖς ἐφεξῆς αὐτὸς ἐνδείκνυται, γιγγλυμοειδῶς εἰπὼν, τοὺς σφονδύλους συγκεῖσθαι, ὅταν εἷς τις ἐξ αὐτῶν καθ’ ὁντιναοῦν τρόπον ἐκπίπτῃ εἰς τὴν τῆς διαρθρώσεως, χαλεπώτατόν ἐστιν ἐμβιβάσαι, πολλῶν μὲν ἀποφύσεων οὐσῶν, πολλῶν δὲ κοιλοτήτων ἐν ἑκάστῃ, τοῦτο γὰρ καὶ δι’ αὐτῆς τῆς ὄψεως ἐπὶ τῶν ὀστῶν ἐμάθετε.	οὗτος νῦν  ὁ αἰτία ἐν ὁ ἐφεξῆς αὐτός ἐνδείκνυμι ,  λέγω , ὁ σφόνδυλος σύγκειμαι , ὅταν  τις ἐκ αὐτός κατά  τρόπος  εἰς ὁ ὁ  ,  εἰμί ἐμβιβάζω , πολύς μέν ἀπόφυσις εἰμί , πολύς δέ  ἐν ἕκαστος , οὗτος γάρ καί διά αὐτός ὁ ὄψις ἐπί ὁ ὀστέον μανθάνω .
185987	tlg0057.tlg095.1st1K-grc1	Τοῦτο μὲν γὰρ αἱ ἐν τῇ κλίμακι κατατάσιες οὐδὲν ἀπεξήθυναν, ὧν γε ἐγὼ οἶδα.	οὗτος μέν γάρ ὁ ἐν ὁ κλῖμαξ    , ὅς γε  οἶδα .
185988	tlg0057.tlg095.1st1K-grc1	χρέονται γὰρ οἱ ἰητροὶ μάλιστα αὐτῇ οὗτοι οἱ ἐπιθυμέοντες ἐκχαυνοῦν τὸν πολὺν ὄχλον.	χράω γάρ ὁ ἰατρός μάλιστα αὐτός οὗτος ὁ ἐπιθυμέω ἐκχαυνόω ὁ πολύς ὄχλος .
185989	tlg0057.tlg095.1st1K-grc1	τοῖσι γὰρ τοιούτοισι ταῦτα θαυμάσιά ἐστιν, ἢν ἢ κρεμάμενον ἴδωσιν ἢ ῥιπτούμενον ἢ ὅσα τοῖσι τοιούτοισιν ἔοικε καὶ ταῦτα κληΐζουσιν ἀεὶ καὶ οὐκέτι αὐτοῖσι μέλει ὁκοῖόν τι ἀπέβη ἀπὸ τοῦ χαρίσματος, εἴτε κακὸν εἴτε ἀγαθόν.	ὁ γάρ τοιοῦτος οὗτος θαυμάσιος εἰμί , ἐάν τίη κρεμάννυμι ὁράω ἤ ῥίπτω ἤ ὅσος ὁ τοιοῦτος ἔοικα καί οὗτος κλῄζω ἀεί καί οὐκέτι αὐτός μέλω  τις ἀποβαίνω ἀπό ὁ χάρισμα , εἴτε κακός εἴτε ἀγαθός .
185990	tlg0057.tlg095.1st1K-grc1	οἱ μέντοι ἰητροὶ οἱ τὰ τοιαῦτα ἐπιτηδεύοντες σκαιοί εἰσιν, οὓς ἔγωγε ἔγνων.	ὁ  ἰατρός ὁ ὁ τοιοῦτος ἐπιτηδεύω σκαιός εἰμί , ὅς  γιγνώσκω .
185991	tlg0057.tlg095.1st1K-grc1	τὸ μὲν γὰρ ἐπινόημα ἀρχαῖον, καὶ ἐπαινέω ἔγωγε σφόδρα τὸν πρῶτον ἐπινοήσαντα καὶ τοῦτο καὶ ἄλλο πᾶν ὅ τι μηχάνημα κατὰ φύσιν ἐπενοήθη.	ὁ μέν γάρ ἐπινόημα ἀρχαῖος , καί ἐπαινέω  σφόδρα ὁ πρῶτος ἐπινοέω καί οὗτος καί ἄλλος πᾶς ὅς  μηχάνημα κατά φύσις ἐπινοέω .
185992	tlg0057.tlg095.1st1K-grc1	οὐδὲν γάρ μοι ἄελπτον, εἴ τις καλῶς σκευάσας κατασείσειε, κἂν ἐξιθύναι ἔνια.	οὐδείς γάρ  ἄελπτος , εἰ τις καλός σκευάζω κατασείω , ἐάν  ἔνιοι .
185993	tlg0057.tlg095.1st1K-grc1	αὐτὸς μέντοι κατῃσχύνθην πάντα τὰ τοιουτότροπα ἰητρεύειν οὕτω, διὰ τοῦτο ὅτι πρὸς ἀπατεώνων μᾶλλον οἱ τοιοῦτοι τρόποι.	αὐτός μέντοι καταισχύνω πᾶς ὁ τοιουτότροπος ἰατρεύω οὕτως , διά οὗτος ὅτι2 πρός  μᾶλλον ὁ τοιοῦτος τρόπος .
185994	tlg0057.tlg095.1st1K-grc1	Ἐπειδὴ προηγεῖσθαι χρὴ πάσης ἐμβολῆς ἄρθρων ἀντιτάσεις, ὡς ἐδείξαμεν, ἔστιν ἀναγκαῖον κἀπὶ τῶν ὀστῶν, ἔστι κἀπὶ τῶν κατὰ ῥάχιν ὡσαύτως πράττειν.	προηγέομαι χρή πᾶς ἐμβολή ἄρθρον  , ὡς δείκνυμι , εἰμί ἀναγκαῖος ἐπί ὁ  , εἰμί ἐπί ὁ κατά ῥάχις ὡσαύτως πράσσω .
185995	tlg0057.tlg095.1st1K-grc1	ὅπως μὲν οὖν ἀντιτείνειν ὠφελίμως χρὴ μετὰ τόδε διδάξει·	ὅπως μέν οὖν ἀντιτείνω ὠφέλιμος χρή μετά ὅδε διδάσκω ·
185996	tlg0057.tlg095.1st1K-grc1	νυνὶ δὲ διαλέγεται περὶ τῶν κακῶς γιγνομένων κατατάσεων, ἔθος ὂν αὐτῷ ποιεῖν οὕτως, ὡς ἤδη δέδεικται διὰ τῶν ἔμπροσθεν.	νυνί δέ διαλέγω περί ὁ κακός   , ἔθος  αὐτός ποιέω οὕτως , ὡς ἤδη δείκνυμι διά ὁ ἔμπροσθεν .
185997	tlg0057.tlg095.1st1K-grc1	δεῖ γὰρ ἐλέγχειν πρότερον ὅσα κακῶς ποιοῦσιν ἔνιοι τῶν ἰατρῶν, εἶθ’ οὕτως διδάσκειν τὰ βελτίω.	δέω γάρ ἐλέγχω  ὅσος κακός ποιέω ἔνιοι ὁ ἰατρός ,  οὕτως διδάσκω ὁ  .
185998	tlg0057.tlg095.1st1K-grc1	κατασπώντων οὖν πολλῶν διὰ κλίμακος τὰ κατὰ ῥάχιν παραρθρήματα, μάλιστα μέν φησι μηδ’ ἀνύειν τι τὴν ἐπίνοιαν ταύτην.	οὖν πολύς διά κλῖμαξ ὁ κατά ῥάχις  , μάλιστα μέν φημί  ἀνύω τι ὁ ἐπίνοια οὗτος .
185999	tlg0057.tlg095.1st1K-grc1	εἰ δ’ ἄρα βούλοιτό τις χρῆσθαι, διδάσκει τρόπους οἷς χρῷτο ἄν τις κάλλιστα.	εἰ  ἄρα  τις χράω2 , διδάσκω τρόπος ὅς χράω2 ἄν τις καλός .
186000	tlg0057.tlg095.1st1K-grc1	πρόκειται γὰρ ἐν τῇ κατατάσει τὴν μὲν ἄνω τάσιν τῆς ῥάχεως ἐργάσασθαι διὰ τῶν δεσμῶν, οὓς περιβάλλομεν πλησίον τοῦ πεπονθότος μέρους, τὴν δὲ κάτω διὰ τοῦ βάρους τοῦ σώματος.	πρόκειμαι γάρ ἐν ὁ κατάτασις ὁ μέν ἄνω2 τάσις ὁ ῥάχις ἐργάζομαι διά ὁ δεσμός , ὅς  πλησίος ὁ  μέρος , ὁ δέ κάτω διά ὁ βάρος ὁ σῶμα .
186001	tlg0057.tlg095.1st1K-grc1	πρὸς τοῦτον οὖν ἀποβλέπων τὸν σκοπὸν ἀκολουθήσεις τοῖς ὑπ’ αὐτοῦ λεγομένοις ἐφεξῆς·	πρός οὗτος οὖν ἀποβλέπω ὁ  ἀκολουθέω ὁ ὑπό αὐτός λέγω ἐφεξῆς ·
186002	tlg0057.tlg095.1st1K-grc1	ἔστι γὰρ τὰ πλεῖστα σαφῆ.	εἰμί γάρ ὁ πλεῖστος σαφής .
186003	tlg0057.tlg095.1st1K-grc1	Ὅσοισι μὲν οὖν ἐγγὺς τοῦ αὐχένος ἡ κύφωσις γένηται, ἧσσον εἰκὸς ὠφελέειν κατατάσιας ταύτας τὰς ἐπὶ κεφαλήν·	μέν οὖν  ὁ αὐχήν ὁ κύφωσις γίγνομαι , ἥσσων ἔοικα ὠφελέω  οὗτος ὁ ἐπί κεφαλή ·
186004	tlg0057.tlg095.1st1K-grc1	μικρὸν γὰρ τὸ βάρος ἡ κεφαλὴ καὶ τὰ ἀκρώμια τὰ καταῤῥέποντα.	μικρός γάρ ὁ βάρος ὁ κεφαλή καί ὁ ἀκρώμιον ὁ καταρρέπω .
186005	tlg0057.tlg095.1st1K-grc1	ἀλλὰ τούς γε τοιούτους εἰκὸς ἐπὶ τοὺς πόδας κατασεισθέντας μᾶλλον ἐξιθυνθῆναι.	ἀλλά ὁ γε τοιοῦτος ἔοικα ἐπί ὁ πούς κατασείω μᾶλλον ἐξιθύνω .
186006	tlg0057.tlg095.1st1K-grc1	μείζων γὰρ οὕτως καταῤῥοπίη ἐπὶ τὰ τοιαῦτα.	μέγας γάρ οὕτως  ἐπί ὁ τοιοῦτος .
186007	tlg0057.tlg095.1st1K-grc1	ὅσοισι δὲ κατωτέρω τὸ ὕβωμα, τούτοισιν εἰκὸς μᾶλλον ἐπὶ κεφαλὴν κατασείεσθαι.	ὅσος δέ κάτω ὁ ὕβωμα , οὗτος ἔοικα μᾶλλον ἐπί κεφαλή κατασείω .
186008	tlg0057.tlg095.1st1K-grc1	εἰ οὖν τις ἐθέλει κατασείειν, ὀρθῶς ἂν ὧδε σκευάζοι.	εἰ οὖν τις ἐθέλω κατασείω , ὀρθός ἄν ὧδε σκευάζω .
186009	tlg0057.tlg095.1st1K-grc1	τὴν κλίμακα χρὴ σκυτίνοισιν ἐν ὑποκεφαλαίοισι πλαγίοισιν ἢ ἐρινεοῖσι καταστρῶσαι εὖ προσδεδεμένοισιν ὀλίγῳ πλέον καὶ ἐπὶ μῆκος καὶ ἔνθεν καὶ ἔνθεν ἢ ὅσον ἂν τὸ σῶμα τοῦ ἀνθρώπου κατάσχοι.	ὁ κλῖμαξ χρή σκύτινος ἐν   ἤ  καταστορέννυμι εὖ  ὀλίγος πλέως καί ἐπί μῆκος καί ἔνθεν καί ἔνθεν ἤ ὅσος ἄν ὁ σῶμα ὁ ἄνθρωπος κατέχω .
186010	tlg0057.tlg095.1st1K-grc1	Ἐπειδὴ πάσχει ἡ ῥάχις, ἤτοι πλησίον τῆς ἄνωθεν ἀρχῆς ἢ τῇ κάτω τελευτῇ ἢ κατά τι τῶν μεταξὺ περὶ πρώτης λόγον ποιεῖται βλάβης τῆς ἐγγὺς τοῦ τραχήλου γιγνομένης.	πάσχω ὁ ῥάχις ,  πλησίος ὁ ἄνωθεν ἀρχή ἤ ὁ κάτω  τίη κατά τι ὁ μεταξύ περί  λόγος ποιέω βλάβη ὁ ἐγγύς ὁ   .
186011	tlg0057.tlg095.1st1K-grc1	ἐπὶ ταύτης οὖν εἴ τις ἐπὶ κλίμακος τὸν πεπονθότα κρεμάσειεν ἐκ τῶν ποδῶν, ὡς εἰώθεισαν ἔνιοι τῶν κατ’ αὐτὸν ἰατρῶν ποιεῖν, οὐκ ἂν εἰς τὸ κάτω γένοιτο τάσις ἀξιόλογος, ὡς ἂν μικροῦ βάρους ὄντος τοῦ κατὰ τὸν αὐχένα καὶ τὴν κεφαλήν.	ἐπί οὗτος οὖν εἰ τις ἐπί κλῖμαξ ὁ πάσχω  ἐκ ὁ πούς , ὡς  ἔνιοι ὁ κατά αὐτός ἰατρός ποιέω , οὐ ἄν εἰς ὁ κάτω γίγνομαι τάσις ἀξιόλογος , ὡς ἄν μικρός βᾶρος εἰμί ὁ κατά ὁ αὐχήν καί ὁ κεφαλή .
186012	tlg0057.tlg095.1st1K-grc1	εἰ δὲ κάτω τὸ πάθος εἴη, πλησίον τοῦ ἱεροῦ ὀστοῦ, μάλιστα ἐλπίσειέ τις ἀνύσαι τὴν κατάτασιν, ἐξ οὗ γραφή τις ἅν πως κάλλιστα.	εἰ δέ κάτω ὁ πάθος εἰμί , πλησίος ὁ ἱερόν  , μάλιστα  τις ἀνύω ὁ κατάτασις , ἐκ οὗ2 γραφή τις  πως καλός .
186013	tlg0057.tlg095.1st1K-grc1	Ἔπειτα τὸν ἅνθρωπον ὕπτιον κατακλῖναι ἐπὶ τὴν κλίμακα χρὴ, κἄπειτα προσδῆσαι μὲν τοὺς πόδας παρὰ τὰ σφυρὰ πρὸς τὴν κλίμακα μὴ διαβεβῶτα ἐν δεσμῷ εὐόχῳ μὲν, μαλθακῷ δέ.	ἔπειτα ὁ   κατακλίνω ἐπί ὁ κλῖμαξ χρή , ἔπειτα προσδέω μέν ὁ πούς παρά ὁ σφυρόν πρός ὁ κλῖμαξ μή  ἐν δεσμός  μέν , μαλθακός δέ .
186014	tlg0057.tlg095.1st1K-grc1	προσδῆσαι δὲ κατωτέρω ἑκάτερον τῶν γουνάτων καὶ ἀνωτέρω προσδῆσαι καὶ κατὰ τὰ ἰσχία.	προσδέω δέ   ὁ γόνυ καί ἄνω προσδέω καί κατά ὁ ἰσχίον .
186015	tlg0057.tlg095.1st1K-grc1	κατὰ δὲ τοὺς κενεῶνας καὶ κατὰ τὸ στῆθος χαλαρῇσι ταινίῃσι περιβαλέειν οὕτως, ὅκως μὴ κωλύωσι τὴν κατάσεισιν.	κατά δέ ὁ κενεών καί κατά ὁ στῆθος χαλαρός ταινία  οὕτως , ὅπως μή κωλύω ὁ κατάσεισις .
186016	tlg0057.tlg095.1st1K-grc1	τὰς δὲ χεῖρας παρὰ τὰς πλευρὰς περιτείναντα προσκαταλαβεῖν πρὸς αὐτὸ τὸ σῶμα καὶ μὴ πρὸς τὴν κλίμακα.	ὁ δέ χείρ παρά ὁ πλευρά  προσκαταλαμβάνω πρός αὐτός ὁ σῶμα καί μή πρός ὁ κλῖμαξ .
186017	tlg0057.tlg095.1st1K-grc1	Σαφῶς διερχόμενος ἅπαντα εὔοχον καλεῖ δεσμῶν τὸν εὐοχοῦντα, τουτέστιν ἀσφαλῶς τε ἅμα καὶ ἀθλίπτως.	ἅπας  καλέω δεσμός ὁ  ,  ἀσφαλής τε ἅμα καί  .
186018	tlg0057.tlg095.1st1K-grc1	Ὅταν δὲ κατασκευάσῃς οὕτως, ἀνέλκειν τὴν κλίμακα καὶ πρὸς τύρσιν τινὰ ὑψηλὴν ἢ πρὸς ἀέτωμα οἴκου.	δέ κατασκευάζω οὕτως , ἀνέλκω ὁ κλῖμαξ καί πρός τύρσις  ὑψηλός ἤ πρός ἀέτωμα οἶκος .
186019	tlg0057.tlg095.1st1K-grc1	Τύρσιν μὲν τὸν πύργον ἀκούειν χρὴ, οἴκου δὲ ἀέτωμα τὸ ὑψηλότατον μέρος·	μέν ὁ πύργος ἀκούω χρή , οἶκος δέ  ὁ  μέρος ·
186020	tlg0057.tlg095.1st1K-grc1	οὕτω γὰρ ὀνομάζουσι τὰς εἰς ὑψὸς ἀνατάσεις τῆς ὀροφῆς τριγωνοειδεῖς.	οὕτως γάρ ὀνομάζω ὁ εἰς  ἀνάτασις ὁ ὀροφή  .
186021	tlg0057.tlg095.1st1K-grc1	εἰ μὲν γὰρ ἡλιαστήριον ποιήσει τις ἀντὶ κεράμου, ποιήσει τὴν ὀροφὴν ἐνεπίπεδον, οὐκ ἀλέαν ἴσχουσαν ἐργάσεται.	εἰ μέν γάρ  ποιέω τις ἀντί κέραμος , ποιέω ὁ ὀροφή  , οὐ ἀλέα  ἐργάζομαι .
186022	tlg0057.tlg095.1st1K-grc1	κέραμον δὲ ἐπιτιθεὶς εὐαπόῤῥυτον αὐτῇ τὸ ὕδωρ τὸ ὄμβριον εἷναι βούλεται.	δέ  εὐαπόρρυτος αὐτός ὁ ὕδωρ ὁ  ἵημι βούλομαι .
186023	tlg0057.tlg095.1st1K-grc1	κατὰ τοῦτ’ οὖν ὑψηλὸν ἐργασάμενος τὸ μέσον τῆς ὀροφῆς κατὰ τὸ μῆκος ἐκ τῶν ὀπίσω πρὸς τὸ πρόσω τεταγμένον, οὕτω γὰρ ἐντεῦθεν ἐφ’ ἑκατέρων τῶν πλαγίων τοίχων καταγῇ τὴν ὀροφὴν ταπεινὸς μόνην, ὥσπερ τινὰς δὲ τὰς πτέρυγας καθημένας·	κατά  οὖν ὑψηλός  ὁ μέσος ὁ ὀροφή κατά ὁ μῆκος ἐκ ὁ ὀπίσω πρός ὁ πρόσω τάσσω , οὕτως γάρ ἐντεῦθεν ἐπί ἑκάτερος ὁ πλάγιος τοῖχος  ὁ ὀροφή ταπεινός μόνος , ὥσπερ  δέ ὁ πτέρυξ  ·
186024	tlg0057.tlg095.1st1K-grc1	οὕτω γὰρ ἐοίκασιν εἰκάσαντες οἱ παλαιοὶ καλέσαι τοῦτο τῆς οἰκίας τὸ μέρος, ἀετὸν δὲ καὶ οἵδε, καθάπερ καὶ ὁ Πίνδαρός φησιν ἐν ταῖς Πλειάσιν·	οὕτως γάρ ἔοικα εἰκάζω ὁ παλαιός καλέω οὗτος ὁ οἰκία ὁ μέρος ,  δέ καί ὅδε , καθά καί ὁ Πίνδαρος φημί ἐν ὁ  ·
186025	tlg0057.tlg095.1st1K-grc1	Χρύσεα δ’ ὀξύπτερα αἰετοῦ ἄειδον κληδόνες.	ὀξύπτερος ἀετός ἀείδω κληδών .
186026	tlg0057.tlg095.1st1K-grc1	καὶ Εὐριπίδης ἐν Ὑψιπύλῃ φησίν·	καί Εὐριπίδης ἐν  φημί ·
186027	tlg0057.tlg095.1st1K-grc1	Ἰδοὺ πρὸς αἰθέρα ἐξαμμιλλῆσαι κόραι.	πρός αἰθήρ  κόρη .
186028	tlg0057.tlg095.1st1K-grc1	γραπτοὺς οἷσι πρόσβλεπον τύπους.	ὅς  τύπος .
186029	tlg0057.tlg095.1st1K-grc1	ὅτι δὲ καὶ ἡ τύρσις πύργον σημαίνει μάρτυς ἀξιόπιστος καὶ ὁ Διοκλῆς ὁ Καρύστιος ταύτην τὴν νῦν εἰρημένην λέξιν παραφράζων ἐν τῷ περὶ ἐπιδέσμων βιβλίῳ κατὰ τόνδε τὸν τρόπον ἔγραψεν·	ὅτι2 δέ καί ὁ τύρσις πύργος σημαίνω μάρτυς ἀξιόπιστος καί ὁ Διοκλέης ὁ Καρύστιος οὗτος ὁ νῦν λέγω λέξις  ἐν τῷ περί  βιβλίον κατά  ὁ τρόπος γράφω ·
186030	tlg0057.tlg095.1st1K-grc1	ἀνέλκειν δὲ τὴν κλίμακα πρὸς πύργον ὑψηλὸν ἢ οἰκίας δετόν.	ἀνέλκω δέ ὁ κλῖμαξ πρός πύργος ὑψηλός ἤ οἰκία  .
186031	tlg0057.tlg095.1st1K-grc1	Τὸ δὲ χωρίον ἵνα ὅκου κατασείεις, ἀντίτυπον ἔστω.	δέ χωρίον ἵνα ὅπου κατασείω , ἀντίτυπος εἰμί .
186032	tlg0057.tlg095.1st1K-grc1	τοὺς δὲ ἀνατείνοντας εὐπαιδεύτους χρὴ εἶναι, ὅκως ὁμαλῶς καὶ καλῶς καὶ ἰσοῤῥόπως καὶ ἐξαπινέως ἀφήσωσι καὶ μήτε ἡ κλῖμαξ ἑτερόῤῥοπος εἰς γῆν ἀφίξεται μήτε αὐτοὶ προπετέες ἔσονται.	ὁ δέ ἀνατείνω εὐπαίδευτος χρή εἰμί , ὅπως ὁμαλός καί καλός καί ἰσόρροπος καί   καί μήτε ὁ κλῖμαξ ἑτερόρροπος εἰς γῆ ἀφικνέομαι  αὐτός προπετής εἰμί .
186033	tlg0057.tlg095.1st1K-grc1	Πρὸς ὑψηλόν τι τὴν ἀρχὴν τῆς κλίμακος ἀναλαβὼν ἔχουσαν ἐπιδεδεμένον, ὡς εἴρηκε, τὸν ἄνθρωπον ἀφίησιν ἀθρόον ἐπ’ ἐδάφους, ἵνα προσπεσούσης τῆς διαγηθείσης σφοδρῶς ἡ ῥάχις εἰς τὴν κατὰ φύσιν χώραν ἐμβιβάσῃ τὸν παρηρθρηκότα σφόνδυλον.	πρός  τι ὁ ἀρχή ὁ κλῖμαξ ἀναλαμβάνω ἔχω ἐπιδέω , ὡς λέγω , ὁ ἄνθρωπος ἀφίημι  ἐπί ἔδαφος , ἵνα  ὁ  σφοδρός ὁ ῥάχις εἰς ὁ κατά φύσις χώρα  ὁ  σφόνδυλος .
186034	tlg0057.tlg095.1st1K-grc1	εὔλογον οὖν ἐν τούτῳ τῷ ἔργῳ σκληρὸν εἶναι καὶ ἀντίτυπον τὸ ἔδαφος.	εὔλογος οὖν ἐν οὗτος τῷ ἔργον σκληρός εἰμί καί ἀντίτυπος ὁ ἔδαφος .
186035	tlg0057.tlg095.1st1K-grc1	εἰ γὰρ οὕτως εἴη μαλακὸν, ὡς εἰκὸς, ἐκλύει τὴν διάσεισιν τῆς ῥάχεως, οὐδὲν ἃν γένοιτο πλέον.	εἰ γάρ οὕτως εἰμί μαλακός , ὡς ἔοικα , ἐκλύω ὁ  ὁ ῥάχις , οὐδείς  γίγνομαι πλέως .
186036	tlg0057.tlg095.1st1K-grc1	Ἀπὸ μέντοι τύρσιος ἀφιεὶς ἢ ἀπὸ ἱστοῦ καταπεπηγότος καρχήσιον ἔχοντος ἔτι μᾶλλον ἄν τις σκευάσαιτο, ὥστε ἀπὸ τροχιλίης τὰ χαλώμενα εἶναι ὅπλα ἢ ἀπὸ ὄνου.	μέντοι  ἀφίημι ἤ ἀπό ἱστός καταπήγνυμι  ἔχω ἔτι μᾶλλον ἄν τις σκευάζω , ὡς ἀπό τροχιλία ὁ χαλάω εἰμί ὅπλον τίη ἀπό ὄνος .
186037	tlg0057.tlg095.1st1K-grc1	ἀηδὲς μὴν καὶ μακρηγορεῖν περὶ τούτων.	μήν καί μακρηγορέω περί οὗτος .
186038	tlg0057.tlg095.1st1K-grc1	ὅμως δὲ ἐκ τουτέων ἂν τῶν κατασκευῶν μάλιστα ἄν τις κατασεισθείη.	ὅμως δέ ἐκ οὗτος ἄν ὁ κατασκευή μάλιστα ἄν τις κατασείω .
186039	tlg0057.tlg095.1st1K-grc1	εἰ μέν τι κάρτα ἄνω εἴη τὸ ὕβωμα, δέοι δὲ κατασείειν, πάντως ἐπὶ πόδας λυσιτελέει, ὥσπερ ἤδη εἴρηται.	εἰ μέν τι κάρτα ἄνω2 εἰμί ὁ ὕβωμα ,  δέ κατασείω , πᾶς ἐπί πούς  , ὥσπερ ἤδη λέγω .
186040	tlg0057.tlg095.1st1K-grc1	πλείων γὰρ οὕτω γίνεται ἡ καταῤῥοπίη ἐπὶ ταῦτα.	πολύς γάρ οὕτως γίγνομαι ὁ  ἐπί οὗτος .
186041	tlg0057.tlg095.1st1K-grc1	Ἐπειδὴ τὴν κλίμακα πρὸς ὑψηλόν τι χωρίον ἀναταθεῖσαν ἀφεῖσθαι χρὴ κατὰ τῆς γῆς ἐξαίφνης τε καὶ ὁμαλῶς καὶ ἰσοῤῥόπως, ἄμεινον εἶναί φησι τοὺς δέσμους αὐτῆς περὶ τροχιλίας ἑλίττεσθαι·	ὁ κλῖμαξ πρός ὑψηλός  χωρίον   χρή κατά ὁ γῆ ἐξαίφνης τε καί ὁμαλός καί ἰσόρροπος , ἀμείνων εἰμί φημί ὁ  αὐτός περί τροχιλία  ·
186042	tlg0057.tlg095.1st1K-grc1	καὶ γὰρ εὔδρομον τὴν κίνησιν οὕτως ἐργασόμεθα καὶ ὁμαλὴν καὶ ἰσόῤῥοπον.	καί γάρ  ὁ κίνησις οὕτως  καί ὁμαλός καί  .
186043	tlg0057.tlg095.1st1K-grc1	ἔμπροσθεν τύρσεως καὶ ἀετώματος οἴκου μνημονεύσας μόνον, νῦν καὶ ἱστὸν προσέθηκε διπλοῦν, οὗ δῆλον ὅτι τὸ μέγιστόν τε καὶ ὄρθιον ξύλον ὡς κατὰ τὸ ἄνω πέρας ἐπιτίθεται, ἄλλο δὲ ξύλον θέσιν ἐγκαρσίαν ἔχον ὡς πρὸς τὸν ἱστὸν, ἐξ οὗ ξύλου τὸ ἱστίον ἐξῆπται.	ἔμπροσθεν  καί  οἶκος μνημονεύω μόνος , νῦν καί ἱστός προστίθημι  , οὗ δῆλος ὅτι2 ὁ μέγας τε καί ὄρθιος ξύλον ὡς κατά ὁ ἄνω2 πέρας ἐπιτίθημι , ἄλλος δέ ξύλον θέσις  ἔχω ὡς πρός ὁ ἱστός , ἐκ οὗ2  ὁ ἱστίον ἐξάπτω .
186044	tlg0057.tlg095.1st1K-grc1	διαφέρει γὰρ ἱστίον εἰπεῖν ἐν ταῖς τρισὶ συλλαβαῖς ἢ ἱστὸν ἐν δυοῖν.	διαφέρω γάρ ἱστίον λέγω ἐν ὁ  συλλαβή τίη ἱστός ἐν  .
186045	tlg0057.tlg095.1st1K-grc1	ἱστὸς μὲν γὰρ, ὡς εἶπον, ὀνομάζεται τὸ κατὰ τῆς νηὸς ἐμπεπηγὸς ὀρθὸν ξύλον, ἱστίον δὲ ἡ φυσωμένη πρὸς τῶν ἀνέμων ὀθόνη.	ἱστός μέν γάρ , ὡς λέγω , ὀνομάζω ὁ κατά ὁ ναῦς  ὀρθός ξύλον , ἱστίον δέ ὁ  πρός ὁ ἄνεμος ὀθόνη .
186046	tlg0057.tlg095.1st1K-grc1	τοὺς δὲ κατὰ τὴν ἄνω τελευτὴν τοῦ ἱστοῦ κάλους ὀνομάζουσι καρχησίους.	ὁ δέ κατά ὁ ἄνω2 τελευτή ὁ   ὀνομάζω  .
186047	tlg0057.tlg095.1st1K-grc1	ἕστ’ ἂν οὖν ἱστῷ μέλλῃ χρῆσθαι πρὸς τὸ κρεμάσαι τὴν κλίμακα διὰ τροχιλιῶν τε καὶ καρχησίων, ἐργάζου τοῦτο.	ἄν οὖν ἱστός  χράω2 πρός ὁ κρεμάννυμι ὁ κλῖμαξ διά τροχιλία τε καί  , ἐργάζομαι οὗτος .
186048	tlg0057.tlg095.1st1K-grc1	χεῖρον δ’ οὐδὲν εἷναί φησι καὶ ὀνίσκοις εἰς τὰ τοιαῦτα χρῆσθαι.	χείρων  οὐδείς  φημί καί  εἰς ὁ τοιοῦτος χράω2 .
186049	tlg0057.tlg095.1st1K-grc1	καλεῖ δ’ οὕτως δηλονότι τοὺς ἄξονας.	καλέω  οὕτως  ὁ ἄξων .
186050	tlg0057.tlg095.1st1K-grc1	Ἑρμῆσαι μὲν χρὴ κατὰ μὲν τὸ στῆθος πρὸς τὴν κλίμακα προσδήσαντα ἰσχυρῶς, κατὰ δὲ τὸν αὐχένα ὡς χαλαρωτάτῃ ταινίῃ, ὅσον τοῦ κατορθοῦσθαι εἵνεκα καὶ αὐτὴν τὴν κεφαλὴν κατὰ τὸ μέτωπον προσδῆσαι πρὸς τὴν κλίμακα·	μέν χρή κατά μέν ὁ στῆθος πρός ὁ κλῖμαξ προσδέω ἰσχυρός , κατά δέ ὁ αὐχήν ὡς  ταινία , ὅσος ὁ κατορθόω ἕνεκα καί αὐτός ὁ κεφαλή κατά ὁ μέτωπον προσδέω πρός ὁ κλῖμαξ ·
186051	tlg0057.tlg095.1st1K-grc1	τὰς δὲ χεῖρας παρατανύσαντα πρὸς τὸ σῶμα προσδῆσαι, μὴ πρὸς τὴν κλίμακα.	ὁ δέ χείρ παρατανύω πρός ὁ σῶμα προσδέω , μή πρός ὁ κλῖμαξ .
186052	tlg0057.tlg095.1st1K-grc1	τὸ μέντοι ἄλλο σῶμα ἄδετον εἶναι χρὴ, πλὴν ὅσον τοῦ κατορθοῦσθαι εἵνεκα ἄλλῃ καὶ ἄλλῃ ταινίῃ χαλαρῇ περιβεβλῆσθαι.	ὁ  ἄλλος σῶμα ἄδετος εἰμί χρή , πλήν ὅσος ὁ κατορθόω ἕνεκα ἄλλος καί ἄλλος ταινία χαλαρός περιβάλλω .
186053	tlg0057.tlg095.1st1K-grc1	Λέλεκταί μοι καὶ πρόσθεν ἕρματα τὰ ἐρείσματα καὶ ἑρμάσαι τὸ ἐρεῖσαι, καὶ τοῦτ’ εἶναι καὶ τὸ παρὰ τῷ ποιητῇ γεγραμμένον, ὑπὸ δ’ εἴρεον ἕρματα νηῶν.	ἐγώ καί πρόσθεν ἕρμα ὁ ἔρεισμα καί  ὁ ἐρείδω , καί  εἰμί καί ὁ παρά τῷ ποιητής γράφω , ὑπό   ἕρμα ναῦς .
186054	tlg0057.tlg095.1st1K-grc1	Ὅκως δὲ μὴ κωλύωσιν οὗτοι οἱ δεσμοὶ τὴν κατάσεισιν σκοπέειν τάδε.	ὅπως δέ μή κωλύω οὗτος ὁ δεσμός ὁ κατάσεισις σκοπέω ὅδε .
186055	tlg0057.tlg095.1st1K-grc1	σκέλεα πρὸς μὲν τὴν κλίμακα μὴ προσδεδέσθω, πρὸς ἄλληλα δὲ ὡς κατὰ τὴν ῥάχιν ἰθύῤῥοπα ἔῃ, ταῦτα μέντοι τοιουτοτρόπως ποιητέα, εἰ πάντως δέοι ἐν κλίμακι κατασεισθῆναι.	σκέλος πρός μέν ὁ κλῖμαξ μή  , πρός ἀλλήλων δέ ὡς κατά ὁ ῥάχις  εἰμί , οὗτος  τοιουτότροπος ποιέω , εἰ πᾶς δέω ἐν  κατασείω .
186056	tlg0057.tlg095.1st1K-grc1	αἰσχρὸν μέντοι καὶ ἐν πάσῃ τέχνῃ καὶ οὐχ ἤκιστα ἐν ἰητρικῇ πολὺν ὄχλον καὶ πολλὴν ὄψιν καὶ πολὺν λόγον παρασχόντα, ἔπειτα μηδὲν ὠφελῆσαι.	αἰσχρός μέντοι καί ἐν πᾶς τέχνη καί οὐ ἤκιστος ἐν ἰατρικός πολύς ὄχλος καί πολύς ὄψις καί πολύς λόγος  , ἔπειτα μηδείς ὠφελέω .
186057	tlg0057.tlg095.1st1K-grc1	Ἐὰν μὲν μηδ’ ὅλως ὁ κατασειόμενος ἑρμασθῇ τὸ σῶμα, πρὸς τὴν κλίμακα δεθεὶς μόνον ἐκ τῶν ἄνω μερῶν ἐκκυλισθήσεται ῥᾳδίως εἰς τὰ πλάγια μέρη, καταδεθεὶς δὲ αὖ πάλιν ἰσχυρῶς, ὡς ἀκίνητος εἶναι πρὸς τῆς κατασείσεως οὐδὲν ὀνήσεται.	μέν  ὅλος ὁ   ὁ σῶμα , πρός ὁ κλῖμαξ δέω μόνος ἐκ ὁ ἄνω2 μέρος  ῥᾴδιος εἰς ὁ πλάγιον μέρος , καταδέω δέ αὖ πάλιν ἰσχυρός , ὡς ἀκίνητος εἰμί πρός ὁ   ὀνίνημι .
186058	tlg0057.tlg095.1st1K-grc1	χρῆται γὰρ ἀμφοτέρων στοχαζόμενος, οὕτω δεσμεῖν αὐτὸν, ὡς μήτε ἀκίνητον εἶναι κατασειόμενον ὑπὸ τῆς τῶν δεσμῶν ἀσφαλείας σφιγγόμενον, ἀλλὰ μήτε χαλαρὸν οὕτως ἐπικεῖσθαι, ὡς κυλισθήσεσθαι εἰς τὰ πλάγια.	χράω2 γάρ ἀμφότερος  , οὕτως δεσμεύω αὐτός , ὡς  ἀκίνητος εἰμί  ὑπό ὁ ὁ δεσμός ἀσφάλεια σφίγγω , ἀλλά μήτε χαλαρός οὕτως ἐπίκειμαι , ὡς  εἰς ὁ πλάγιον .
186059	tlg0057.tlg095.1st1K-grc1	κατεγνωκὼς δὲ τῆς τοιαύτης ἀντιτάσεως ὁ Ἱπποκράτης ὅμως ἔγραψεν, ὡς ἂν κάλλιστα σκευάσειεν αὐτὴν, ἐπειδὴ τοὺς χρωμένους ἑώρα, μηδ’ ὅλως κάλλιστα ποιεῖν τὸ ἔργον ἐπισταμένους, ἀλλὰ καὶ ὡς εἶπεν, οὐδὲν γάρ μοι ἄμεμπτον, εἴ τις καλῶς σκευάσας κατασείσειε κἂν ἑξῆς συνθεῖναι ἔνια.	καταγιγνώσκω δέ ὁ τοιοῦτος  ὁ Ἱπποκράτης ὅμως γράφω , ὡς ἄν καλός  αὐτός , ἐπεί ὁ χράω2 ὁράω ,  ὅλος κάλλιστα ποιέω ὁ ἔργον ἐφίστημι , ἀλλά καί ὡς λέγω , οὐδείς γάρ  ἄμεμπτος , εἰ τις καλός σκευάζω κατασείω ἐάν ἑξῆς συντίθημι ἔνιοι .
186060	tlg0057.tlg095.1st1K-grc1	Χρὴ δὲ πρῶτον μὲν γινώσκειν τὴν φύσιν τῆς ῥάχιος, οἵη τίς ἐστιν, ἐς πολλὰ γὰρ νοσήματα προσδέοι ἂν αὐτῆς.	δέ πρῶτος μέν γιγνώσκω ὁ φύσις ὁ ῥάχις , οἷος τις εἰμί , εἰς πολύς γάρ νόσημα προσδέω2 ἐάν αὐτός .
186061	tlg0057.tlg095.1st1K-grc1	Ἐπισημαίνεσθαι βούλομαι κἂν ἅπαξ που καὶ ἀναμνῆσαι τῶν εἰρημένων τέ μοι κατὰ τὸ πρῶτον εὐθέως βιβλίον περὶ τῆς Ἱπποκράτους ἀνατομῆς, ἐν ᾧ γνώσῃ τὴν ἀναισχυντίαν τῶν ἐμπειρικῶν ἰατρῶν τολμησάντων Ἱπποκράτην καλεῖν ἐμπειρικόν.	βούλομαι ἐάν ἅπαξ που καί ἀναμιμνήσκω ὁ λέγω τε  κατά ὁ πρῶτος εὐθύς βιβλίον περί ὁ Ἱπποκράτης ἀνατομή , ἐν ὅς γιγνώσκω ὁ ἀναισχυντία ὁ  ἰατρός τολμάω Ἱπποκράτης καλέω  .
186062	tlg0057.tlg095.1st1K-grc1	ἐμπειρικώτατος μὲν γὰρ ἦν ἁπάντων τῶν κατὰ τὴν ἰατρικὴν τέχνην καὶ μάλιστα τῇ πείρᾳ προσέχων νοῦν καὶ πάντα ταύτῃ δοκιμάζων, ἵνα δ’ ὅλως ἀφίκηται πολλαῖς ἐπινοίαις χρώμενος λογικαῖς ἀνατομήν τε μάλιστα σπουδάζων, ὡς ὠφελοῦσαν ἱκανῶς τὴν τέχνην, ὅπερ καὶ νῦν ἐδήλωσε σαφῶς, τὴν φύσιν τῆς ῥάχεως ἀξιῶν γινώσκειν, ἣν ἄχρηστον φασιν οἱ ἐμπειρικοὶ, καθάπερ καὶ τῶν ἄλλων ἁπάντων μορίων.	μέν γάρ εἰμί ἅπας ὁ κατά ὁ ἰατρικός τέχνη καί μάλιστα ὁ πεῖρα προσέχω νόος καί πᾶς οὗτος δοκιμάζω , ἵνα  ὅλος ἀφικνέομαι πολύς ἐπίνοια χράω2   τε μάλιστα σπουδάζω , ὡς  ἱκανός ὁ τέχνη , ὅς καί νῦν δηλόω σαφής , ὁ φύσις ὁ ῥάχις ἀξιάω γιγνώσκω , ὅς ἄχρηστος φημί ὁ  , καθά καί ὁ ἄλλος ἅπας μόριον .
186063	tlg0057.tlg095.1st1K-grc1	Τοῦτο μὲν γὰρ τὸ πρὸς τὴν κοιλίην ῥέπον οἱ σφόνδυλοι ἐντὸς ἄρτιοί εἰσιν ἀλλήλοισι.	μέν γάρ ὁ πρός ὁ κοιλία ῥέπω ὁ σφόνδυλος ἐντός ἄρτιος εἰμί ἀλλήλων .
186064	tlg0057.tlg095.1st1K-grc1	Τῶν σφονδύλων τὸ μὲν ὀπίσω μέρος ἀπόφυσιν ὀξεῖαν ἔχει χονδρώδη κατὰ τὸ πέρας, ἣν ὀνομάζουσιν ἄκανθαν, τὸ δ’ ἀντικείμενον τούτῳ τὸ πρόσω τε καὶ ἐντὸς, ἑκάτερον μὲν γὰρ ὀνομάζεται, χόνδρῳ μὲν ἐπαλείφεται καὶ αὐτό.	ὁ  ὁ μέν ὀπίσω μέρος  ὀξύς2 ἔχω  κατά ὁ πέρας , ὅς ὀνομάζω ἄκανθα , ὁ   οὗτος ὁ πρόσω τε καί ἐντός , ἑκάτερος μέν γάρ ὀνομάζω , χόνδρος μέν  καί αὐτός .
186065	tlg0057.tlg095.1st1K-grc1	περιφερὲς δέ ἐστι καὶ λεῖον οὐδεμίαν ὀξεῖαν ἀπόφυσιν ἔχον, οὐδ’ ὅλως ἐξοχήν τινα βραχυτάτην, ὥσπερ ὀπίσω τε καὶ τῶν πλαγίων ἔχει.	δέ εἰμί καί  οὐδείς ὀξύς2  ἔχω , οὐδέ ὅλος ἐξοχή  βραχύς , ὥσπερ ὀπίσω τε καί ὁ πλάγιον ἔχω .
186066	tlg0057.tlg095.1st1K-grc1	ὁποῖαι μὲν οὖν εἰσιν ἑκάστῳ τῶν σφονδύλων αἱ ἀποφύσεις, ἐπί τε τῶν σκελετῶν εἶπεν, εἰρημένον νῦν περὶ τῶν σφονδύλων, οὓς κατὰ τὰ ἔνδον μέρη κέκληκεν ἀρτίους, τουτέστιν ἀπηρτισμένους αὐτῶν τε καθ’ ἑαυτῶν ἕκαστον, ἐν τε τῇ πρὸς ἀλλήλους ὁμιλίᾳ, διότι γὰρ οὔτ’ ἐξοχή τις αὐτοῖς ἐστιν ἐνταῦθα καὶ κατὰ πᾶν ἀλλήλοις ἐφαρμόττουσιν, ἀρτίους αὐτοὺς ὠνόμασεν εἶναι πρὸς ἀλλήλους, οἶον ἀπηρτισμένους ὁμιλοῦντας.	μέν οὖν εἰμί ἕκαστος ὁ σφόνδυλος ὁ ἀπόφυσις , ἐπί τε ὁ  λέγω , λέγω νῦν περί ὁ  , ὅς κατά ὁ ἔνδον μέρος καλέω ἄρτιος ,   αὐτός τε κατά ἑαυτοῦ ἕκαστος , ἐν τε ὁ πρός ἀλλήλων ὁμιλία , διότι γάρ  ἐξοχή τις αὐτός εἰμί ἐνταῦθα καί κατά πᾶς ἀλλήλων  , ἄρτιος αὐτός ὀνομάζω εἰμί πρός ἀλλήλων , οἶος  ὁμιλέω .
186067	tlg0057.tlg095.1st1K-grc1	Καὶ δέδενται πρὸς ἀλλήλους δεσμῷ μυξώδει καὶ νευρώδει ἀπὸ χόνδρων ἀποπεφυκότι ἄχρι πρὸς τὸν νωτιαῖον.	καί  πρός ἀλλήλων δεσμός  καί  ἀπό χονδρός ἀποφύω ἄχρι πρός ὁ νωτιαῖος .
186068	tlg0057.tlg095.1st1K-grc1	Ἀκριβῶς πάνυ διηγήσατο τὴν φύσιν τῆς συμβολῆς τῶν σφονδύλων.	πάνυ διηγέομαι ὁ φύσις ὁ συμβολή ὁ σφόνδυλος .
186069	tlg0057.tlg095.1st1K-grc1	οὐ γὰρ διὰ πολλοῦ, καθάπερ ᾠήθησάν τινες, ἑνοῦνται καὶ συμφύονται κατὰ τὴν ἔνδον χώραν, οὕτω γὰρ ἂν ταῖς ἐπὶ πλέον ἀνακλάσεσι πρὸς τοὐπίσω τῆς ῥάχεως ἤτοι τελέως ἀντέλεγον ἢ διεσπῶντο.	οὐ γάρ διά πολύς , καθά  τις ,  καί συμφύω κατά ὁ ἔνδον χώρα , οὕτως γάρ ἄν ὁ ἐπί πολύς  πρός ὀπίσω ὁ ῥάχις ἤτοι τέλειος ἀντιλέγω τίη διασπάω .
186070	tlg0057.tlg095.1st1K-grc1	νυνὶ δὲ, οὐ γὰρ συμπεφύκασιν, ἀλλ’ ὡς ἔχει δεσμῷ δέδενται μυξώδει καὶ νευρώδει, διὰ τοῦτο κίνησίν τινα βραχεῖαν ἔχουσι καὶ κατὰ τοῦτο τὸ μέρος, οὐκ ἂν ἔχοντες, εἰ συναποπέφυκεσαν·	νυνί δέ , οὐ γάρ  , ἀλλά ὡς ἔχω δεσμός   καί  , διά οὗτος κίνησις  βραχύς ἔχω καί κατά οὗτος ὁ μέρος , οὐ ἄν ἔχω , εἰ  ·
186071	tlg0057.tlg095.1st1K-grc1	οὔτε δεσμὸς αὐτῶν ἐξήκει μέχρι τοῦ νωτιαίου.	οὔτε δεσμός αὐτός ἐξήκω μέχρι ὁ νωτιαῖος .
186072	tlg0057.tlg095.1st1K-grc1	περίκειται γὰρ ἐν κύκλῳ τούτῳ μετὰ τὴν τραχεῖαν μήνιγγα.	περίκειμαι γάρ ἐν κύκλος οὗτος μετά ὁ τραχύς μῆνιγξ .
186073	tlg0057.tlg095.1st1K-grc1	πρώτης μὲν οὖν αὐτὸν περιεληφυίας τῆς δέσεως, ὥσπερ καὶ τὸν ἐγκέφαλον, ἐφ’ ὃν δὲ παχείας εἶπεν ἔξωθεν τοῦ προειρημένου δεσμοῦ.	πρῶτος μέν οὖν αὐτός  ὁ δέσις , ὥσπερ καί ὁ ἐγκέφαλος , ἐπί ὅς δέ  λέγω ἔξωθεν ὁ προαγορεύω δεσμός .
186074	tlg0057.tlg095.1st1K-grc1	περιττότερον γὰρ τοῦτο τῷ νωτιαίῳ παρὰ τὸν ἐγκέφαλον ὑπάρχει σκέπασμα προβλήματος, ὅπως μὴ πονήσῃ προσκόπτων τοῖς ὀστοῖς τῶν σφονδύλων ἐν τῇ κινήσει τῶν ὀστῶν τῆς ῥάχεως.	περισσός γάρ οὗτος τῷ νωτιαῖος παρά ὁ ἐγκέφαλος ὑπάρχω σκέπασμα πρόβλημα , ὅπως μή πονέω προσκόπτω ὁ  ὁ σφόνδυλος ἐν ὁ κίνησις ὁ ὀστέον ὁ ῥάχις .
186075	tlg0057.tlg095.1st1K-grc1	αὐτοῖς δὲ τοῖς σφονδύλοις ὁ σύνδεσμος μυξώδης ἐγένετο, τουτέστι γλίσχρος καὶ οἷον φλεγματώδης ἕνεκα τοῦ καὶ τὴν κίνησιν ἑτοιμοτέραν εἶναι τοῖς σφονδύλοις καὶ αὐτὸν τὸν σύνδεσμον ἀπαθέστερον·	αὐτός δέ ὁ  ὁ σύνδεσμος μυξώδης γίγνομαι ,  γλίσχρος καί οἷος  ἕνεκα ὁ καί ὁ κίνησις ἑτοῖμος εἰμί ὁ  καί αὐτός ὁ σύνδεσμος  ·
186076	tlg0057.tlg095.1st1K-grc1	ἀποῤῥήγνυται γὰρ ἐν ταῖς κινήσεσι τὰ ξηρὰ καὶ τὰ ἄνικμα.	γάρ ἐν ὁ κίνησις ὁ ξηρός καί ὁ  .
186077	tlg0057.tlg095.1st1K-grc1	διὰ τοῦτο καὶ τοὺς ἱμᾶντας ἀλείφουσιν, οἷς ἐπὶ τῶν ὀχημάτων τε καὶ αὐτῶν τῶν ὑποζυγίων χρῶνται.	διά οὗτος καί ὁ   , ὅς ἐπί ὁ ὄχημα τε καί αὐτός ὁ  χράω2 .
186078	tlg0057.tlg095.1st1K-grc1	καίτοι τὸν αὐτὸν τοῦτον τὸν μυξώδη χυμὸν ἐν ἅπασι τοῖς ἄρθροις εὑρεῖν ἐστι διὰ τὴν αὐτὴν αἰτίαν.	ὁ αὐτός οὗτος ὁ  χυμός ἐν ἅπας ὁ  εὑρίσκω εἰμί διά ὁ αὐτός αἰτία .
186079	tlg0057.tlg095.1st1K-grc1	Ἄλλοι δέ τινες τόνοι νευρώδεες διαντέοι, πρόσφυτοι παρατέτανται ἔνθεν καὶ ἔνθεν αὐτῶν.	δέ τις  νευρώδης  , πρόσφυτος  ἔνθεν καί ἔνθεν αὐτός .
186080	tlg0057.tlg095.1st1K-grc1	Διαντέους μὲν ἀκούειν χρὴ τοὺς ἄνωθεν κάτω διήκοντας ἐπὶ πολὺ μακρούς.	μέν ἀκούω χρή ὁ ἄνωθεν κάτω  ἐπί πολύς  .
186081	tlg0057.tlg095.1st1K-grc1	οὐ μὴν ἔχω γε γράφειν διὰ τί νευρώδεις εἶπε τοὺς παρατεταμένους τόνους τῶν σφονδύλων.	οὐ μήν ἔχω γε γράφω διά τι  λέγω ὁ  τόνος ὁ σφόνδυλος .
186082	tlg0057.tlg095.1st1K-grc1	οὐ γὰρ νευρώδεις εἰσὶν, ἐχρῆν εἰπεῖν, ἀλλὰ νεῦρα πλὴν τοὺς ἰσχυροὺς νευρώδεις ὠνόμασε.	οὐ γάρ  εἰμί , χρή λέγω , ἀλλά νευρά πλήν ὁ ἰσχυρός  ὀνομάζω .
186083	tlg0057.tlg095.1st1K-grc1	παρατέτανται δὲ νεῦρα σαφῶς μὲν ἑκάστῳ σφονδύλῳ καθ’ ὅλον τὸν θώρακα, περὶ ὧν ἄνωθεν γενέσεως ἐν ταῖς ἀνατομαῖς ἐθεάσασθε δεικνύντος μου, κατὰ μὲν τὸν τράχηλόν τε καὶ τὴν ὀσφῦν ἐπίκεινται μύες τοῖς σφονδύλοις, καθ’ ὃν φέρονται τὰ νεῦρα.	δέ νευρά σαφής μέν ἕκαστος σφόνδυλος κατά ὅλος ὁ θώραξ , περί ὅς ἄνωθεν γένεσις ἐν ὁ ἀνατομή  δείκνυμι  , κατά μέν ὁ  τε καί ὁ ὀσφύς ἐπίκειμαι μῦς ὁ σφόνδυλος , κατά ὅς φέρω ὁ νεῦρον .
186084	tlg0057.tlg095.1st1K-grc1	Αἱ δὲ φλεβῶν καὶ ἀρτηριῶν κοινωνίαι ἐν ἑτέρῳ λόγῳ δεδηλώσονται, ὅσαι τε καὶ οἷαι καὶ ὅθεν ὡρμημέναι καὶ ἐν οἵῃσιν οἷα δύνανται.	ὁ δέ  καί ἀρτηρία κοινωνία ἐν ἕτερος λόγος  , ὅσος τε καί οἷος καί ὅθεν ὁρμάω καί ἐν  οἷος δύναμαι .
186085	tlg0057.tlg095.1st1K-grc1	Καὶ περὶ τούτων ἐμάθετε κατὰ τὰς ἀνατομὰς, ἀλλὰ καὶ δι’ ὑπομνημάτων ἔχετε φλεβῶν μὲν καὶ ἀρτηριῶν ἀνατομὴν γεγραμμένην, ὥσπερ γε καὶ νεύρων.	καί περί οὗτος  κατά ὁ  , ἀλλά καί διά ὑπόμνημα ἔχω  μέν καί    , ὥσπερ γε καί  .
186086	tlg0057.tlg095.1st1K-grc1	ἀκριβέστερον δὲ κατὰ τὴν τῶν ἀνατομικῶν ἐγχειρήσεων πραγματείαν.	ἀκριβής δέ κατά ὁ ὁ  ἐγχείρησις πραγματεία .
186087	tlg0057.tlg095.1st1K-grc1	οὐκοῦν χρὴ μηκύνειν ἔτι περὶ αὐτῶν γράφοντα ἐνταυθοῖ, μηδ’ αὐτοῦ τοῦ Ἱπποκράτους ἐθελήσαντος ἅπασαν αὐτῶν τὴν φύσιν διελθεῖν κατὰ τοῦτο τὸ βιβλίον, ἀλλ’ ἀναβαλλομένου, καθάπερ καὶ ἄλλα πολλά.	οὐκοῦν χρή μηκύνω ἔτι περί αὐτός γράφω  ,  αὐτός ὁ Ἱπποκράτης ἐθέλω  αὐτός ὁ φύσις διέρχομαι κατά οὗτος ὁ βιβλίον , ἀλλά ἀναβάλλω , καθά καί ἄλλος πολύς .
186088	tlg0057.tlg095.1st1K-grc1	σώζεται δὲ οὐ κατὰ τὰ προκείμενα νῦν ἐν τῷ λόγῳ χωρία φλεβῶν καὶ ἀρτηριῶν συγγραφή.	σῴζω δέ οὐ κατά ὁ  νῦν ἐν ὁ λόγος χωρίον  καί ἀρτηρία συγγραφή .
186089	tlg0057.tlg095.1st1K-grc1	ἐπὶ δὲ τῶν παρατεταμένων τοῖς σφονδύλοις μερῶν ὑπομνηματικῶς, οὐ συγγραφικῶς ἐν τῷ δευτέρῳ τῶν ἐπιδημιῶν ὑπ’ αὐτοῦ λέλεκται, παραπλησίως τοῖς ἄλλοις ὅσα κατ’ ἐκεῖνο τὸ βιβλίον ἐδείξαμεν ὑπομνήματά τινα τοῦ Ἱπποκράτους, οὐ συγγράμματα.	ἐπί δέ ὁ  ὁ σφόνδυλος μέρος  , οὐ συγγραφικός ἐν ὁ δεύτερος ὁ  ὑπό αὐτός λέγω , παραπλήσιος ὁ ἄλλος ὅσος κατά ἐκεῖνος ὁ βιβλίον δείκνυμι ὑπόμνημα τις ὁ Ἱπποκράτης , οὐ σύγγραμμα .
186090	tlg0057.tlg095.1st1K-grc1	μόνον γὰρ τὸ πρῶτον καὶ τρίτον τῶν ἐπιδημιῶν ὡς πρὸς ἔκδοσιν πρὸς αὐτοῦ γέγραπται.	μόνος γάρ ὁ πρῶτος καί τρίτος ὁ  ὡς πρός ἔκδοσις πρός αὐτός γράφω .
186091	tlg0057.tlg095.1st1K-grc1	Αὐτὸς δὲ ὁ νωτιαῖος, οἷσιν ἐλλύτρωται ἐλλύτροισι καὶ ὅθεν ὡρμημένοισι καὶ ὅπῃ κραίνουσι καὶ οἷσι κοινωνέουσι καὶ οἷα δυναμένοισι.	δέ ὁ νωτιαῖος , ὅς   καί ὅθεν  καί ὅπῃ κραίνω καί  κοινωνέω καί οἷος  .
186092	tlg0057.tlg095.1st1K-grc1	Τὰ σκεπτάσματά τε καὶ περιπλήματά τινων ἔλλυτρα καλοῦσιν οἱ παλαιοὶ, διὰ τοῦτ’ οὖν καὶ νῦν ὁ Ἱπποκράτης ἔλλυτρα τοῦ νωτιαίου κέκληκε τὰ πρὸ βραχέος εἰρημένα μοι.	τε καί    καλέω ὁ παλαιός , διά  οὖν καί νῦν ὁ Ἱπποκράτης  ὁ νωτιαῖος καλέω ὁ πρό βραχύς λέγω  .
186093	tlg0057.tlg095.1st1K-grc1	δύο μὲν οὖν ἔνδοθεν ἦν ἅπαντα, ἔξωθεν δὲ τὰ κοινὰ τῶν σφονδύλων δεσμά.	γε μέν οὖν ἔνδον εἰμί ἅπας , ἔξωθεν δέ ὁ κοινός ὁ   .
186094	tlg0057.tlg095.1st1K-grc1	ὁρμῶνται δὲ αἱ μήνιγγες ἀπὸ τῶν τὸν ἐγκέφαλον περιεχουσῶν.	ὁρμάω δέ ὁ  ἀπό ὁ ὁ ἐγκέφαλος περιέχω .
186095	tlg0057.tlg095.1st1K-grc1	ὁ δὲ ἔξωθεν αὐτὰς περιλαμβάνων τρίτος χιτὼν ἀπὸ τοῦ τῆς κεφαλῆς ὀστοῦ καθ’ ὃ διαρθροῦται πρὸς τὸν πρῶτον σφόνδυλον.	ὁ δέ ἔξωθεν αὐτός περιλαμβάνω τρίτος χιτών ἀπό ὁ ὁ κεφαλή  κατά ὅς  πρός ὁ πρῶτος σφόνδυλος .
186096	tlg0057.tlg095.1st1K-grc1	τελευτῶσι δέ τοι οὗτοι δεσμοὶ, καθάπερ καὶ αὐτὸς ὁ νωτιαῖος ἄχρι τοῦ κατὰ τὴν ῥάχιν πέρατος.	τελευτάω δέ τοι οὗτος δεσμός , καθά καί αὐτός ὁ νωτιαῖος ἄχρι ὁ κατά ὁ ῥάχις πέρας .
186097	tlg0057.tlg095.1st1K-grc1	ὠνόμασε δὲ αὐτὸς ὁ Ἱπποκράτης τὸ τελευτῶσιν ὁμοίως τῷ ποιητῇ Ἀριστοφάνει·	ὀνομάζω δέ αὐτός ὁ Ἱπποκράτης ὁ  ὅμοιος τῷ ποιητής Ἀριστοφάνης ·
186098	tlg0057.tlg095.1st1K-grc1	Εἴπερ δὴ κρανέω γε καὶ εἰ τετελεσμένον ἔσται.	δή  γε καί εἰ τελέω εἰμί .
186099	tlg0057.tlg095.1st1K-grc1	οἷα δὲ δύνανται λέλεκται μὲν ἀκριβῶς ἤδη αὐτὰ κατὰ τὰς ἀνατομικὰς πραγματείας ἅμα ταῖς οἰκείαις ἐξ ἐκείνων ἐστὶ μάλιστα καὶ ἡ περὶ χρείας μορίων.	οἷος δέ δύναμαι λέγω μέν ἀκριβής ἤδη αὐτός κατά ὁ  πραγματεία ἅμα ὁ  ἐκ ἐκεῖνος εἰμί μάλιστα καί ὁ περί χρεία μόριον .
186100	tlg0057.tlg095.1st1K-grc1	ἀρκεῖ δὲ νῦν εἰπεῖν τὰς μὲν περικειμένας τῷ νωτιαίῳ μήνιγγας τὴν αὐτὴν παρέχειν χρείαν ἥνπερ καὶ τῷ ἐγκεφάλῳ, ἡ δ’ ἐν ἐκείνῳ φρουρὰ μὲν τις αὐτοῦ πρὸς τὸ μηδὲν πάσχειν ὑπὸ τῶν περικειμένων ὀστῶν ἡ παχεῖα.	ἀρκέω δέ νῦν λέγω ὁ μέν  τῷ   ὁ αὐτός παρέχω χρεία  καί τῷ ἐγκέφαλος , ὁ  ἐν ἐκεῖνος  μέν τις αὐτός πρός ὁ  πάσχω ὑπό ὁ   ὁ παχύς .
186101	tlg0057.tlg095.1st1K-grc1	σύνδεσμος δὲ τούτων καὶ ἄλλο σύμφυτόν τι δέρμα καὶ σκέπασμα τοῦ ἐγκεφάλου ἡ λεπτὴ, περὶ ὧν τοῦ τρίτου χιτῶνος ἐν τῷ νωτιαίῳ μικρὸν ἔμπροσθεν εἴρηται.	σύνδεσμος δέ οὗτος καί ἄλλος σύμφυτον  δέρμα καί σκέπασμα ὁ  ὁ λεπτός , περί ὅς ὁ τρίτος χιτών ἐν ὁ νωτιαῖος μικρός ἔμπροσθεν λέγω .
186102	tlg0057.tlg095.1st1K-grc1	Ἐν δὲ τῷ ἐπέκεινα ἐν ἄρθροισι γεγιγγλύμωνται πρὸς ἀλλήλους οἱ σφόνδυλοι.	ἐν δέ τῷ  ἐν ἄρθρον  πρός ἀλλήλων ὁ σφόνδυλος .
186103	tlg0057.tlg095.1st1K-grc1	Τὴν φύσιν τῆς ῥάχεως διηγεῖσθαι προθέμενος, εἶτ’ ἀρξάμενος ἀπὸ τῶν ἔνδον μερῶν αὐτῆς, ἔνθ’ ἀφήπτοντο μὲν οἱ σφόνδυλοι τὸ πρὸς τὴν κοιλίαν ῥέπον ἐν τοῖς ἀρτίοις οὖσιν ἀλλήλοισιν.	φύσις ὁ ῥάχις διηγέομαι  ,  ἄρχω ἀπό ὁ ἔνδον μέρος αὐτός ,   μέν ὁ σφόνδυλος ὁ πρός ὁ κοιλία ῥέπω ἐν ὁ  εἰμί ἀλλήλων .
186104	tlg0057.tlg095.1st1K-grc1	εἰκότως νῦν εἶπεν, ἐν δὲ τῷ ἐπέκεινα ἐν ἄρθροισι γεγιγγλύμωνται.	εἰκός νῦν λέγω , ἐν δέ τῷ  ἐν ἄρθρον  .
186105	tlg0057.tlg095.1st1K-grc1	τὸ γὰρ ἐπέκεινα τῶν προειρημένων μερῶν τι κατὰ τὴν ὀπίσω χώραν ἔσται, ἔνθα φησὶν αὐτὸ γεγιγγλύμωνται.	ὁ γάρ  ὁ προαγορεύω μέρος τις κατά ὁ ὀπίσω χώρα  , ἔνθα φημί αὐτός  .
186106	tlg0057.tlg095.1st1K-grc1	συνδεῖσθαι δὲ ὀπίσω φησὶ σύνδεσμον εἰρημένον τὸν ἀπὸ τῆς συνδέσεως τῶν σφονδύλων, οὐ μόνον τὸν κατὰ τὴν ἄκανθαν, ὅσπερ ἐστὶν ἀκριβῶς ὀπίσω τὸ μέγεθος τῆς ἐνταῦθα χώρας κατειληφυίας αὐτὸν, οὗ πάλιν ἑκατέρωθέν εἰσιν αἱ διαρθρώσεις τῶν σφονδύλων.	δέ ὀπίσω φημί σύνδεσμος λέγω ὁ ἀπό ὁ  ὁ σφόνδυλος , οὐ μόνος ὁ κατά ὁ ἄκανθα , ὅς εἰμί ἀκριβής ὀπίσω ὁ μέγεθος ὁ ἐνταῦθα χώρα καταλαμβάνω αὐτός , οὗ πάλιν  εἰμί ὁ διαρθρόω ὁ σφόνδυλος .
186107	tlg0057.tlg095.1st1K-grc1	εἰ μὲν ὡς πρὸς τὴν ἄκανθαν ἐξετάζοι τις, κατὰ τὰ πλάγια μέρη τῆς ῥάχεως, εἰδ’ ὡς πρὸς τὴν ὀπίσω παραβάλλουσαν χώραν, ἣν διηγήσατο καθ’ ἣν οἱ σφόνδυλοι δέδενται πρὸς ἀλλήλους ὀπίσω γιγνόμενοι, γεγιγγλυμῶσθαιδ’ εἶπε τοὺς σφονδύλους πρὸς ἀλλήλους, ἐπειδὴ τέτταρας ἀποφύσεις ἔχοντες οἷς διαρθροῦνται, ταῖς δύο μὲν γὰρ ὑποδέχονται τὰς ἐξοχὰς τοῦ πλησιάζοντος σφονδύλου, ταῖς δύο δὲ ἐπιβαίνουσι κατὰ θάτερα.	εἰ μέν ὡς πρός ὁ ἄκανθα ἐξετάζω τις , κατά ὁ πλάγιον μέρος ὁ ῥάχις , εἰ δ’ ὡς πρός ὁ ὀπίσω  χώρα , ὅς διηγέομαι κατά ὅς ὁ   πρός ἀλλήλων ὀπίσω  ,  δ’ λέγω ὁ σφόνδυλος πρός ἀλλήλων , ἐπεί τέσσαρες  ἔχω ὅς  , ὁ γε μέν γάρ ὑποδέχομαι ὁ ἐξοχή ὁ πλησιάζω σφόνδυλος , ὁ γε δέ ἐπιβαίνω κατά ἕτερος .
186108	tlg0057.tlg095.1st1K-grc1	παραπλησία δέ πώς ἐστι καὶ ἡ τῶν γιγγλυσμῶν παρασκευή.	παραπλήσιος δέ πως εἰμί καί ὁ ὁ  παρασκευή .
186109	tlg0057.tlg095.1st1K-grc1	Τόνοι δὲ κοινοὶ παρὰ πάντας καὶ ἐν τοῖσιν ἔξω μέρεσι καὶ ἐν τοῖσιν εἴσω παρατέτανται.	τόνος δέ κοινός παρά πᾶς καί ἐν ὁ ἔξω μέρος καί ἐν ὁ   .
186110	tlg0057.tlg095.1st1K-grc1	Τὰ ἀντικείμενα μέρη τῶν σφονδύλων τῇ συνδέσει ὀπίσω τε καὶ ἔξω καλεῖν ἐγχωρεῖ, καθάπερ γε καὶ αὐτὰ τὰ κατὰ τὴν σύνδεσιν ἔνδον τε καὶ πρόσω·	μέρος ὁ σφόνδυλος ὁ  ὀπίσω τε καί ἔξω καλέω ἐγχωρέω , καθά γε καί αὐτός ὁ κατά ὁ σύνδεσις ἔνδον τε καί πρόσω ·
186111	tlg0057.tlg095.1st1K-grc1	ἀλλὰ τόνους γε κατὰ τὴν ὀπίσω χώραν οὐκ ἂν εὕροις παρατεταμένους, εἴ γε τόνοι ὀνομάζονται τὰ προαιρετὰ νεῦρα.	ἀλλά  γε κατά ὁ ὀπίσω χώρα οὐ ἐάν   , εἰ γε τόνος ὀνομάζω ὁ προαιρετός νεῦρον .
186112	tlg0057.tlg095.1st1K-grc1	κατὰ γὰρ τὰς συμβολὰς τῶν σφονδύλων ἐστὶ τὸ τρίμμα, δι’ οὗ τῶν ἀπὸ νωτιαίου νεύρων ἕκαστον αὐτίκα σχίζεται καὶ τῶν μερῶν αὐτοῦ τὸ μὲν εἰς τὴν πρόσω χώραν ἀφικνεῖται, τὸ δὲ εἰς τὴν ὀπίσω διανεμόμενον εἰς τοὺς ἐπικειμένους ἐνταῦθα μύας, οὓς ῥαχίτας ὀνομάζουσιν.	κατά γάρ ὁ συμβολή ὁ  εἰμί ὁ  , διά οὗ ὁ ἀπό   ἕκαστος αὐτίκα σχίζω καί ὁ μέρος αὐτός ὁ μέν εἰς ὁ πρόσω χώρα ἀφικνέομαι , ὁ δέ εἰς ὁ ὀπίσω  εἰς ὁ  ἐνταῦθα μῦς , ὅς  ὀνομάζω .
186113	tlg0057.tlg095.1st1K-grc1	Ἀπόφυσίς τέ ἐστιν ὀστέου ἐς τὸ ἔξω μέρος ἀπὸ πάντων τῶν σφονδύλων, μία ἀπὸ ἑνὸς ἑκάστου, ἀπό τε τῶν μειζόνων ἀπό τε τῶν ἐλασσόνων.	τε εἰμί ὀστέον εἰς ὁ ἔξω μέρος ἀπό πᾶς ὁ σφόνδυλος ,  ἀπό  ἕκαστος , ἀπό τε ὁ μέγας ἀπό τε ὁ  .
186114	tlg0057.tlg095.1st1K-grc1	ἐπὶ δὲ τῇσιν ἀποφύσεσι ταύτῃσι χονδρίων ἐπιφύσιες καὶ ἀπ’ ἐκείνων, νεύρων ἀποβλάστησις ἠδελφισμένη τοῖσιν ἐξωτάτω τόνοισιν.	ἐπί δέ ὁ ἀπόφυσις οὗτος χονδρίον ἐπίφυσις καί ἀπό ἐκεῖνος ,  ἀποβλάστησις ἀδελφίζω ὁ   .
186115	tlg0057.tlg095.1st1K-grc1	Εἰς μέσην εἴτ’ ὀπίσω χώραν τῆς ῥάχεως ἀπόφυσις ἑκάστου τῶν σφονδύλων ἀνατείνεται συνθεῖσα τὴν ὅλην ἄκανθαν.	μέσος  ὀπίσω χώρα ὁ ῥάχις ἀπόφυσις ἕκαστος ὁ  ἀνατείνω  ὁ ὅλος ἄκανθα .
186116	tlg0057.tlg095.1st1K-grc1	ἐπὶ τῷ πέρατι δὲ καὶ τῆς ἀποφύσεως χόνδρος ἐπίκειται νεύρων ἀποβλαστήσεις ἔχων συνδετικὰς.	ἐπί τῷ πέρας δέ καί ὁ   ἐπίκειμαι   ἔχω  .
186117	tlg0057.tlg095.1st1K-grc1	ἠδελφισμένη φησὶ τοῖς τόνοις, ὅπερ ἤτοι τῶν ὁμοιουμένων εἰς ταὐτὸ ἰόντων καὶ ἀναμιγνυμένων, ἑκάτερον γὰρ αὐτῶν ἀληθές ἐστι.	ἀδελφίζω φημί ὁ τόνος , ὅς ἤτοι ὁ ὁμοιόω εἰς  εἶμι καί  ,  γάρ αὐτός ἀληθής εἰμί .
186118	tlg0057.tlg095.1st1K-grc1	Πλευραὶ δὲ προσπεφύκασιν ἐς τὸ εἴσω μέρος τὰς κεφαλὰς ῥέπουσαι μᾶλλον ἢ ἐς τὸ ἕξω, καθ’ ἕνα δὲ ἕκαστον τῶν σφονδύλων προσήρθρωνται.	πλευρά δέ  εἰς ὁ εἴσω μέρος ὁ κεφαλή ῥέπω μᾶλλον ἤ εἰς ὁ ἔχω , κατά  δέ ἕκαστος ὁ σφόνδυλος  .
186119	tlg0057.tlg095.1st1K-grc1	Τὰ τοῦ θώρακος ὀστᾶ διήκοντα κατὰ θέσιν ἐγκαρσίαν ἀτρέμα λοξῶς κατὰ τῆς ῥάχεως ἐπὶ τὸ στέρνον ὠνόμαζον πλευρὰς οὐχ Ἱπποκράτης μόνον, ἀλλὰ καὶ οἱ μετ’ αὐτὸν ἅπαντες ἰατροί.	ὁ θώραξ ὀστέον διήκω κατά θέσις  ἀτρέμα λοξός κατά ὁ ῥάχις ἐπί ὁ στέρνον ὀνομάζω πλευρά οὐ Ἱπποκράτης μόνος , ἀλλά καί ὁ μετά αὐτός ἅπας ἰατρός .
186120	tlg0057.tlg095.1st1K-grc1	ταύτας οὖν φησι προσηρθρῶσθαι τοῖς σφονδύλοις, οὐδὲν διαφέρον εἰ καὶ διηρθρῶσθαι φαίης, ὅπερ ἐστὶ συνηθέστερον ὄνομα τοῖς ἰατροῖς τοῖς νεωτέροις, οὕτως ὀνομαζόντων αὐτῶν τὰς ἐμβολὰς τῶν ὀστῶν, ὡς ἐκείνοις αἰσθητικήν τινα ἀξιόλογον ἔχουσι κεφαλάς τε τῶν πλευρῶν εἴρηκε τὰ πέρατα, δι’ ὧν τοῖς σφονδύλοις διαρθροῦνται κατὰ τὰς ῥίζας τῶν πλαγίων ἐν ἑαυτοῖς ἀποφύσεων.	οὗτος οὖν φημί  ὁ σφόνδυλος ,  διαφέρω εἰ καί διαρθρόω φημί , ὅς εἰμί  ὄνομα ὁ ἰατρός ὁ νεώτερος , οὕτως ὀνομάζω αὐτός ὁ ἐμβολή ὁ ὀστέον , ὡς ἐκεῖνος αἰσθητικός  ἀξιόλογος ἔχω κεφαλή τε ὁ πλευρά λέγω ὁ πέρας , διά ὅς ὁ σφόνδυλος  κατά ὁ ῥίζα ὁ πλάγιον ἐν ἑαυτοῦ ἀπόφυσις .
186121	tlg0057.tlg095.1st1K-grc1	ἀκριβῶς δὲ εἶπεν ἔσω ῥέπειν αὐτὰς μᾶλλον, ἴστε γὰρ οὕτως ἔχειν, ἀλλὰ καὶ ὅτι διαφυής πώς ἐστιν αὐτῶν ἡ διάρθρωσις ἐθεασάμεθα.	ἀκριβής δέ λέγω εἴσω ῥέπω αὐτός μᾶλλον , οἶδα γάρ οὕτως ἔχω , ἀλλά καί ὅτι2  πως εἰμί αὐτός ὁ διάρθρωσις  .
186122	tlg0057.tlg095.1st1K-grc1	παραλελοιπότος τοῦτο τοῦ Ἱπποκράτους ἢ τῷ παρελθεῖν οὐκ ἀκριβῶς θεασαμένου τὴν ὅλην φύσιν τῆς διαρθρώσεως ἢ τῷ μὴ νομισθῆναι τὴν τοιαύτην λεπτολογίαν οἰκείαν εἶναι τῇ προκειμένῃ πραγματείᾳ.	οὗτος ὁ Ἱπποκράτης ἤ τῷ παρέρχομαι οὐ ἀκριβής  ὁ ὅλος φύσις ὁ  ἤ τῷ μή νομίζω ὁ τοιοῦτος  οἰκεῖος εἰμί ὁ  πραγματεία .
186123	tlg0057.tlg095.1st1K-grc1	Καμπυλώταται δὲ πλευραὶ ἀνθρώπου εἰσὶ ῥοιβοειδέα τρόπον.	δέ πλευρά ἄνθρωπος εἰμί  τρόπος .
186124	tlg0057.tlg095.1st1K-grc1	Ἀπάντων τῶν ζώων ἄνθρωπος καμπυλωτάτας ἔχει πλευρὰς, ὅτι καὶ τὸ στέρνον ἁπάντων πλατύτατον·	ὁ ζωός ἄνθρωπος  ἔχω πλευρά , ὅτι2 καί ὁ στέρνον ἅπας πλατύς ·
186125	tlg0057.tlg095.1st1K-grc1	τῶν μὲν γὰρ ἄλλων ζώων τὸ μὲν μᾶλλόν ἐστι, τὸ δ’ ἧττον ὀξύστερνον.	ὁ μέν γάρ ἄλλος  ὁ μέν  εἰμί , ὁ  ἥσσων  .
186126	tlg0057.tlg095.1st1K-grc1	πλατυστερνότατοςδ’ ἄνθρωπος, εἶθ’ ἑξῆς πίθηκος ἁπάντων μὲν τῶν ἄλλων ζώων μᾶλλον, ἧττονδ’ ἀνθρώπου.	δ’ ἄνθρωπος ,  ἑξῆς πίθηκος ἅπας μέν ὁ ἄλλος  μᾶλλον , ἥσσων δ’ ἄνθρωπος .
186127	tlg0057.tlg095.1st1K-grc1	ἔστι δὲ κοινὸν ἅπασι μὲν ζώοις ὅσα θώρακα ἔχει τὸ τὰς πλευρὰς ἐκ μὲν τῶν ἔξω μερῶν, ἔνθα καὶ ψαύομεν αὐτῶν, κυρτὰς, ἐκ δὲ τῶν ἀντικειμένων τῶν ἔνδον εἶναι κοίλας·	εἰμί δέ κοινός ἅπας μέν ζωός ὅσος  ἔχω ὁ ὁ πλευρά ἐκ μέν ὁ ἔξω μέρος , ἔνθα καί  αὐτός ,  , ἐκ δέ ὁ  ὁ ἔνδον εἰμί κοῖλος ·
186128	tlg0057.tlg095.1st1K-grc1	εἰς γὰρ τὴν γένεσιν τῆς τοῦ θώρακος εὐρυχωρίας ἀναγκαῖον ἦν τοῦτο τοῖς ἀνθρώποις, ἐπειδὴ κατὰ τὸ στέρνον εὐθύνεσθαι τὰς πλευ ρὰς ἔδει, τὸ μετὰ τοῦτο πᾶν ἱκανῶς ἐκάμφθη, δεομένωνδ’ αὐτῶν ἐπὶ τοὺς τῆς ῥάχεως ἀφικέσθαι σφονδύλους.	εἰς γάρ ὁ γένεσις ὁ ὁ θώραξ εὐρυχωρία ἀναγκαῖος εἰμί οὗτος ὁ ἄνθρωπος , ἐπεί κατά ὁ στέρνον εὐθύνω ὁ   δέω , ὁ μετά οὗτος πᾶς ἱκανός κάμπτω , δέω δ’ αὐτός ἐπί ὁ ὁ ῥάχις ἀφικνέομαι  .
186129	tlg0057.tlg095.1st1K-grc1	τὸ μὲν γὰρ ἑρμηνευόμενον ὑπ’ αὐτοῦ πρᾶγμα σαφὲς ἡμῖν γέγονεν ἔκ τε τοῦ καμπυλωτάτας εἰπεῖν εἶναι τὰς πλευρὰς, κἀκ τούτου γιγνώσκεσθαι, ἀφ’ οὗ ὅμοιαι κατὰ τὸ σχῆμά εἰσιν.	ὁ μέν γάρ ἑρμηνεύω ὑπό αὐτός πρᾶγμα σαφής ἐγώ γίγνομαι ἐκ τε ὁ  λέγω εἰμί ὁ πλευρά , ἐκ οὗτος γιγνώσκω , ἀπό οὗ ὅμοιος κατά ὁ σχῆμα εἰμί .
186130	tlg0057.tlg095.1st1K-grc1	ἀπολείπεται δὲ ἡ ζήτησις οὐκ ἐν τῇ πραγματείᾳ, καθάπερ ἐπὶ τῶν ἔμπροσθεν, ἀλλ’ ἐν ὀνόματι χρησαμένου τοῦ Ἱπποκράτους τῇ ῥοιβοειδέα φωνῇ σαφηνείας μὲν ἕνεκεν, ἥτις παράδειγμα λέλεκται πρὸς αὐτοῦ, μείζοναδ’ ἀσάφειαν ἐργαζομένη αὐτοῦ τοῦ γιγνωσκομένου πράγματος ἢ τῆς σαφηνείας ἕνεκα παράδειγμά τι ὤφθη.	ἀπολείπω δέ ὁ ζήτησις οὐ ἐν ὁ πραγματεία , καθά ἐπί ὁ ἔμπροσθεν , ἀλλά ἐν ὄνομα χράομαι ὁ Ἱπποκράτης ὁ  φωνή σαφήνεια μέν ἕνεκα , ὅστις παράδειγμα λέγω πρός αὐτός , μέγας δ’ ἀσάφεια  αὐτός ὁ  πρᾶγμα ἤ ὁ σαφήνεια ἕνεκα παράδειγμα  ὁράω .
186131	tlg0057.tlg095.1st1K-grc1	τότε μὲν οὖν ἴσως ἦν ἡ φωνὴ συνήθης ἢ οὐκ ἂν εἴρηκε ῥοιβοειδέα τρόπον.	τότε μέν οὖν ἴσος εἰμί ὁ φωνή συνήθης ἤ οὐ ἄν λέγω  τρόπος .
186132	tlg0057.tlg095.1st1K-grc1	ἐν δὲ τῷ μετὰ ταῦτα χρήσεως αὐτῆς ἐκβληθείσης εἰς ἀσάφειαν ἧκε.	ἐν δέ τῷ μετά οὗτος χρῆσις αὐτός ἐκβάλλω εἰς ἀσάφεια ἵημι .
186133	tlg0057.tlg095.1st1K-grc1	τὸ μὲν γὰρ διὰ τοῦκ λεγόμενον ῥοικοειδέα καὶ παρὰ Θεοκρίτῳ γεγραμμένον ἔνθα φησί·	ὁ μέν γάρ διά ὁ κ λέγω  καί παρά  γράφω ἔνθα φημί ·
186134	tlg0057.tlg095.1st1K-grc1	Ῥοικὸν δέ κεν ἀγριελαίας δεξιτερᾷ κορύναν.	δέ ἄν   κορύνη .
186135	tlg0057.tlg095.1st1K-grc1	καὶ παρ’ Ἀρχιλόχῳ·	καί παρά  ·
186136	tlg0057.tlg095.1st1K-grc1	Ἀλλὰ μικρός τις εἴη καὶ περὶ κνήμας ἰδεῖν Ῥοικὸς, ἀσφαλέως βεβηκυίας ποσὶ, καρδίης πλέως.	ἀλλά μικρός τις εἰμί καί περί κνήμη ὁράω  , ἀσφαλής  πούς , καρδία πλέως .
186137	tlg0057.tlg095.1st1K-grc1	καὶ παρὰ Νικάνδρῳ·	καί παρά Νίκανδρος ·
186138	tlg0057.tlg095.1st1K-grc1	Ἄλλοι δὲ ῥοικοῖσιν ἰσήρεες ἂν τὰ παγούροις Γυῖα βαρύνονται.	δέ  ἰσήρης ἐάν ὁ   βαρύνω .
186139	tlg0057.tlg095.1st1K-grc1	τὸ μέντοι διὰ β ῥοιβὸν οὐκ οἶδα, καίτοι τινὰ τῶν ἀντιγράφων διὰ τοῦ β γέγραπται, ἀλλ’ ἐν τοῖς ἀξιοπιστοτέροις εὑρίσκεται τὸ κ.	ὁ μέντοι διά   οὐ οἶδα ,   ὁ  διά ὁ  γράφω , ἀλλά ἐν ὁ  εὑρίσκω ὁ  .
186140	tlg0057.tlg095.1st1K-grc1	Τὸ δὲ μεσηγὺ τῶν πλευρέων καὶ τῶν ὀστέων τῶν ἀποπεφυκότων ἀπὸ τῶν σφονδύλων ἀποπληρέουσιν ἑκατέρωθεν οἱ μύες ἀπὸ τοῦ αὐχένος ἀρξάμενοι ἄχρι τῶν φρενῶν τῆς προσφύσιος.	δέ  ὁ πλευρά καί ὁ  ὁ ἀποφύω ἀπό ὁ   ἑκατέρωθεν ὁ μῦς ἀπό ὁ αὐχήν ἄρχω ἄχρι ὁ φρήν ὁ  .
186141	tlg0057.tlg095.1st1K-grc1	Οὐ πάνυ τι συμφωνεῖ τὸ φαινόμενον ἐκ τῆς ἀνατομῆς τῇ διανοίᾳ τῆς λέξεως.	οὐ πάνυ τι  ὁ φαίνω ἐκ ὁ ἀνατομή ὁ διάνοια ὁ λέξις .
186142	tlg0057.tlg095.1st1K-grc1	τὸ μὲν γὰρ φαινόμενον ὧδε ἔχει·	ὁ μέν γάρ φαίνω ὧδε ἔχω ·
186143	tlg0057.tlg095.1st1K-grc1	κατὰ τὰς κεφαλὰς τῶν πλευρῶν ᾗ εἰσαρθροῦνται εἰς τοὺς σφονδύλους μύες εἰσὶν, ὄπισθεν μέν οἱ ῥαχῖται καλούμενοι κατὰ τὸ μῆκος τῆς ῥάχεως ἐκτεταμένοι μέχρι τῆς τῶν σκελῶν ἀρχῆς, ἔμπροσθεν δὲ κατὰ μῆκος, οὐ δι’ ὅλου τοῦ θώρακος ἐπικέκληνται μύες.	κατά ὁ κεφαλή ὁ πλευρόν ὅς  εἰς ὁ σφόνδυλος μῦς εἰμί , ὄπισθεν μέν ἕ  καλέω κατά ὁ μῆκος ὁ ῥάχις ἐκτείνω μέχρι ὁ ὁ  ἀρχή ,  δέ κατά μῆκος , οὐ διά  ὁ θώραξ  μῦς .
186144	tlg0057.tlg095.1st1K-grc1	ἐγκάρσιοι δὲ κεῖνται μεταξὺ τῶν πλευρῶν οὓς μεσοπλευρίους ὀνομάζουσιν, ἔπειτα βαίνουσι πρὸς ὀλίγας τῶν πλευρῶν οἱ ὑποβεβλημένοι τῷ στομάχῳ μύες, ὑφ’ ὧν εἰς τὸ πρόσω μέρος ὅλος ὁ τράχηλος ἑλκόμενος ἐπινεύει βραχὺ καὶ χωρὶς τῆς προκειμένης πρὸς κεφαλῆς διαρθρώσεως.	δέ κεῖμαι  ὁ πλευρά ὅς  ὀνομάζω , ἔπειτα βαίνω πρός ὀλίγος ὁ πλευρόν ὁ  τῷ στόμαχος μῦς , ὑπό ὅς εἰς ὁ πρόσω μέρος ὅλος ὁ τράχηλος ἕλκω ἐπινεύω βραχύς καί χωρίς ὁ  πρός κεφαλή  .
186145	tlg0057.tlg095.1st1K-grc1	ἐκείνη μὲν γὰρ αὕτη καθ’ ἑαυτὴν μεγίστην ἔχει κίνησιν ἐπινευόντων τε καὶ ἀνανευόντων, ἐὰν τοῖς μετὰ τοὺς πρώτους σφονδύλους αὐτὴν παραβάλλῃ.	ἐκεῖνος μέν γάρ οὗτος κατά ἑαυτοῦ μέγας ἔχω κίνησις ἐπινεύω τε καί  , ἐάν ὁ μετά ὁ πρῶτος σφόνδυλος αὐτός παραβάλλω .
186146	tlg0057.tlg095.1st1K-grc1	βραχυτάτην δ’ ἔχουσι τὴν πρὸς ἀλλήλους κίνησιν.	βραχύς  ἔχω ὁ πρός ἀλλήλων κίνησις .
186147	tlg0057.tlg095.1st1K-grc1	ἀλλὰ κἀκ τῶν κατ’ ὀσφῦν χωρίων.	ἀλλά ἐκ ὁ κατά ὀσφύς χωρίον .
186148	tlg0057.tlg095.1st1K-grc1	ἐπαναβαίνουσι τῷ θώρακι κατὰ τὰς ἐσχάτας πλευρὰς αἱ κορυφαὶ τῆς ψόας.	ἐπαναβαίνω τῷ θώραξ κατά ὁ ἔσχατος πλευρά ὁ κορυφή ὁ  .
186149	tlg0057.tlg095.1st1K-grc1	ὅσαι δ’ ἐν τῷ μεταξὺ τοῦ θώρακός εἰσιν οὐκ ἔχει μυῶν ἐπιβολὴν ἐν ταῖς πλαγίαις ἀποφύσεσι τῶν σφονδύλων, ἃς ἔφην διαρθροῦσθαι τὰς πλευράς.	ὅσος  ἐν τῷ  ὁ  εἰμί οὐ ἔχω μῦς ἐπιβολή ἐν ὁ  ἀπόφυσις ὁ σφόνδυλος , ὅς φημί  ὁ πλευρά .
186150	tlg0057.tlg095.1st1K-grc1	εἰσὶ δὲ καὶ ἄλλοι δύο μύες στενοὶ καὶ μικροὶ τοῖς ῥαχίταις περιτεταμένοι δι’ ὅλου τοῦ θώρακος ἔξωθεν, ἐν τοῖς πρόσω μέρεσιν αὐτῶν ἃ τοῖς ὀπίσω περὶ τὴν ἄκανθαν.	εἰμί δέ καί ἄλλος γε μῦς στενός καί μικρός ὁ   διά  ὁ θώραξ ἔξωθεν , ἐν ὁ πρόσω μέρος αὐτός ὅς ὁ ὀπίσω περί ὁ ἄκανθα .
186151	tlg0057.tlg095.1st1K-grc1	αὕτη μὲν ἡ ἐκ τῆς ἀνατομῆς εὑρισκομένη θέσις τῶν περὶ τοὺς σφονδύλους μυῶν.	οὗτος μέν ὁ ἐκ ὁ ἀνατομή  θέσις ὁ περί ὁ σφόνδυλος μῦς .
186152	tlg0057.tlg095.1st1K-grc1	ἴδωμεν ἐφεξῆς τίνων ὁ Ἱπποκράτης δύναται μνημονεύειν.	ἐφεξῆς τίνω ὁ Ἱπποκράτης δύναμαι μνημονεύω .
186153	tlg0057.tlg095.1st1K-grc1	ὅτι μὲν οὖν τῶν μεσοπλευρίων οὐ δύναται, δῆλον ἐκ τοῦ λέγειν τοὺς μύας ἀπὸ τοῦ αὐχένος ἄρχεσθαι.	ὅτι2 μέν οὖν ὁ  οὐ δύναμαι , δῆλος ἐκ ὁ λέγω ὁ μῦς ἀπό ὁ αὐχήν ἄρχω .
186154	tlg0057.tlg095.1st1K-grc1	λείπει τοίνυν τῶν ῥαχιτῶν τούτων παρατεταμένων μνημονεύειν αὐτόν.	λείπω τοίνυν ὁ  οὗτος  μνημονεύω αὐτός .
186155	tlg0057.tlg095.1st1K-grc1	ἀλλ’ οὐδετέρως καλῶς ἂν λέγοιτο τὸ μεταξὺ τῶν ὀστῶν καὶ τῶν πλευρῶν τῶν ἀποπεφυκότων ἀπὸ τῶν σφονδύλων τοὺς μῦς ἀναπληροῦν.	ἀλλά οὐδέτερος καλός ἄν λέγω ὁ  ὁ  καί ὁ  ὁ ἀποφύω ἀπό ὁ σφόνδυλος ὁ μῦς ἀναπληρόω .
186156	tlg0057.tlg095.1st1K-grc1	οἱ μὲν γὰρ ῥαχῖται ταῖς διαρθρώσεσι τῶν εἰρημένων ὀστῶν ἐν ὅλῳ τῷ θώρακι πάσαις ὄπισθεν προβέβληται, μηδὲν ἀπολείποντες ἀσκέπαστον, ἀλλὰ τάς τε ῥίζας πάσας τῶν πλευρῶν τε ἅμα καὶ τῶν εἰς τὰ πλάγια τοῖς σφονδύλοις ἀποφύσεών εἰσι μετὰ τὰς διαρθρώσεις·	ὁ μέν γάρ  ὁ  ὁ λέγω  ἐν ὅλος ὁ θώραξ πᾶς ὄπισθεν προβάλλω ,  ἀπολείπω  , ἀλλά ὁ τε ῥίζα πᾶς ὁ πλευρά τε ἅμα καί ὁ εἰς ὁ πλάγιον ὁ σφόνδυλος  εἰμί μετά ὁ διάρθρωσις ·
186157	tlg0057.tlg095.1st1K-grc1	καὶ μὲν δὴ καὶ τὸ κατὰ τὴν τελευτὴν εἰρημένον τῆς ῥήσεως τὸ ἄχρι τῆς προσφύσιος, εἰ μὴ ἐπὶ τῶν στενῶν λέγει τῶν μυῶν, τὴν τοῦ διαφράγματος πρόσφυσιν ἡμᾶς ἀναγκαῖον νοεῖν, εἰ δ’ ἐπὶ τῶν ῥαχιτῶν, τὴν τῶν σκελῶν, εἰ μὴ περὶ πρόσφυσιν εἴρηκε τὴν τούτων διάρθρωσιν.	καί μέν δή καί ὁ κατά ὁ τελευτή λέγω ὁ  ὁ ἄχρι ὁ πρόσφυσις , εἰ μή ἐπί ὁ στενός λέγω ὁ μῦς , ὁ ὁ διάφραγμα πρόσφυσις ἐγώ ἀναγκαῖος νοέω , εἰ  ἐπί ὁ  , ὁ ὁ  , εἰ μή περί πρόσφυσις λέγω ὁ οὗτος διάρθρωσις .
186158	tlg0057.tlg095.1st1K-grc1	ἐγὼ μὲν οὖν διὰ ταύτην τὴν λέξιν ἀπορῶ προσαρμόσαι τῷ φαινομένῳ, καί μοι δοκεῖ κατ’ ἀρχὴν εὐθέως ὑπὸ τοῦ πρώτου γράψαντος ἡμαρτῆσθαι ὥστε καὶ ἄλλων πολλῶν.	μέν οὖν διά οὗτος ὁ λέξις ἀπορέω2 προσαρμόζω ὁ φαίνω , καί ἐγώ δοκέω κατά ἀρχή εὐθύς ὑπό ὁ πρῶτος γράφω ἁμαρτάνω ὥστε καί ἄλλος πολύς .
186159	tlg0057.tlg095.1st1K-grc1	ἐχόντων δ’ ὡς εἴρηται τῶν φαινομένων ζήτησις τῆς ἁρμοττούσης ἐξηγήσεως εἰς τὸ κοινὸν προκείσθω.	ἔχω  ὡς λέγω ὁ φαίνω ζήτησις ὁ  ἐξήγησις εἰς ὁ κοινός  .
186160	tlg0057.tlg095.1st1K-grc1	τὸ δ’ οὖν ὡς ἐν διορισμοῖς δόξαν ἔχειν τινὰ πιθανότητα τοιόνδ’ ἐστί·	ὁ  οὖν ὡς ἐν διόρισις δόξα ἔχω  πιθανότης  εἰμί ·
186161	tlg0057.tlg095.1st1K-grc1	πλευρὰς μὲν ἀκουσόμεθα τὰς τῶν σφονδύλων αὐτῶν κεφαλὰς, ἀποπεφυκότα δὲ τῶν σφονδύλων ὀστᾶ τὰ τὴν ἀκάνθην ἐργαζόμενα, τοὺς δὲ τὴν μεταξὺ χώραν ἑκατέρων ἀναπληροῦντας μῦς τοὺς ῥαχίτας, πρόσφυσιν δὲ τὴν τῶν φρενῶν.	μέν  ὁ ὁ  αὐτός κεφαλή ,  δέ ὁ   ὁ ὁ   , ὁ δέ ὁ μεταξύ χώρα ἑκάτερος ἀναπληρόω  ὁ  , πρόσφυσις δέ ὁ ὁ φρήν .
186162	tlg0057.tlg095.1st1K-grc1	ὅ γε μὴν διδάσκαλος ἡμῶν Πέλοψ τὰς μὲν πλαγίας ἀποφύσεις τῶν σφονδύλων ἁπάντων πλευρὰς ἔφασκεν εἰρῆσθαι νῦν ὑπ’ αὐτοῦ, πρόσφυσιν δὲ τὴν τῶν φρενῶν.	ὁ γε μήν διδάσκαλος ἐγώ Πέλοψ ὁ μέν  ἀπόφυσις ὁ  ἅπας πλευρά φάσκω λέγω νῦν ὑπό αὐτός , πρόσφυσις δέ ὁ ὁ φρήν .
186163	tlg0057.tlg095.1st1K-grc1	Αὕτη δὲ ἡ ῥάχις κατὰ μῆκος ἰθυσκόλιός ἐστι.	δέ ὁ ῥάχις κατά μῆκος ἰθυσκόλιος εἰμί .
186164	tlg0057.tlg095.1st1K-grc1	Σκολίωσις μὲν ἡ εἰς τὸ πλάγιον αὐτῆς ὀνομάζεται διαστροφή.	μέν ὁ εἰς ὁ πλάγιος αὐτός ὀνομάζω διαστροφή .
186165	tlg0057.tlg095.1st1K-grc1	νυνὶ δὲ οὐ τὴν εἰς τὸ πλάγιον, ἀλλὰ τὴν εἰς τοὐπίσω τε καὶ πρόσω βούλεται δηλοῦν.	νυνί δέ οὐ ὁ εἰς ὁ πλάγιον , ἀλλά ὁ εἰς ὀπίσω τε καί πρόσω βούλομαι δηλόω .
186166	tlg0057.tlg095.1st1K-grc1	εὐθεῖα γὰρ οὖσα κατὰ τὸ μῆκος ἐκκλίνεται βραχὺ πρός τε τὴν ὀπίσω καὶ τὴν πρόσω χώραν, ὡς αὐτὸς ἐφεξῆς διδάσκει.	εὐθύς γάρ εἰμί κατά ὁ μῆκος ἐκκλίνω βραχύς πρός τε ὁ ὀπίσω καί ὁ πρόσω χώρα , ὡς αὐτός ἐφεξῆς διδάσκω .
186167	tlg0057.tlg095.1st1K-grc1	Ἀπὸ μὲν τοῦ ἱεροῦ ὀστέου ἄχρι τοῦ μεγάλου σφονδύλου, παρ’ ὃν προσήρτηται τῶν σκελέων ἡ πρόσφυσις ἄχρι μὲν τούτου κυφή.	ἀπό μέν ὁ ἱερόν ὀστέον ἄχρι ὁ μέγας  , παρά ὅς προσαρτάω ὁ  ὁ πρόσφυσις ἄχρι μέν οὗτος  .
186168	tlg0057.tlg095.1st1K-grc1	κύστις τε γὰρ καὶ γοναὶ καὶ ἀρχοῦ τὸ χαλαρὸν ἐν τουτέῳ ἔκτισται.	κύστις τε γάρ καί γονή καί ἀρχός ὁ χαλαρός ἐν  κτίζω .
186169	tlg0057.tlg095.1st1K-grc1	Τὴν τῶν σκελῶν πρόσφυσιν ἔνεστιν ἀκούειν πολυειδῶς, κυριώτατον μὲν ἴσως τὴν ἀπὸ τῆς κατ’ ἰσχίον διαρθρώσεως ἥτις γίγνεται τοῦ μηροῦ τῆς κεφαλῆς συνδονουμένης τῷ κατ’ ἰσχίον ὀστῷ, διά τε τῶν πλατέων συνδέσμων καὶ τοῦ στρογγύλου, καθ’ ὃν τῷ βαθυτάτῳ τῆς κοτύλης συμφύεται καὶ διὰ τῶν μυῶν κινούντων τὴν τοῦ μηροῦ διάρθρωσιν, εἰκότως ἂν λέγοιτο τοῖς ὑπερκειμένοις συμφύεσθαι τὸ σκέλος καὶ μετὰ ταῦτα διὰ νεύρων, εἶτ’ ἔπειτα διὰ ἀρτηριῶν τε καὶ φλεβῶν.	ὁ σκέλος  ἔνειμι ἀκούω πολυειδής , κύριος μέν ἴσος ὁ ἀπό ὁ κατά ἰσχίον  ὅστις γίγνομαι ὁ μηρός ὁ κεφαλή  τῷ κατά ἰσχίον  , διά τε ὁ πλάτης  καί ὁ στρογγύλος , κατά ὅς τῷ βαθύς ὁ κοτύλη συμφύω καί διά ὁ μῦς κινέω ὁ ὁ μηρός διάρθρωσις , εἰκός ἐάν λέγω ὁ  συμφύω ὁ σκέλος καί μετά οὗτος διά νεῦρον ,  ἔπειτα διά ἀρτηρία τε καί  .
186170	tlg0057.tlg095.1st1K-grc1	ἔοικε δὲ νῦν ὁ Ἱπποκράτης τὴν διὰ τῶν νεύρων προσάρτησιν δηλοῦν.	ἔοικα δέ νῦν ὁ Ἱπποκράτης ὁ διά ὁ νευρά  δηλόω .
186171	tlg0057.tlg095.1st1K-grc1	εἰ δὲ τῶν κατὰ ὀσφῦν ἔσχατον σφόνδυλον ὃ διαρθροῦται τῷ πλάτει γε καὶ ἱερῷ καλουμένῳ ὀστῷ τῶν ἐπὶ τὰ σκέλη φερομένων νεύρων ἐστὶν ἡ ἔκφυσις.	εἰ δέ ὁ κατά ὀσφύς   ὁ  τῷ πλάτος γε καί ἱερόν καλέω  ὁ ἐπί ὁ σκέλος φέρω  εἰμί ὁ ἔκφυσις .
186172	tlg0057.tlg095.1st1K-grc1	ἀλλὰ καὶ τὸ ἵνα χρὴ τὸ ὑπὸ τοῦ τόπου κατ’ αὐτὴν εἷναι τὴν ῥάχιν, ὑπὸ τοῦ κατὰ τὴν ἀνατομὴν φαινομένου μαρτυρεῖται καὶ τὸ κύστιν καὶ γο νὰς καὶ ἀρχοῦ τὸ χαλαρὸν ἐν τούτῳ κεῖσθαι·	ἀλλά καί ὁ ἵνα χρή ὁ ὑπό ὁ τόπος κατά αὐτός ἵημι ὁ ῥάχις , ὑπό ὁ κατά ὁ  φαίνω μαρτυρέω καί ὁ κύστις καί   καί ἀρχός ὁ χαλαρός ἐν οὗτος κεῖμαι ·
186173	tlg0057.tlg095.1st1K-grc1	διόπερ καὶ κυρτὸν ἔξωθεν ἐγένετο.	καί κυρτός ἔξωθεν γίγνομαι .
186174	tlg0057.tlg095.1st1K-grc1	γονὰς δὲ εἴρηκε τὰ γεννητὰ μόρια, μήτραν μὲν ἐπὶ τῶν θηλειῶν, ἐπὶ δὲ τῶν ἀνδρῶν τὰ σπερμάτικά τινα καλούμενα, χαλαρὸν δ’ ἀρχοῦ κέκληκε τὸ μετὰ σφιγκτῆρα·	γονή δέ λέγω ὁ γεννητός μόριον , μήτρα μέν ἐπί ὁ  , ἐπί δέ ὁ ἀνήρ ὁ  τις καλέω , χαλαρός   καλέω ὁ μετά σφιγκτήρ ·
186175	tlg0057.tlg095.1st1K-grc1	καὶ γὰρ καὶ ἐπίκειται τῷ ἱερῷ ὀστῷ τοῦτο καὶ ὄντως ἐστὶ χαλαρὸν οὐκ ἔχων τοὺς σφίγγοντας μῦς τὸ πέρας τοῦ ἀπευθυσμένου.	καί γάρ καί ἐπίκειμαι τῷ ἱερόν  οὗτος καί ὄντως εἰμί χαλαρός οὐ ἔχω ὁ  μῦς ὁ πέρας ὁ  .
186176	tlg0057.tlg095.1st1K-grc1	Ἀπὸ δὲ τούτου ἄχρι φρενῶν προσαρτήσιος ἰθυλόρδη.	δέ οὗτος ἄχρι φρήν   .
186177	tlg0057.tlg095.1st1K-grc1	Οὐδὲν ἐνταῦθα τοιοῦτον περιέχεταί τι κατὰ τῆς ῥάχεως, οἷον ἐν τοῖς κατὰ μήτραν ἢ ἐν κύστει, ὅθεν οὐδὲ σιμωθῆναι τὸ ἔνδον ἔχρηζε καὶ διὰ τοῦτο οὐδὲ κυφωθῆναι τὸ ἔξω, ἀλλὰ καὶ βραχὺ ῥέπειν ἐώρα κατὰ τοῦθ’ ἡ ῥάχις.	ἐνταῦθα τοιοῦτος  τις κατά ὁ ῥάχις , οἷος ἐν ὁ κατά μήτρα ἤ ἐν  , ὅθεν οὐδέ  ὁ ἔνδον  καί διά οὗτος οὐδέ  ὁ ἔξω , ἀλλά καί βραχύς ῥέπω  κατά  ὁ ῥάχις .
186178	tlg0057.tlg095.1st1K-grc1	ἐπὶ δὲ τὴν ἀρτηρίαν ἔδει τὴν μεγάλην καὶ τὴν φλέβα ἣ κατ’ αὐτῆς ἐστηρίχθαι.	ἐπί δέ ὁ ἀρτηρία δέω ὁ μέγας καί ὁ φλέψ ὁ κατά αὐτός  .
186179	tlg0057.tlg095.1st1K-grc1	Καὶ παραφύσιας ἔχει μυῶν τοῦτο μοῦνον τὸ χωρίον ἐκ τῶν εἴσωθεν, ἃς δὴ καλέουσι ψόας.	καί  ἔχω μῦς οὗτος μόνος ὁ χωρίον ἐκ ὁ  , ὅς δή καλέω  .
186180	tlg0057.tlg095.1st1K-grc1	Ἐκ ταύτης τῆς ῥήσεως μάλιστά τις τεκμήραιτο μὴ συναριθμεῖν αὐτὸν τῇ ῥάχει τοὺς κατὰ τράχηλον σφονδύλους.	ἐκ οὗτος ὁ   τις τεκμαίρομαι μή συναριθμέω αὐτός ὁ  ὁ κατά  σφόνδυλος .
186181	tlg0057.tlg095.1st1K-grc1	ὡς γὰρ ἐκ τοῦ πλατέος ὀστοῦ καὶ τῶν κατὰ θώρακα σφονδύλων συγκειμένης ὅλης τῆς ῥάχεως, οὕτω παραφύσιας ἔχει μυῶν τοῦτο μόνον τὸ ἔσωθεν.	ὡς γάρ ἐκ ὁ πλατύς  καί ὁ κατά θώραξ σφόνδυλος  ὅλος ὁ ῥάχις , οὕτως  ἔχω μῦς οὗτος μόνος ὁ ἔσωθεν .
186182	tlg0057.tlg095.1st1K-grc1	εἰ γὰρ δὴ καὶ τοὺς κατὰ τράχηλον αὐτοῖς συνηρίθμει, ψευδὲς ἂν ἦν ἐναργῶς·	εἰ γάρ δή καί ὁ κατά τράχηλος αὐτός  , ψευδής ἐάν εἰμί ἐναργής ·
186183	tlg0057.tlg095.1st1K-grc1	οὐ γὰρ μόνον τούτου τοῦ χωρίου παραφύσεις μυῶν ἔχοντος καὶ τοῦ τραχήλου μεγάλους μῦς ἐκ τῶν ἔνδον μερῶν.	οὐ γάρ μόνος οὗτος ὁ χωρίον  μῦς ἔχω καί ὁ τράχηλος μέγας  ἐκ ὁ ἔνδον μέρος .
186184	tlg0057.tlg095.1st1K-grc1	οὐδὲ γὰρ ἠγνόησέ τις αὐτοὺς ἀξιολόγους ὄντας, ὅπως καὶ οἱ μικρότεροι μύες ἦσαν, οὐκ ἂν αὐτοὺς ἠγνόησεν.	οὐδέ γάρ ἀγνοέω τις αὐτός ἀξιόλογος εἰμί , ὅπως καί ὁ  μῦς εἰμί , οὐ ἄν αὐτός ἀγνοέω .
186185	tlg0057.tlg095.1st1K-grc1	εἰ μέντοι μόριόν τι τῶν ψοῶν ὑπὲρ τὴν τῶν φρενῶν ἀναγίνεται πρόσφυσιν, οὐκ ἐπεσημήνατο τοῖς προκειμένοις νῦν οὐχ ἡγούμενος ἁρμόττειν τὴν τοιαύτην ἀκριβολογίαν.	εἰ  μόριος τις ὁ  ὑπέρ ὁ ὁ φρήν  πρόσφυσις , οὐ ἐπισημαίνω ὁ  νῦν οὐ  ἁρμόζω ὁ τοιοῦτος ἀκριβολογία .
186186	tlg0057.tlg095.1st1K-grc1	Ἀπὸ δὲ τούτου ἄχρι τοῦ μεγάλου σφονδύλου τοῦ ὑπὲρ τῶν ἐπωμίδων ἰθυκύφη, ἔτι δὲ μᾶλλον δοκέῃ ἤ ἐστιν.	δέ οὗτος ἄχρι ὁ μέγας σφόνδυλος ὁ ὑπέρ ὁ ἐπωμίς  , ἔτι δέ μᾶλλον δοκέω ἤ εἰμί .
186187	tlg0057.tlg095.1st1K-grc1	ἡ γὰρ ἄκανθα κατὰ μέσον ὑψηλοτάτας τὰς ἐκφύσιας τῶν ὀστέων ἔχει, ἔνθεν δὲ καὶ ἔνθεν ἐλάσσους.	ὁ γάρ  κατά μέσος  ὁ ἔκφυσις ὁ ὀστέον ἔχω , ἔνθεν δέ καί ἔνθεν ἐλάσσων .
186188	tlg0057.tlg095.1st1K-grc1	Ὀλίγον τι κατὰ τὸν θώρακα φαίνονται σιμούμενοι τὰ ἔνδον τῶν ὀστῶν οἱ σφόνδυλοι.	τι κατά ὁ θώραξ φαίνω  ὁ ἔνδον ὁ  ὁ σφόνδυλος .
186189	tlg0057.tlg095.1st1K-grc1	τὸ δ’ ὀπίσω μέρος αὐτῶν ἱκανῶς κυφὸν φαίνεται διὰ τὴν τῆς ἀκάνθης ἀπόφυσιν.	ὁ  ὀπίσω μέρος αὐτός ἱκανός  φαίνω διά ὁ ὁ ἄκανθα  .
186190	tlg0057.tlg095.1st1K-grc1	ὃν δὲ λέγει μέγαν σφόνδυλον ὑπὲρ τῶν ἐπωμίδων εἴσεσθαι καὶ δι’ ὑπομνήματος ἔρχεται πρὸς ἀνάμνησιν, ἐν ᾧ περὶ τῶν ὀστῶν ἔγραψα.	ὅς δέ λέγω μέγας  ὑπέρ ὁ ἐπωμίς  καί διά  ἔρχομαι πρός ἀνάμνησις , ἐν ὅς περί ὁ  γράφω .
186191	tlg0057.tlg095.1st1K-grc1	προσαρμόζειν δ’ ἡμᾶς προσήκει τοίνυν τοῖς λεγομένοις ἐκεῖνα μὴ δεομένοις ὑπ’ ἐμοῦ πλὴν εἴ που λέξις ἐμπίπτοι χρῄζουσά τινος ἐξηγήσεως, ἧς ἕνεκεν καὶ τὰ τοιαῦτα ὑπομνήματα γράφεται, καθάπερ γε καὶ τὸ ἐπὶ τῇ προκειμένῃ νῦν ῥήσει.	προσαρμόζω  ἐγώ προσήκω τοίνυν ὁ λέγω ἐκεῖνος μή δέω ὑπό ἐμός πλήν εἰ που     ἐξήγησις , ὅς ἕνεκα καί ὁ τοιοῦτος ὑπόμνημα γράφω , καθά γε καί ὁ ἐπί ὁ  νῦν  .
186192	tlg0057.tlg095.1st1K-grc1	Αὐτὸ δὲ τὸ ἄρθρον τοῦ αὐχένος λορδόν ἐστιν.	δέ ὁ ἄρθρον ὁ αὐχήν λορδός εἰμί .
186193	tlg0057.tlg095.1st1K-grc1	ὁκόσοισι μὲν οὖν κυφώματα γίνεται κατὰ τοὺς σφονδύλους ἔξωσις μὲν μεγάλη ἀποῤῥαγεῖσα ἀπὸ τῆς συμφύσιος ἢ ἑνὸς σφονδύλου ἢ καὶ πλειόνων οὐ μάλα πολλοῖσι γίνεται, ἀλλ’ ὀλίγοισιν.	ὁπόσος μέν οὖν κύφωμα γίγνομαι κατά ὁ σφόνδυλος ἔξωσις μέν μέγας ἀπαράσσω ἀπό ὁ  ἤ   ἤ καί πολύς οὐ μάλα πολύς γίγνομαι , ἀλλά ὀλίγος .
186194	tlg0057.tlg095.1st1K-grc1	οὐδὲ γὰρ τὰ τρώματα τὰ τοιαῦτα ῥηΐδιον γίνεσθαι, οὔτε γὰρ ἐς τὸ ἔξω ἐξωθῆναι ῥηΐδιον ἐστιν, εἰ μὴ ἐκ τοῦ ἔμπροσθεν ἰσχυρῷ τινι τρωθείη διὰ τῆς κοιλίης.	οὐδέ γάρ ὁ τραῦμα ὁ τοιοῦτος ῥᾴδιος γίγνομαι , οὔτε γάρ εἰς ὁ ἔξω  ῥᾴδιος εἰμί , εἰ μή ἐκ ὁ ἔμπροσθεν ἰσχυρός  τιτρώσκω διά ὁ κοιλία .
186195	tlg0057.tlg095.1st1K-grc1	οὕτω δ’ ἂν ἀπόλοιτο ἢ εἴ τις ἀφ’ ὑψηλοῦ τοῦ χωρίου πεσὼν ἐρείσειε τοῖσιν ἰσχίοισιν ἢ τοῖσιν ὤμοισιν·	οὕτως  ἄν ἀπόλλυμι ἤ εἰ τις ἀπό ὑψηλός ὁ χωρίον πίπτω ἐρείδω ὁ  ἤ ὁ ὦμος ·
186196	tlg0057.tlg095.1st1K-grc1	ἀλλὰ καὶ οὕτως ἂν ἀποθάνοι, παραχρῆμα δὲ οὐκ ἂν ἀποθάνοι.	ἀλλά καί οὕτως ἄν ἀποθνῄσκω , παραχρῆμα δέ οὐ ἄν ἀποθνῄσκω .
186197	tlg0057.tlg095.1st1K-grc1	ἐκ δὲ τοῦ ὄπισθεν οὐ ῥηΐδιον τοιαύτην ἔξαλσιν γενέσθαι ἐς τὸ εἴσω, εἰ μὴ ὑπέρβαρύ τι ἄχθος ἐμπέσοι.	ἐκ δέ ὁ ὄπισθεν οὐ ῥᾴδιος τοιοῦτος ἔξαλσις γίγνομαι εἰς ὁ εἴσω , εἰ μή  τις ἄχθος  .
186198	tlg0057.tlg095.1st1K-grc1	τῶν τε γὰρ ὀστέων τῶν ἐκπεφυκότων ἔξωθεν ἕκαστον τοιοῦτόν ἐστιν, ὥστε πρόσθεν ἂν αὐτὸ καταγείη, πρὶν ἢ μεγάλην ῥοπὴν εἴσω ποιῆσαι τούς τε συνδέσμους βιασάμενον.	ὁ τε γάρ  ὁ ἐκφύω ἔξωθεν ἕκαστος τοιοῦτος εἰμί , ὥστε πρόσθεν ἄν αὐτός κατάγνυμι , πρίν τίη μέγας ῥοπή  ποιέω ὁ τε   .
186199	tlg0057.tlg095.1st1K-grc1	Εἰς τὸ πρόσω ῥέπον δηλονότι, καὶ γὰρ φαίνεται τοῦτο.	ὁ πρόσω ῥέπω  , καί γάρ φαίνω οὗτος .
186200	tlg0057.tlg095.1st1K-grc1	δύο δὲ εἰσιν οἱ πρῶτοι σφόνδυλοι, καθ’ οὓς τὸ ἄρθρον γίγνεται τοῦ αὐχένος, καθ’ ὃ λοιπὸν τρεῖς εἰσιν, ὧν οὐκ ἐμνημόνευσεν, ὅπως ἔχουσι θέσεως ἐν τῷ μεταξὺ τοῦ δευτέρου καὶ τοῦ ἕκτου, τρίτος καὶ τέταρτος καὶ πέμπτος.	γε δέ εἰμί ὁ πρῶτος  , κατά ὅς ὁ ἄρθρον γίγνομαι ὁ αὐχήν , κατά ὅς λοιπός  εἰμί , ὅς οὐ μνημονεύω , ὅπως ἔχω θέσις ἐν ὁ  ὁ  καί ὁ  , τρίτος καί τέταρτος καί πέμπτος .
186201	tlg0057.tlg095.1st1K-grc1	οἳ δὴ μάλιστα φαίνονται θέσιν εὐθεῖαν ἔχοντες ὄντες καὶ ἄλλοι μικρότατοι τῶν δύο σφονδύλων, καὶ μάλισθ’ ὁ τρίτος·	ὁ δή μάλιστα φαίνω θέσις εὐθύς ἔχω εἰμί καί ἄλλος  ὁ γε σφόνδυλος , καί  ὁ τρίτος ·
186202	tlg0057.tlg095.1st1K-grc1	ὁ γάρ τοι τέταρτος ἢ μείζων ἐστὶν αὐτοῦ, καθάπερ καὶ τούτοις πάλιν ὁ πέμπτος·	ὁ γάρ τοι τέταρτος ἤ μέγας εἰμί αὐτός , καθά καί οὗτος πάλιν ὁ πέμπτος ·
186203	tlg0057.tlg095.1st1K-grc1	ὁ δὲ ἕκτος οὐ τούτων μόνον, ἀλλὰ καὶ τοῦ ἑβδόμου μείζων.	ὁ δέ ἕκτος οὐ οὗτος μόνος , ἀλλά καί ὁ  μέγας .
186204	tlg0057.tlg095.1st1K-grc1	οἱ δ’ ἀπὸ τοῦδε πάντες ἄχρι καὶ τοῦ πέρατος τῆς ῥάχεως ἀλλήλων ἀνάλογον μείζους εἰσὶν ἐπ’ ἀνθρώπου ἐξειαζομένου τοῦ λόγου καὶ μετ’ αὐτὸν ἐπὶ πιθήκοις, ὅσοι τὸ πρόσωπον ἀνθρωποειδέστερον ἔχουσι καὶ μᾶλλον τῶν ἄλλων ὄρθιοι βαδίζουσιν, οὗτοι τάτ’ ἄλλα καὶ τὴν τῶν ὀστῶν θέσιν ἂν ἐοίκασιν ἀνθρώποις ἔχουσι δέ τι κοινὸν ἐν τῇ ῥάχει πρὸς τὰ ἄλλα ζῶα τὰ τετραπόδα τοῖς ἀνθρώποις οὐχ ὑπάρχον.	ὁ  ἀπό ὅδε πᾶς ἄχρι καί ὁ πέρας ὁ ῥάχις ἀλλήλων  μέγας εἰμί ἐπί ἄνθρωπος  ὁ λόγος καί μετά αὐτός ἐπί  , ὅσος ὁ πρόσωπον  ἔχω καί μᾶλλον ὁ  ὄρθιος βαδίζω , οὗτος ὁ τ’  καί ὁ ὁ ὀστέον θέσις ἐάν ἔοικα ἄνθρωπος ἔχω δέ τι κοινός ἐν ὁ ῥάχις πρός ὁ ἄλλος  ὁ  ὁ ἄνθρωπος οὐ ὑπάρχω .
186205	tlg0057.tlg095.1st1K-grc1	ἔστι γὰρ αὐτοῖς ὀσφὺς μακροτέρα τῆς ἐπ’ ἀνθρώπου ἀνάλογον δηλονότι τοῦ μεγέθους τοῦ ἄλλου ἐξεταζόντων ἡμῶν ἀνθρώποις μόνον ε΄ κατὰ τὴν ὀσφῦν εἰσι σφόνδυλοι τοῖς πιθήκοις, ὥσπερ καὶ τοῖς ἄλλοις τετράποσίν εἰσιν.	εἰμί γάρ αὐτός  μακρός ὁ ἐπί ἄνθρωπος   ὁ μέγεθος ὁ ἄλλος ἐξετάζω ἐγώ ἄνθρωπος μόνος  κατά ὁ ὀσφύς εἰμί  ὁ πίθηκος , ὥσπερ καί ὁ   εἰμί .
186206	tlg0057.tlg095.1st1K-grc1	ἐπισημήνασθαι δὲ προσήκει κατὰ τὸν ἐνεστῶτα λόγον ὅτι προθέμενος εἰπεῖν περὶ τοῦ τῆς ῥάχεως σχήματος ἀρξάμενός τε τοῦ λόγου κατὰ τήνδε τὴν λέξιν, αὐτὴ δὲ ἡ ῥάχις κατὰ μῆκος ἰθυσκόλιός ἐστιν.	ἐπισημαίνω δέ προσήκω κατά ὁ ἐνίστημι λόγος ὅτι2 προτίθημι λέγω περί ὁ ὁ ῥάχις σχῆμα ἄρχω τε ὁ λόγος κατά ὅδε ὁ λέξις , αὐτός δέ ὁ ῥάχις κατά μῆκος ἰθυσκόλιος εἰμί .
186207	tlg0057.tlg095.1st1K-grc1	ἐπὶ τελευτῇ τοῦ λόγου προσέθηκεν, αὐτὸ δὲ τὸ ἄρθρον τοῦ αὐχένος λορδόν ἐστι.	ἐπί τελευτή ὁ λόγος προστίθημι , αὐτός δέ ὁ ἄρθρον ὁ αὐχήν λορδός εἰμί .
186208	tlg0057.tlg095.1st1K-grc1	δόξει γὰρ οὖν πάλιν ἐν τούτῳ καὶ τὸν τράχηλον προσνέμειν τῇ ῥάχει.	δοκέω γάρ οὖν πάλιν ἐν οὗτος καί ὁ τράχηλος προσνέμω ὁ ῥᾶχος .
186209	tlg0057.tlg095.1st1K-grc1	Κατὰ τὰ ἄρθρα τὰ ἐνηλλαγμένα ὃ τε αὖ νωτιαῖος πονοίη ἂν, εἰ ἐξ ὀλίγου χωρίου τὴν περικαμπὴν ἔχοι τοιαύτην ἔξαλσιν ἐξαλλομένου σφονδύλου, ὅτ’ ἐκπηδήσας σφόνδυλος πιέζοι ἂν τὸν νωτιαῖον, εἰ μὴ καὶ ἀποῤῥήξειε, πιεχθεὶςδ’ ἂν καὶ ἀπολελαμμένος πολλῶν ἂν καὶ μεγάλων καὶ ἐπικαίρων ἀπονάρκωσιν ποιήσειεν, ὥστε οὐκ ἂν μέλλοι τῷ ἰητρῷ, ὅπως χρὴ τὸν σφόνδυλον κατορθῶσαι, πολλῶν καὶ βιαίων ἄλλων κακῶν παρεόντων,, ὥστε δὴ οὐδ’ ἐμβαλεῖν οἷόν τε οὔτε κατασεῖσαι οὔτ’ ἄλλῳ τρόπῳ τινὶ, πρόδηλον τὸ τοιοῦτον, εἰ μή τις διαταμὼν τὸν ἄνθρωπον.	κατά ὁ ἄρθρον ὁ ἐναλλάσσω  τε αὖ νωτιαῖος  ἐάν , εἰ ἐκ ὀλίγος χωρίον ὁ περικαμπή ἔχω τοιοῦτος   σφόνδυλος , ὅς τ’ ἐκπηδάω σφόνδυλος πιέζω ἐάν ὁ νωτιαῖος , εἰ μή καί  , πιέζω δ’ ἄν καί ἀπολαμβάνω πολύς ἄν καί μέγας καί   ποιέω , ὥστε οὐ ἄν μέλλω ὁ ἰατρός , ὅπως χρή ὁ  κατορθόω , πολύς καί βίαιος ἄλλος κακός πάρειμι , , ὥστε δή οὐδέ ἐμβάλλω  τε οὔτε κατασείω  ἄλλος τρόπος  , πρόδηλος ὁ  , εἰ μή τις διατέμνω ὁ ἄνθρωπος .
186210	tlg0057.tlg095.1st1K-grc1	Τῶν σφονδύλων ἄρθρα φησὶν ἅ πρὸς ἀλλήλους ἀπολλυμένων κατὰ τὰς πλαγίας ἀποφύσεις.	ὁ  ἄρθρον φημί ὅς πρός ἀλλήλων  κατά ὁ  ἀπόφυσις .
186211	tlg0057.tlg095.1st1K-grc1	ἐνηλλαγμένα δὲ εἶπεν, ὅτι δύο μὲν ὑψηλοτέρας ἀποφύσεις ἔσχον αὐτῶν, ἕκαστος δὲ διαρθροῦται πρὸς τὸν ὑπερκείμενον.	ἐναλλάσσω δέ λέγω , ὅτι2 γε μέν  ἀπόφυσις ἔχω αὐτός , ἕκαστος δέ  πρός ὁ  .
186212	tlg0057.tlg095.1st1K-grc1	ἄλλας δὲ ταπεινοτέρας αὖ πάλιν αἷς πρὸς τὸν ὑποκείμενον διαρθροῦται, κατὰ μὲν τὰς ἑτέρας αὐτῶν ὑποδέχεται τὰς ἐξοχὰς τοῦ πλησιάζοντος, κατὰ δὲ τὰς ἑτέρας ἐπιβαίνει θάτερον.	ἄλλος δέ ταπεινός αὖ πάλιν ὅς πρός ὁ   , κατά μέν ὁ ἕτερος αὐτός ὑποδέχομαι ὁ ἐξοχή ὁ πλησιάζω , κατά δέ ὁ ἕτερος ἐπιβαίνω ἕτερος .
186213	tlg0057.tlg095.1st1K-grc1	γέγραπται δὲ περὶ τούτων ἀκριβῶς ἐν τῷ περὶ τῶν ὀστέων.	γράφω δέ περί οὗτος ἀκριβής ἐν ὁ περί ὁ ὀστέον .
186214	tlg0057.tlg095.1st1K-grc1	Ἔπειτα ἐσμασάμενος ἐς τὴν κοιλίην ἐκ τοῦ εἴσωθεν τῇ χειρὶ ἐς τὸ ἔξω ἀντωθέοι, καὶ ταῦτα νεκρῷ μὲν οἷόν τε ποιέειν, ζῶντι δὲ οὐ πάνυ.	ἔπειτα εἰσματέομαι εἰς ὁ κοιλία ἐκ ὁ  ὁ χείρ εἰς ὁ ἔξω ἀντωθέω , καί οὗτος νεκρός μέν  τε ποιέω , ζήω δέ οὐ πάνυ .
186215	tlg0057.tlg095.1st1K-grc1	διὰ τί οὖν ταῦτα γράφω;	διά τι οὖν οὗτος γράφω ;
186216	tlg0057.tlg095.1st1K-grc1	ὅτι οἴονταί τινες ἰητρευκέναι ἀνθρώπους, οἶσιν εἴσωθεν ἔπεσον σφόνδυλοι τελέως ὑπερβάντες τὰ ἄρθρα.	ὅτι2  τις ἰατρεύω ἄνθρωπος , οἶσις  πίπτω  τέλειος ὑπερβαίνω ὁ ἄρθρον .
186217	tlg0057.tlg095.1st1K-grc1	καίτοι γε ῥηΐστην ἐς τὸ περιγενέσθαι τῶν διαστροφέων ταύτην ἔνιοι νομίζουσι καὶ οὐδὲν δεῖσθαι ἐμβολῆς, ἀλλ’ αὐτόματα ὑγιέα γενέσθαι τὰ τοιαῦτα.	γε  εἰς ὁ περιγίγνομαι ὁ  οὗτος ἔνιοι νομίζω καί  δέω ἐμβολή , ἀλλά  ὑγιής γίγνομαι ὁ τοιοῦτος .
186218	tlg0057.tlg095.1st1K-grc1	ἀγνοέουσι δὲ πολλοὶ καὶ κερδαίνουσιν ὅτι ἀγνοέουσι·	ἀγνοέω δέ πολύς καί κερδαίνω ὅτι2 ἀγνοέω ·
186219	tlg0057.tlg095.1st1K-grc1	πείθουσι γὰρ τοὺς θέλας, ἐξαπατῶνται δὲ διὰ τόδε.	πείθω γάρ ὁ  , ἐξαπατάω δέ διά ὅδε .
186220	tlg0057.tlg095.1st1K-grc1	οἴονται τὴν ἄκανθαν τὴν ἐξέχουσαν κατὰ τὴν ῥάχιν ταύτην τοὺς σφονδύλους αὐτοὺς εἶναι, ὅτι στρογγύλον αὐτῶν ἕκαστον φαίνεται ψαυόμενον, ἀγνοοῦντες ὅτι τὰ ὀστέα ταῦτά ἐστι τὰ ἀπὸ τῶν σφονδύλων πεφυκότα, περὶ ὧν ὁ λόγος ὀλίγῳ πρόσθεν εἴρηται.	οἴομαι ὁ ἄκανθα ὁ ἐξέχω κατά ὁ ῥάχις οὗτος ὁ  αὐτός εἰμί , ὅτι2  αὐτός ἕκαστος φαίνω ψαύω , ἀγνοέω ὅτι2 ὁ ὀστέον  εἰμί ὁ ἀπό ὁ  φύω , περί ὅς ὁ λόγος ὀλίγος πρόσθεν λέγω .
186221	tlg0057.tlg095.1st1K-grc1	οἱ δὲ σφόνδυλοι πολὺ προσωτέρω ἄπεισι.	ὁ δέ  πολύς πρόσω ἄπειμι2 .
186222	tlg0057.tlg095.1st1K-grc1	στενοτάτην γὰρ πάντων ζώων ἄνθρωπος κοιλίην ἔχει ὡς ἐπὶ μεγέθει ἀπὸ τοῦ ὄπισθεν ἐς τὸ ἔμπροσθεν ποτὶ καὶ κατὰ τὸ στῆθος.	γάρ πᾶς  ἄνθρωπος κοιλία ἔχω ὡς ἐπί μέγεθος ἀπό ὁ ὄπισθεν εἰς ὁ ἔμπροσθεν  καί κατά ὁ στῆθος .
186223	tlg0057.tlg095.1st1K-grc1	ὅταν οὖν τι τούτων τῶν ὀστέων τῶν ὑπερεχόντων ἰσχυρῶς καταγῇ, ἤν τε πλείω ταύτῃ ταπεινότερον τὸ χωρίον γίνεται ἢ τὸ ἔνθεν καὶ ἔνθεν.	ὅταν οὖν τι οὗτος ὁ ὀστέον ὁ ὑπερέχω ἰσχυρός  , ἐάν τε πολύς οὗτος  ὁ χωρίον γίγνομαι τίη ὁ ἔνθεν καί ἔνθεν .
186224	tlg0057.tlg095.1st1K-grc1	διὰ τοῦτο ἐξαπατῶνται οἰόμενοι τοὺς σφονδύλους εἴσω οἴχεσθαι, προσεξαπατᾷ δὲ ἔτι αὐτοὺς καὶ τὰ σχήματα τῶν τετρωμένων·	διά οὗτος ἐξαπατάω  ὁ σφόνδυλος  οἴχομαι , προσεξαπατάω δέ ἔτι αὐτός καί ὁ σχῆμα ὁ  ·
186225	tlg0057.tlg095.1st1K-grc1	ἢν μὲν γὰρ πειρῶνται καμπύλεσθαι, ὀδυνῶνται ὀστέα τὰ περιτενέος γιγνομένου ταύτῃ τοῦ δέρματος ᾗ τέτρωται καὶ ἅμα τὰ κατεηγότα ἐνθράσσει οὕτω μᾶλλον τὸν χρῶτα, ἢν δὲ λορδαίνουσι ῥᾴους εἰσί.	ἐάν μέν γάρ πειράω  , ὀδυνάω ὀστέον ὁ περιτενής  οὗτος ὁ δέρμα ὅς τιτρώσκω καί ἅμα ὁ κατάγνυμι ἐνθράσσω οὕτως μᾶλλον ὁ χρώς , ἐάν δέ   εἰμί .
186226	tlg0057.tlg095.1st1K-grc1	χαλαρώτερον γὰρ τὸ δέρμα κατὰ τὸ τρῶμα γίνεται καὶ τὰ ὀστέα ἧσσον ἐνθράσσει, ἀτὰρ καὶ ἤν τις ψαύῃ αὐτῶν κατὰ τοῦτο, ὑπείκουσι λορδοῦντες καὶ τὸ χωρίον κενὸν καὶ μαλθακὸν ψαυόμενον ταύτῃ φαίνεται.	χαλαρός γάρ ὁ δέρμα κατά ὁ τραῦμα γίγνομαι καί ὁ ὀστέον ἥσσων ἐνθράσσω ,  καί ἐάν τις ψαύω αὐτός κατά οὗτος , ὑπείκω λορδόω καί ὁ χωρίον κενός καί μαλθακός ψαύω οὗτος φαίνω .
186227	tlg0057.tlg095.1st1K-grc1	ταῦτα πάντα τὰ εἰρημένα προσεξαπατᾷ τοὺς ἰητρούς.	οὗτος πᾶς ὁ λέγω προσεξαπατάω ὁ ἰατρός .
186228	tlg0057.tlg095.1st1K-grc1	ὑγιέες δὲ ταχέως καὶ ἀσινέως αὐτόματοι οἱ τοιοῦτοι γίνονται.	ὑγιής δέ ταχύς καί ἀσινής αὐτόματος ὁ τοιοῦτος γίγνομαι .
186229	tlg0057.tlg095.1st1K-grc1	ταχέως γὰρ πάντα τὰ τοιαῦτα ὀστέα ἐπιπωροῦται ὅσα χαῦνά ἐστιν.	ταχύς γάρ πᾶς ὁ τοιοῦτος ὀστέον ἐπιπωρόομαι ὅσος  εἰμί .
186230	tlg0057.tlg095.1st1K-grc1	Ἐσμασάμενος τουτέστι ἐντιθεὶς εἰς βάθος τὴν χεῖρα χάριν τοῦ διαζητῆσαί τι τῶν ἐν αὐτῷ.	εἰς βάθος ὁ χείρ χάριν ὁ  τι ὁ ἐν αὐτός .
186231	tlg0057.tlg095.1st1K-grc1	Σκολιαίνεται γοῦν ῥάχις καὶ ὑγιαίνουσι κατὰ πολλοὺς τρόπους·	γοῦν ῥάχις καί ὑγιαίνω κατά πολύς τρόπος ·
186232	tlg0057.tlg095.1st1K-grc1	καὶ γὰρ ἐν τῇ φύσει καὶ ἐν τῇ χρήσει οὕτως ἔχει, ἀτὰρ καὶ ὑπὸ γήραος καὶ ὑπὸ ὀδυνημάτων, ἐπεὶ ξυνδετική ἐστιν.	καί γάρ ἐν ὁ φύσις καί ἐν ὁ χρῆσις οὕτως ἔχω ,  καί ὑπό γῆρας καί ὑπό ὀδύνημα , ἐπεί  εἰμί .
186233	tlg0057.tlg095.1st1K-grc1	αἱ δὲ δὴ κυφώσιες αἱ ἐν τοῖσι πτώμασιν ὡς ἐπὶ τὸ πολὺ γίνονται ἢν ἢ τοῖσιν ἰσχίοισιν ἐρείσῃ ἢ ἐπὶ τοὺς ὤμους πέσῃ.	ὁ δέ δή  ὁ ἐν ὁ πτῶμα ὡς ἐπί ὁ πολύς γίγνομαι ἐάν τίη ὁ  ἐρείδω ἤ ἐπί ὁ ὦμος πίπτω .
186234	tlg0057.tlg095.1st1K-grc1	ἀνάγκη γὰρ ἔξω φαίνεσθαι ἐν τῷ κυφώματι ἕνα μέν τινα ὑψηλότατον τῶν σφονδύλων, τοὺς δὲ ἔνθεν καὶ ἔνθεν ἐπὶ ἧσσον.	ἀνάγκη γάρ ἔξω φαίνω ἐν ὁ κύφωμα  μέν τις ὑψηλός ὁ σφόνδυλος , ὁ δέ ἔνθεν καί ἔνθεν ἐπί ἥσσων .
186235	tlg0057.tlg095.1st1K-grc1	οὔκουν ὡς ἐπὶ πολὺ ἀποπεπηδηκὼς ἀπὸ τῶν ἄλλων ἐστὶν, ἀλλὰ μικρὸν, ἢν ἕκαστος συνδιδοῖ ἀθρόως πολύ.	οὐκοῦν ὡς ἐπί πολύς ἀποπηδάω ἀπό ὁ ἄλλος εἰμί , ἀλλά μικρός , ἐάν ἕκαστος συνδίδωμι ἀθρόος πολύς .
186236	tlg0057.tlg095.1st1K-grc1	διὰ οὖν τοῦτο καὶ ὁ νωτιαῖος μυελὸς εὐφόρως φέρει τὰς τοιαύτας διαστροφὰς, ὅτι κυκλώδης αὐτῷ ἡ διαστροφὴ γίνεται, ἀλλ’ οὐ γωνιώδης.	διά οὖν οὗτος καί ὁ νωτιαῖος μυελός εὔφορος φέρω ὁ τοιοῦτος διαστροφή , ὅτι2  αὐτός ὁ διαστροφή γίγνομαι , ἀλλά οὐ  .
186237	tlg0057.tlg095.1st1K-grc1	Τὴν μὲν εἰς τοὐπίσω διαστροφὴν τῆς ῥάχεως κύφωσιν ὀνομάζει, τὴν δὲ εἰς τὸ πρόσω λόρδωσιν, τὴν δὲ εἰς τὰ πλάγια σκολίωσιν.	ὁ μέν εἰς ὀπίσω διαστροφή ὁ ῥάχις κύφωσις ὀνομάζω , ὁ δέ εἰς ὁ πρόσω  , ὁ δέ εἰς ὁ πλάγιον  .
186238	tlg0057.tlg095.1st1K-grc1	ἀλλὰ τούτῳ γε τῷ ὀνόματι τῆς σκολιώσεως καθ’ ἕτερον χρῆται τρόπον καθ’ ἅπασαν διαστροφὴν ῥάχεως, ἐνδεικνυμένου δὴ αὐτοῦ ὡς σημαίνοντός τι γενικώτερον τῶν ἄλλων.	ἀλλά οὗτος γε τῷ ὄνομα ὁ  κατά ἕτερος χράω2 τρόπος κατά ἅπας διαστροφή ῥάχις , ἐνδείκνυμι δή αὐτός ὡς  τι  ὁ ἄλλος .
186239	tlg0057.tlg095.1st1K-grc1	οὕτω γὰρ καὶ νῦν εἶπε, σκολιαίνεσθαι ῥάχιν ἐν ἴσῳ τῷ διαστρέφεσθαι καθ’ ὁντιναοῦν τρόπον.	οὕτως γάρ καί νῦν λέγω ,  ῥάχις ἐν ἴσος τῷ διαστρέφω κατά  τρόπος .
186240	tlg0057.tlg095.1st1K-grc1	καὶ ἔμπροσθεν δέ που ἔλεγεν.	καί ἔμπροσθεν δέ που λέγω .
186241	tlg0057.tlg095.1st1K-grc1	αὐτὴ δὲ ἡ ῥάχις κατὰ μῆκος ἰθυσκόλιός ἐστιν, αὐτῆς δηλώσας διαστροφὴν εἴς τε τοὐπίσω καὶ πρόσω.	αὐτός δέ ὁ ῥάχις κατά μῆκος ἰθυσκόλιος εἰμί , αὐτός δηλόω διαστροφή εἰς τε ἐφίζω καί πρόσω .
186242	tlg0057.tlg095.1st1K-grc1	Χρὴ δὲ τὴν κατασκευὴν τοῦ διαναγκαζομένου τοιήνδε κατεσκευάσθαι.	δέ ὁ κατασκευή ὁ   κατασκευάζω .
186243	tlg0057.tlg095.1st1K-grc1	ἔξεστι μὲν ξύλον ἰσχυρὸν καὶ πλατὺ ἐντομὴν παραμήκεα ἔχον κατορύξαι, ἔξεστι δὲ καὶ ἀντὶ τοῦ ξύλου ἐν τοίχῳ ἐντομὴν παραμήκεα ἐντεμεῖν ἢ πήχεϊ ἀνωτέρω τοῦ ἐδάφεος ἢ ὅκως ἂν μετρίως ἔχῃ, ἔπειτα οἷον στύλον δρύϊνον, τετράγωνον, πλάγιον παραβάλλειν ἀπολείποντα ἀπὸ τοῦ τείχου, ὅσον παρελθεῖν τινα, ἢν δέῃ, καὶ ἐπὶ μὲν τὸν στύλον ἐπιστορέσαι ἢ χιτῶνας ἢ ἄλλο τι ὃ μαλθακὸν μὲν ἔσται, ὑπείξει δὲ μὴ μέγα, τὸν δὲ ἄνθρωπον πυριῆ σαι.	ἔξεστι μέν ξύλον ἰσχυρός καί πλατύς ἐντομή παραμήκης ἔχω κατορύσσω , ἔξεστι δέ καί ἀντί ὁ ξύλον ἐν τοῖχος ἐντομή παραμήκης ἐντέμνω ἤ  ἀνώτερος ὁ  ἤ ὅπως ἄν μέτριος ἔχω , ἔπειτα οἷος   , τετράγωνος , πλάγιος παραβάλλω ἀπολείπω ἀπό ὁ  , ὅσος παρέρχομαι τις , ἐάν δέω , καί ἐπί μέν ὁ  ἐπιστορέννυμι τίη χιτών ἤ ἄλλος τις ὁ μαλθακός μέν  , ὑπείκω δέ μή μέγας , ὁ δέ ἄνθρωπος   .
186244	tlg0057.tlg095.1st1K-grc1	ἢν δὲ δέχηται, πολλῷ καὶ θερμῷ λούσας, κἄπειτα πρηνέα κατακλῖναι κατατεταμένον, καὶ τὰς μὲν χεῖρας αὐτοῦ παρατείναντα κατὰ φύσιν, προσδῆσαι πρὸς τὸ σῶμα.	ἐάν δέ δέχομαι , πολύς καί θερμός λόω ,  πρανής κατακλίνω κατατείνω , καί ὁ μέν χείρ αὐτός παρατείνω κατά φύσις , προσδέω πρός ὁ σῶμα .
186245	tlg0057.tlg095.1st1K-grc1	ἱμᾶντι δὲ μαλθακῷ ἱκανῷ πλατέϊ τε καὶ μακρῷ ἐκ δύο διαντέων ξυμβεβλημένῳ μέσῳ, κατὰ μέσον τὸ στῆθος δὶς περιβεβλῆσθαι χρὴ ὡς ἐγγυτάτω τῶν μασχαλέων, ἔπειτα τὸ περισσεῦον τῶν ἱμάντων κατὰ τὴν μασχάλην, ἑκάτερον περὶ τοὺς ὤμους περιβεβλήσθω, ἔπειτα αἰ ἀρχαὶ πρὸς ξύλον ὑπεροειδές τι προσδεδέσθωσαν ἁρμόζουσαι κατὰ μῆκος τῷ ξύλῳ τῷ ὑποτεταμένῳ πρὸς ὅ τι προσβάλλον τὸ ὑπεροειδὲς ἀντιστηρίζοντα κατατείνει.	δέ μαλθακός   τε καί μακρός ἐκ γε  συμβάλλω μέσος , κατά μέσος ὁ στῆθος δίς περιβάλλω χρή ὡς ἐγγύς ὁ  , ἔπειτα ὁ περισσεύω ὁ ἱμάς κατά ὁ μασχάλη , ἑκάτερος περί ὁ ὦμος  , ἔπειτα εἰ ἀρχή πρός ξύλον ὑπεροειδής τις  ἁρμόζω κατά μῆκος τῷ ξύλον τῷ ὑποτείνω πρός ὅς  προσβάλλω ὁ ὑπεροειδής ἀντιστηρίζω κατατείνω .
186246	tlg0057.tlg095.1st1K-grc1	τοιούτῳ δέ τινι ἑτέρῳ δεσμῷ χρὴ ἄνωθεν τῶν γουνάτων δήσαντα καὶ ἄνωθεν τῶν πτερνέων τὰς ἀρχὰς τῶν ἱμάντων πρὸς τοιοῦτό τι ξύλον προσδῆσαι, ἄλλῳ δὲ ἱμᾶντι πλατέϊ καὶ μαλθακῷ καὶ δυνατῷ ταινιοειδέϊ πλάτος ἔχοντι καὶ μῆκος ἱκανὸν ἰσχυρῶς περὶ τὰς ἰξύας κύκλῳ περιδεδέσθαι, ὡς ἐγγύτατα τῶν ἰσχίων, ἔπειτα τὸ περισσεῦον τοῦ ταινιοειδέος ἅμα ἀμφοτέρας τὰς ἀρχὰς τῶν ἱμάντων πρὸς τὸ ξύλον προσδῆσαι τῶν ποδῶν, κἄπειτα κατατείνειν ἐν τούτῳ σχήματι καὶ ἔνθεν καὶ ἔνθεν, ἅμα μὲν ἰσοῤῥόπως, ἅμα δὲ ἐς ἰθύ.	τοιοῦτος δέ  ἕτερος δεσμός χρή ἄνωθεν ὁ γόνυ δέω καί ἄνωθεν ὁ  ὁ ἀρχή ὁ ἱμάς πρός  τι ξύλον προσδέω , ἄλλος δέ   καί μαλθακός καί  ταινιοειδής πλάτος ἔχω καί μῆκος ἱκανός ἰσχυρός περί ὁ ἰξύα κύκλος  , ὡς  ὁ  , ἔπειτα ὁ περισσεύω ὁ ταινιοειδής ἅμα ἀμφότερος ὁ ἀρχή ὁ  πρός ὁ ξύλον προσδέω ὁ πούς , ἔπειτα κατατείνω ἐν οὗτος σχῆμα καί ἔνθεν καί ἔνθεν , ἅμα μέν ἰσόρροπος , ἅμα δέ εἰς εὐθύς .
186247	tlg0057.tlg095.1st1K-grc1	οὐδὲν γὰρ ἂν μέγα κακὸν ἡ τοιαύτη κατάτασις ποιήσῃ, εἰ χρηστῶς σκευασθείη·	οὐδείς γάρ ἄν μέγας κακός ὁ τοιοῦτος κατάτασις ποιέω , εἰ χρηστός σκευάζω ·
186248	tlg0057.tlg095.1st1K-grc1	εἰ μὴ ἄρα ἐξεπίτηδές τις βούλοιτο τείνεσθαι.	εἰ μή ἄρα  τις βούλομαι τείνω .
186249	tlg0057.tlg095.1st1K-grc1	τὸν δὲ ἰητρὸν χρὴ ἢ ἄλλον ὅστις ἰσχυρὸς καὶ μὴ ἀμαθὴς ἐπιθέντα τὸ θέναρ τῆς χειρὸς ὑπὸ τὸ ὕβωμα καὶ τὴν ἑτέρην χεῖρα προσεπιθέντα ἐπὶ τὴν ἑτέρην καταναγκάζειν προσξυνιέντα, ἤν τε ἐς ἰθὺ ἐς τὸ κάτω πεφύκῃ καταναγκάζεσθαι, ἤν τε πρὸς τῆς κεφαλῆς, ἤν τε πρὸς τῶν ἰσχίων.	ὁ δέ  χρή ἤ ἄλλος ὅστις ἰσχυρός καί μή   ὁ  ὁ χείρ ὑπό ὁ ὕβωμα καί ὁ ἕτερος χείρ  ἐπί ὁ ἕτερος καταναγκάζω  , ἐάν τε εἰς εὐθύς εἰς ὁ κάτω  καταναγκάζω , ἐάν τε πρός ὁ κεφαλή , ἐάν τε πρός ὁ  .
186250	tlg0057.tlg095.1st1K-grc1	καὶ ἀσινεστάτη μὲν αὕτη ἡ ἀνάγκη.	καί ἀσινής μέν οὗτος ὁ ἀνάγκη .
186251	tlg0057.tlg095.1st1K-grc1	ἀσινὲς δὲ καὶ ἐπικαθίζεσθαί τινα πρὸς τὸ κύφωμα τοῦ ἅμα κατατεινομένου ἐνσεῖσαι μετεωρισθέντα, ἀτὰρ καὶ ἐπιβῆναι τῷ ποδὶ καὶ ὀχηθῆναι ἐπὶ τὸ κύφωμα ἡσύχως τε ἐπενσεῖσαι οὐδὲν κωλύει.	ἀσινής δέ καί ἐπικαθίζω τις πρός ὁ κύφωμα ὁ ἅμα κατατείνω ἐνσείω μετεωρίζω ,  καί ἐπιβαίνω τῷ πούς καί ὀχέω ἐπί ὁ κύφωμα ἥσυχος τε ἐπενσείω  κωλύω .
186252	tlg0057.tlg095.1st1K-grc1	τὸ τοιοῦτο δὲ ποιῆσαι μετρίως ἐπιτήδειος ἄν τις εἴη τῶν ἐπὶ παλαίστραν εἰθισμένων.	ὁ τοιοῦτος δέ ποιέω μέτριος ἐπιτήδειος ἄν τις εἰμί ὁ ἐπί παλαίστρα ἐθίζω .
186253	tlg0057.tlg095.1st1K-grc1	δυνατωτάτη μέντοι τῶν ἀναγκαίων ἐστὶν, εἰ ὁ μὲν τοῖχος ἐντετμημένος εἴη, τὸ δὲ ξύλον τὸ κατορωρυγμένον ᾗ ἐντέτμηται κατωτέρω εἴη τῆς ῥάχιος τοῦ ἀνθρώπου, ὁκόσῳ ἂν δοκέῃ μετρίως ἔχειν, σανὶς δὲ φιλυρίνη μὴ λεπτὴ ἐνείη ἢ καὶ ἄλλου τινὸς ξύλου, ἔπειτα ἐπὶ τὸ ὕβωμα ἐπιτεθείη ἢ τρύχιόν τι πολύπτυχον ἢ μικρόν τι σκύτινον ὑποκεφάλαιον, ὡς ἐλάχιστα μὴν ὑποκεῖσθαι ξυμφέρει, μόνον προμηθεόμενον ὡς μὴ ἡ σανὶς ὑπὸ σκληρότητος ὀδύνην παρὰ καιρὸν προσπαρέχῃ.	μέντοι ὁ ἀναγκαῖος εἰμί , εἰ ὁ μέν   εἰμί , ὁ δέ ξύλον ὁ κατορύσσω ὅς ἐντέμνω κάτω εἰμί ὁ  ὁ ἄνθρωπος ,  ἐάν δοκέω μέτριος ἔχω , σανίς δέ  μή λεπτός ἔνειμι ἤ καί ἄλλος   , ἔπειτα ἐπί ὁ ὕβωμα ἐπιτίθημι ἤ  τι πολύπτυχος τίη μικρός    , ὡς ἐλάχιστος μήν ὑπόκειμαι συμφέρω , μόνος  ὡς μή ὁ σανίς ὑπό σκληρότης ὀδύνη παρά καιρός προσπαρέχω .
186254	tlg0057.tlg095.1st1K-grc1	κατὰ ἴξιν δὲ ἔστω ὡς μάλιστα τῇ ἐντομῇ τῇ ἐς τὸν τοῖχον τὸ ὕβωμα.	κατά ἵξις δέ εἰμί ὡς μάλιστα ὁ ἐντομή ὁ εἰς ὁ τοῖχος ὁ ὕβωμα .
186255	tlg0057.tlg095.1st1K-grc1	ὡς ἂν ἡ σανὶς ᾗ μάλιστα ἐξέστηκε ταύτῃ μάλιστα πιέζῃ ἐπιτεθεῖσα.	ὡς ἄν ὁ σανίς ὅς μάλιστα ἐξίστημι οὗτος μάλιστα  ἐπιτίθημι .
186256	tlg0057.tlg095.1st1K-grc1	ὅταν δὲ ἐπιτεθῇ τὸν μέν τινα καταναγκάζειν χρὴ τὸ ἄκρον τῆς σανίδος, ἥν τε ἕνα δέῃ, ἤν τε δύο.	ὅταν δέ ἐπιτίθημι ὁ μέν τις καταναγκάζω χρή ὁ ἄκρον ὁ σανίς , ὅς τε  δέω , ἐάν τε γε .
186257	tlg0057.tlg095.1st1K-grc1	τοὺς δὲ κατατείνειν τὸ σῶμα κατὰ μῆκος, ὡς πρόσθεν εἴρηται, τοὺς μὲν τῇ, τοὺς δὲ τῇ.	ὁ δέ κατατείνω ὁ σῶμα κατά μῆκος , ὡς πρόσθεν λέγω , ὁ μέν ὁ , ὁ δέ ὁ .
186258	tlg0057.tlg095.1st1K-grc1	ἔξεστι δὲ καὶ ὀνίσκοισι τὴν κατάτασιν ποιέεσθαι ἢ παρακατορύξαντα παρὰ τὸ ξύλον ἢ ἐν αὐτῷ τῷ ξύλῳ τὰς φλιὰς τῶν ὀνίσκων ἐντεκτηνάμενον, ἤν τε ὀρθὰς ἐθέλῃς ἑκατέρωθεν μικρὸν ὑπερεχούσας, ἤν τε κατὰ κορυφὴν τοῦ ξύλου ἔνθεν καὶ ἔνθεν.	ἔξεστι δέ καί ὀνίσκος ὁ κατάτασις ποιέω ἤ παρακατορύσσω παρά ὁ ξύλον τίη ἐν αὐτός τῷ ξύλον ὁ φλιά ὁ   , ἐάν τε ὀρθός ἐθέλω ἑκατέρωθεν μικρός ὑπερέχω , ἐάν τε κατά κορυφή ὁ  ἔνθεν καί ἔνθεν .
186259	tlg0057.tlg095.1st1K-grc1	αὗται αἱ ἀνάγκαι εὐταμίευτοί εἰσι καὶ ἐς τὸ ἰσχυρότατον καὶ τὸ ἧσσον καὶ ἰσχὺν ἔχουσι τοιαύτην, ὥστε καὶ εἴ τις ἐπὶ λύμῃ βούλοιτο, ἀλλὰ μὴ ἐπὶ ἰητρείῃ ἐς τοιαύτας ἀνάγκας ἀγαγεῖν, κἀν τούτῳ ἰσχυρῶς δύνασθαι·	οὗτος ὁ ἀνάγκη εὐταμίευτος εἰμί καί εἰς ὁ  καί ὁ ἥσσων καί ἰσχύς ἔχω τοιοῦτος , ὥστε καί εἰ τις ἐπί λύμη βούλομαι , ἀλλά μή ἐπί ἰατρεία εἰς τοιοῦτος ἀνάγκη ἄγω , ἐν οὗτος ἰσχυρός δύναμαι ·
186260	tlg0057.tlg095.1st1K-grc1	καὶ γὰρ ἂν κατατείνων κατὰ μῆκος μοῦνον ἔνθεν καὶ ἔνθεν, οὕτω καὶ ἄλλην ἀνάγκην οὐδεμίην προστιθεὶς, ὅμως κατατείνειεν ἄν τις, ἀλλὰ μὴν καὶ ἢν μὴ κατατείνων.	καί γάρ ἄν κατατείνω κατά μῆκος μόνος ἔνθεν καί ἔνθεν , οὕτως καί ἄλλος ἀνάγκη οὐδείς προστίθημι , ὅμως κατατείνω ἄν τις , ἀλλά μήν καί ἐάν μή κατατείνω .
186261	tlg0057.tlg095.1st1K-grc1	αὐτῇ δὲ μοῦνον τῇ σανίδι οὕτως εἰ ποιέει τις καὶ οὕτως ἱκανῶς καταναγκάσειε.	αὐτός δέ μόνος ὁ σανίς οὕτως εἰ ποιέω τις καί οὕτως ἱκανός  .
186262	tlg0057.tlg095.1st1K-grc1	καλαὶ οὖν αἱ τοιαῦται ἰσχύες εἰσὶν, ᾗ ἔξεστι καὶ ἀσθενεστέρῃσι καὶ ἰσχυροτέρῃσι χρέεσθαι αὐτὸν ταμιεύοντα, καὶ μὲν δὴ καὶ κατὰ φύσιν γε ἀναγκάζουσι.	καλός οὖν ὁ τοιοῦτος ἰσχύς εἰμί , ὅς ἔξεστι καί  καί  χράομαι αὐτός ταμιεύω , καί μέν δή καί κατά φύσις γε ἀναγκάζω .
186263	tlg0057.tlg095.1st1K-grc1	τὰ μὲν γὰρ ἐξεστεῶτα ἐς τὴν χώρην ἀναγκάζει καὶ ἡ ἵππωσις ἰέναι, τὰ δὲ ξυνελθόντα κατὰ φύσιν κατατείνουσιν αἱ κατὰ φύσιν κατατάσιες.	ὁ μέν γάρ ἐξίστημι εἰς ὁ χώρα ἀναγκάζω καί ὁ  εἶμι , ὁ δέ  κατά φύσις κατατείνω ὁ κατά φύσις κατάτασις .
186264	tlg0057.tlg095.1st1K-grc1	οὔκουν ἐγὼ ἔχω τουτέων ἀνάγκας καλλίους οὐδὲ δικαιοτέρας.	οὐκοῦν  ἔχω οὗτος ἀνάγκη καλλίων οὐδέ  .
186265	tlg0057.tlg095.1st1K-grc1	Τὰ ἐφεξῆς ἅπαντα σαφῶς ἑρμηνεύοντι, δι’ ὧν νῦν καὶ ἔστιν ὅτε παρακολουθεῖ τις λεγομένοις, οὔτε ἐξηγήσεως, ἀλλὰ δείξεώς ἐστιν αὐτοῦ χρεία.	ἐφεξῆς ἅπας σαφής  , διά ὅς νῦν καί εἰμί ὅτε παρακολουθέω τις λέγω , οὔτε ἐξήγησις , ἀλλά  εἰμί αὐτός χρεία .
186266	tlg0057.tlg095.1st1K-grc1	καὶ μέντοι καὶ τὰ ὑπομνήματα τοῖς ἑωρακόσιν ἤδη τὰς τοιαύτας ἐνεργείας γράφεται.	καί  καί ὁ ὑπόμνημα ὁ ὁράω ἤδη ὁ τοιοῦτος ἐνέργεια γράφω .
186267	tlg0057.tlg095.1st1K-grc1	λέλεκται δέ μοι καὶ πρόσθεν ὅτι τὰ οὕτω σαφῶς ὑπ’ αὐτοῦ γεγραμμένα μὴ νοήσας τις κατὰ τὴν πρώτην ἐπιβολὴν καὶ δὶς καὶ τρὶς καὶ πλεονάκις ἀναγνώτω προσέχων τὸν νοῦν.	λέγω δέ  καί πρόσθεν ὅτι2 ὁ οὕτως σαφής ὑπό αὐτός γράφω μή νοέω τις κατά ὁ πρῶτος ἐπιβολή καί δίς καί τρίς καί πλεονάκις  προσέχω ὁ νόος .
186268	tlg0057.tlg095.1st1K-grc1	εἰ γὰρ τοῦτο ποιήσῃ, πάντως ταῦτ’ ἐννοήσει σαφῶς ἑρμηνευόμενον.	εἰ γάρ οὗτος ποιέω , πᾶς   σαφής ἑρμηνεύω .
186269	tlg0057.tlg095.1st1K-grc1	Ἡ γὰρ κατ’ αὐτὴν τὴν ἄκανθαν ἰθυωρία τῆς κατατάσιος κάτωθέν τε καὶ κατὰ τὸ ἱερὸν ὀστέον καλεόμενον οὐκ ἔχει ἐπιλαβὴν οὐδεμίην, ἄνωθεν δὲ κατὰ τὸν αὐχένα καὶ κατὰ τὴν κεφαλὴν ἐπιλαβὴν μὲν ἔχει, ἀλλ’ ἐς ἰδέην γε ἀπρεπής.	ὁ γάρ κατά αὐτός ὁ ἄκανθα  ὁ   τε καί κατά ὁ ἱερόν ὀστέον καλέω οὐ ἔχω ἐπιλαβή οὐδείς , ἄνωθεν δέ κατά ὁ αὐχήν καί κατά ὁ κεφαλή ἐπιλαβή μέν ἔχω , ἀλλά εἰς ἰδέα γε ἀπρεπής .
186270	tlg0057.tlg095.1st1K-grc1	ταύτῃ τοι γενομένη ἡ κατάτασις καὶ ἄλλας βλάβας ἂν προσπαρέχει πλεονασθεῖσα.	οὗτος  γίγνομαι ὁ κατάτασις καί ἄλλος βλάβη ἐάν  πλεονάζω .
186271	tlg0057.tlg095.1st1K-grc1	ἐπειρήθην δὲ δή ποτε ὕπτιον τὸν ἄνθρωπον κατατείνας ἀσκὸν ἀφύσητον ὑποθεῖναι ὑπὸ τὸ ὕβωμα, κἄπειτα αὐλὸν ἐκ χαλκείου ἐς τὸν ἀσκὸν τὸν ὑποκείμενον ἐνιέντα φυσᾷν, ἀλλά μοι οὐκ εὐπορεῖτο.	πειράω δέ δή ποτε  ὁ ἄνθρωπος κατατείνω ἀσκός ἀφύσητος ὑποτίθημι ὑπό ὁ ὕβωμα ,  αὐλός ἐκ χαλκεῖον εἰς ὁ ἀσκός ὁ    , ἀλλά  οὐ εὐπορέω .
186272	tlg0057.tlg095.1st1K-grc1	ὅτε γὰρ εὖ κατατείνοιμι τὸν ἄνθρωπον, ἡσσᾶτο ὁ ἀσκὸς καὶ οὐκ ἠδύνατο ἡ φῦσα ἐπαναγκάζεσθαι·	ὅτε γάρ εὖ κατατείνω ὁ ἄνθρωπος , ἡσσάομαι ὁ  καί οὐ δύναμαι ὁ φύω  ·
186273	tlg0057.tlg095.1st1K-grc1	καὶ ἄλλως ἕτοιμον περιολισθαίνειν ἦν, ἅτε ἐς τὸ αὐτὸ ἀναγκαζόμενον τό τε τοῦ ἀνθρώπου ὕβωμα καὶ τὸ τοῦ ἀσκοῦ πληρουμένου κύρτωμα.	καί ἄλλος ἑτοῖμος  εἰμί ,  εἰς ὁ αὐτός ἀναγκάζω ὁ τε ὁ ἄνθρωπος ὕβωμα καί ὁ ὁ  πληρόω κύρτωμα .
186274	tlg0057.tlg095.1st1K-grc1	ὅτε δ’ αὖ μὴ κάρτα κατατείνουσι τὸν ἄνθρωπον, ὁ μὲν ἀσκὸς ὑπὸ τῆς φύσης ἐκυρτοῦτο, ὁ δὲ ἄνθρωπος πάντῃ μᾶλλον ἐλορδαίνετο ἢ συνέφερεν.	ὅτε  αὖ μή κάρτα κατατείνω ὁ ἄνθρωπος , ὁ μέν  ὑπό ὁ  κυρτόω , ὁ δέ ἄνθρωπος πᾶς μᾶλλον  τίη συμφέρω .
186275	tlg0057.tlg095.1st1K-grc1	ἔγραψα δὲ ἐπίτηδες τοῦτο.	γράφω δέ ἐπίτηδες οὗτος .
186276	tlg0057.tlg095.1st1K-grc1	καλὰ γὰρ καὶ ταῦτα μαθήματά ἐστιν, ἃ πειρηθέντα ἀπορηθέντα ἐφάνη καὶ δι’ ἅπερ ἠπορήθη.	καλός γάρ καί οὗτος μάθημα εἰμί , ὅς πειράω ἀπορέω2 φαίνω καί διά ὅς ἀπορέω2 .
186277	tlg0057.tlg095.1st1K-grc1	Αὐτὸς ἂν ἐπιλαβὴν εἴρηκε τὴν οἷον ἀντιλαβὴν καὶ ἀντίληψιν, ὥστε στηριχθῆναι τοὺς περιβαλλομένους τροχοὺς πρός τε τῶν ἐξεχόντων ἕνεκα τοῦ ἀπορεῖν.	ἄν ἐπιλαβή λέγω ὁ  ἀντιλαβή καί ἀντίληψις , ὥστε στηρίζω ὁ περιβάλλω τροχός πρός τε ὁ ἐξέχω ἕνεκα ὁ ἀπορέω2 .
186278	tlg0057.tlg095.1st1K-grc1	κατὰ μὲν τὸ ἱερὸν ὀστέον οὐδὲν ἔχει τοιοῦτον ἄνωθέντ’ ἢν τό τέ τι ἔχῃ καὶ τὴν κεφαλὴν, ἅμα φαίνοιτ’ ἂν ὁ ἄνθρωπος πνιγόμενος, εἴ τις ἐνταῦθα περιλάβοι, καὶ κατὰ τοῦτ’ ἂν ἀπρεπὴς ἡ κατάτασις φαίνοιτο.	κατά μέν ὁ ἱερόν ὀστέον οὐδείς ἔχω   τ’ ἐάν ὁ  τι ἔχω καί ὁ κεφαλή , ἅμα  ἄν ὁ ἄνθρωπος πνίγω , εἰ τις ἐνταῦθα περιλαμβάνω , καί κατά  ἄν ἀπρεπής ὁ κατάτασις φαίνω .
186279	tlg0057.tlg095.1st1K-grc1	καὶ μέντοι καὶ βλάβας ἂν παράσχοι εἰ ὀλισθῇ τὸν βρόχον τις ἐπὶ τὸν λάρυγγα.	καί μέντοι καί βλάβη ἄν  εἰ  ὁ βρόχος τις ἐπί ὁ λάρυγξ .
186280	tlg0057.tlg095.1st1K-grc1	Ὅσοισι δὲ ἐς τὸ εἴσω σκολιαίνονται οἱ σφόνδυλοι ὑπὸ πτώματος ἢ καὶ ἐμπεσόντος τινὸς βαρέος, εἷς μὲν οὐδεὶς τῶν σφονδύλων μέγα ἐξίσταται κάρτα ὡς ἐπὶ τὸ πολὺ ἐκ τῶν ἄλλων.	δέ εἰς ὁ εἴσω  ὁ σφόνδυλος ὑπό πτῶμα ἤ καί ἐμπίπτω   ,  μέν οὐδείς ὁ σφόνδυλος μέγας ἐξίστημι κάρτα ὡς ἐπί ὁ πολύς ἐκ ὁ ἄλλος .
186281	tlg0057.tlg095.1st1K-grc1	ἢν δὲ ἐκστῇ μέγα ἢ εἷς ἢ πλείονες, θάνατον φέρουσιν, ὥσπερ δὴ καὶ πρόσθεν εἴρηται, κυκλώδης καὶ αὕτη καὶ οὐ γωνιώδης γίνεται ἡ παραλλαγή.	ἐάν δέ  μέγας τίη  τίη πολύς , θάνατος φέρω , ὥσπερ δή καί πρόσθεν λέγω ,  καί οὗτος καί οὐ  γίγνομαι ὁ παραλλαγή .
186282	tlg0057.tlg095.1st1K-grc1	οὖρα μὲν οὖν τοῖσι τοιούτοισι καὶ ἀπόπατος μᾶλλον ἴσχεται ἢ τοῖσιν ἔξω κυφοῖσι καὶ πόδες καὶ ὅλα τὰ σκέλεα ψύχεται μᾶλλον καὶ θανατηφόρα ταῦτα μᾶλλον ὧν ἔφην.	οὖρον μέν οὖν ὁ τοιοῦτος καί  μᾶλλον ἴσχω ἤ ὁ ἔξω  καί πούς καί ὅλος ὁ σκέλος ψύχω μᾶλλον καί θανατηφόρος οὗτος μᾶλλον ὅς φημί .
186283	tlg0057.tlg095.1st1K-grc1	καὶ ἢν περιγένωνται δὲ ῥυώδεες τὰ οὖρα μᾶλλον οὗτοι καὶ τῶν σκελέων ἀκρατέστεροι καὶ ναρκωδέστεροι.	καί ἐάν  δέ ῥυώδης ὁ οὖρον μᾶλλον οὗτος καί ὁ σκέλος  καί ναρκώδης .
186284	tlg0057.tlg095.1st1K-grc1	ἢν δὲ καὶ ἐν τῷ ἄνω μέρει μᾶλλον τὸ λόρδωμα γένηται, παντὸς τοῦ σώματος ἀκρατέες καὶ νεναρκωμένοι γίνονται.	ἐάν δέ καί ἐν ὁ ἄνω2 μέρος μᾶλλον ὁ λόρδωμα γίγνομαι , πᾶς ὁ σῶμα ἀκρατής καί  γίγνομαι .
186285	tlg0057.tlg095.1st1K-grc1	μηχανὴν δὲ οὐκ ἔχω οὐδεμίην ἔγωγε, ὅκως χρὴ τὸν τοιοῦτον ἐς τὸ αὐτὸ καταστῆσαι·	μηχανή δέ οὐ ἔχω οὐδείς ἐγώ , ὅπως χρή ὁ τοιοῦτος εἰς ὁ αὐτός καθίστημι ·
186286	tlg0057.tlg095.1st1K-grc1	καὶ εἰ μή τινα ἡ κατὰ τῆς κλίμακος κατάσεισις ὠφελέειν οἵη τε εἴη ἢ καὶ ἄλλη τις τοιαύτη ἴησις ἢ κατάσεισις, οἵηπερ ὀλίγῳ πρόσθεν εἴρηται.	καί εἰ μή τις ὁ κατά ὁ κλῖμαξ κατάσεισις ὠφελέω οἷος τε εἰμί ἤ καί ἄλλος τις τοιοῦτος ἴασις ἤ κατάσεισις ,  ὀλίγος πρόσθεν λέγω .
186287	tlg0057.tlg095.1st1K-grc1	κατανάγκασιν δὲ σὺν τῇ κατασείσει οὐδεμίην ἔχω ἥτις ἂν γίνοιτο, ὥσπερ τῷ κυφώματι τὴν κατανάγκασιν ἡ σανὶς ἐποιέετο.	δέ σύν ὁ κατασείω  ἔχω ὅστις ἄν γίγνομαι , ὥσπερ τῷ κύφωμα ὁ  ὁ σανίς ποιέω .
186288	tlg0057.tlg095.1st1K-grc1	πῶς γὰρ ἄν τις ἐκ τοῦ ἔμπροσθεν διὰ τῆς κοιλίης ἀναγκάσαι δύναιτο;	πῶς γάρ ἄν τις ἐκ ὁ ἔμπροσθεν διά ὁ κοιλία ἀναγκάζω δύναμαι ;
186289	tlg0057.tlg095.1st1K-grc1	οὐ γὰρ οἷόν τε, ἀλλὰ μὴν οὔτε βῆχες οὔτε πταρμοὶ οὐδεμίην δύναμιν ἔχουσιν, ὥστε τε τῇ τάσει συντιμωρέειν, οὐ μὴν οὐδ’ ἔνεσις φύσης ἐνιεμένης ἐς τὴν κοιλίην οὐδὲν ἂν δυνηθῇ.	οὐ γάρ  τε , ἀλλά μήν οὔτε  οὔτε πταρμός οὐδείς δύναμις ἔχω , ὥστε τε ὁ   , οὐ μήν οὐδέ ἔνεσις   εἰς ὁ κοιλία  ἐάν δύναμαι .
186290	tlg0057.tlg095.1st1K-grc1	καὶ μὴν αἱ μεγάλαι σικύαι προσβαλλόμεναι ἀνασπάσιος εἵνεκα δῆθεν.	καί μήν ὁ μέγας σικύα προσβάλλω  ἕνεκα δῆθεν .
186291	tlg0057.tlg095.1st1K-grc1	τῶν εἴσω ῥεπόντων σφονδύλων μεγάλη ἁμαρτὰς γνώμης ἐστίν.	ὁ εἴσω ῥέπω σφόνδυλος μέγας ἁμαρτάς γνώμη εἰμί .
186292	tlg0057.tlg095.1st1K-grc1	ἀπωθέουσι γὰρ μᾶλλον ἢ ἀνασπῶσι καὶ οὐδ’ αὐτὸ τοῦτο γιγνώσκουσιν οἱ προσβάλλοντες.	ἀπωθέω γάρ μᾶλλον ἤ  καί οὐδέ αὐτός οὗτος γιγνώσκω ὁ προσβάλλω .
186293	tlg0057.tlg095.1st1K-grc1	ὅσῳ γὰρ ἄν τις μείζω προσβάλλῃ, τοσούτῳ μᾶλλον λορδοῦντες οἱ προσβληθέντες συναναγκαζομένου ἄνω τοῦ δέρματος.	ὅσος γάρ ἄν τις μέγας προσβάλλω , τοσοῦτος μᾶλλον λορδόω ὁ προσβάλλω  ἄνω2 ὁ δέρμα .
186294	tlg0057.tlg095.1st1K-grc1	τρόπους δὲ ἄλλους κατασεισίων ἢ οἶοί τε πρόσθεν εἴρηνται, ἔχοιμ’ ἂν εἰπεῖν, ἁρμόσαι οὓς ἄν τι δοκέῃ τῷ παθήματι μᾶλλον, ἀλλ’ οὐ κάρτα πιστεύω αὐτοῖς, διὰ τοῦτο οὐ γράφω.	τρόπος δέ ἄλλος  ἤ οἶος τε πρόσθεν λέγω ,  ἄν λέγω , ἁρμόζω ὅς ἄν τις δοκέω τῷ πάθημα μᾶλλον , ἀλλά οὐ κάρτα πιστεύω αὐτός , διά οὗτος οὐ γράφω .
186295	tlg0057.tlg095.1st1K-grc1	ἀθρόον δὴ ξυνιέναι χρὴ περὶ τούτων ὧν ἐν κεφαλαίῳ εἴρηται.	ἀθρόος δή σύνειμι2 χρή περί οὗτος ὅς ἐν κεφάλαιος λέγω .
186296	tlg0057.tlg095.1st1K-grc1	ὅτι τὰ μὲν εἰς τὸ λορδὸν ῥεύσαντα ὀλέθριά εἰσι καὶ σινόμωρα, τὰ δὲ ἐς τὸ κυφὸν ἀσινέα θανάτου καὶ οὔρων σχεσίων καὶ ἀποναρκωσίων τὸ ἐπίπαν.	ὅτι2  μέν εἰς ὁ  ῥέω  εἰμί καί  , ὁ δέ εἰς ὁ κυφός  θάνατος καί ὅρος  καί  ὁ ἐπίπαν .
186297	tlg0057.tlg095.1st1K-grc1	Περὶ τῆς ἔσω μεταστάσεως τῶν σφονδύλων γράφει ταῦτα, χαλεπωτέραν αὐτὴν τῆς ἔξω λέγων εἶναι, καὶ ἡ αἰτία πρόδηλος.	περί ὁ εἴσω μετάστασις ὁ σφόνδυλος γράφω οὗτος , χαλεπός αὐτός ὁ ἔξω λέγω εἰμί , καί ὁ αἰτία πρόδηλος .
186298	tlg0057.tlg095.1st1K-grc1	καὶ γὰρ ἔσω ῥέπει τὰ νεῦρα πάντα τὰ ἀπὸ τοῦ νωτιαίου πεφυκότα.	καί γάρ εἴσω ῥέπω ὁ νεῦρον πᾶς ὁ ἀπό ὁ νωτιαῖος φύω .
186299	tlg0057.tlg095.1st1K-grc1	θλίβεται οὖν ἐν ταῖς τοιαύταις μεταστάσεσι μᾶλλον ἤπερ ἐν ταῖς ἔξω.	θλίβω οὖν ἐν ὁ τοιοῦτος  μᾶλλον  ἐν ὁ ἔξω .
186300	tlg0057.tlg095.1st1K-grc1	σὺν τούτοις δὲ καὶ τὰ ἐπικείμενα μόρια τῇ ῥάχει θλίβεται πάντα καὶ κατὰ τοῦτο καὶ τῆς κύστεως τὸ ἄνω πέρας θλίβεταί ποτε.	σύν οὗτος δέ καί ὁ  μόριον ὁ  θλίβω πᾶς καί κατά οὗτος καί ὁ κύστις ὁ ἄνω2 πέρας  ποτε .
186301	tlg0057.tlg095.1st1K-grc1	καὶ μέντοι καὶ κατὰ συμπάθειαν εἰς φλεγμονὴν ἀφίξεται πάντα καὶ διὰ τοῦτ’ οὔτε ἡ κύστις οὖρον ἐκκρίνει οὔτε τὰ ἔντερα ἀπόπατον.	καί  καί κατά συμπάθεια εἰς φλεγμονή ἀφικνέομαι πᾶς καί διά  οὔτε ὁ κύστις ὅρος ἐκκρίνω οὔτε ὁ ἔντερον  .
186302	tlg0057.tlg095.1st1K-grc1	τῆς γὰρ ἐκκριτικῆς δυνάμεως, ἥτις ἐστὶ μία τῶν φυσικῶν, πάθος ἐστὶν ἴσχεσθαι τὸ οὖρον καὶ τὸ ἀπόπατον.	ὁ γάρ ἐκκριτικός δύναμις , ὅστις εἰμί  ὁ φυσικός , πάθος εἰμί ἴσχω ὁ ὅρος καί ὁ  .
186303	tlg0057.tlg095.1st1K-grc1	τὸ δὲ ναρκώδη γίνεσθαι τὰ μόρια τῆς τῶν νεύρων βλάβης ἐστίν.	ὁ δέ  γίγνομαι ὁ μόριον ὁ ὁ νευρά βλάβη εἰμί .
186304	tlg0057.tlg095.1st1K-grc1	ἐκ μὲν οὖν τῆς κατὰ τὰ ἔντερα καὶ τὴν κύστιν βλάβης ἄχρι περ ἂν παύσεται φλεγμαίνοντα, κίνδυνος ἀπολέσθαι τὸν ἄνθρωπον καὶ δι’ ἄκρα καὶ ἀκώρω ἔντερα διαμένει καὶ διὰ τοῦτο καὶ ὁ σφίγγων τὴν κύστιν μῦς οὐκ ἐᾷ ἀκριβῶς ἐνεργῶν ἐπιτρέπειν τοῖς οὔροις.	ἐκ μέν οὖν ὁ κατά ὁ ἔντερον καί ὁ κύστις βλάβη ἄχρι περ ἄν παύω φλεγμαίνω , κίνδυνος ἀπόλλυμι ὁ ἄνθρωπος καί διά ἄκρον καί   διαμένω καί διά οὗτος καί ὁ  ὁ κύστις μῦς οὐ ἐάω ἀκριβής ἐνεργέω ἐπιτρέπω ὁ ὅρος .
186305	tlg0057.tlg095.1st1K-grc1	εἰκὸς καὶ δήπου καὶ τὸν ἐπὶ τῆς ἕδρας μῦν τὸν σφιγκτῆρα καλούμενον τὴν αὐτὴν ἀτονίαν ἔχειν.	ἔοικα καί  καί ὁ ἐπί ὁ ἕδρα  ὁ σφιγκτήρ καλέω ὁ αὐτός  ἔχω .
186306	tlg0057.tlg095.1st1K-grc1	Οὐ γὰρ ἐντείνει τοὺς ὀχετοὺς τοὺς κατὰ τὴν κοιλίην οὐδὲ κωλύει εὐρόους εἶναι ἡ εἰς τὸ ἔξω κύφωσις, ἡ δὲ λόρδωσις ταῦτα ἀμφότερα ποιέει καὶ ἐς τἆλλα πολλὰ προσγίνεται.	οὐ γάρ  ὁ ὀχετός ὁ κατά ὁ κοιλία οὐδέ κωλύω εὔροος εἰμί ὁ εἰς ὁ ἔξω κύφωσις , ὁ δέ λόρδωσις οὗτος ἀμφότερος ποιέω καί εἰς  πολύς  .
186307	tlg0057.tlg095.1st1K-grc1	Κατὰ τὴν προγεγραμμένην ῥῆσιν εἰρηκὼς οὖρα μὲν οὖν τοῖσι τοιούτοισι καὶ ἀπόπατος μᾶλλον ἴσχεται ἢ τοῖσιν ἔξω κυφοῖσι, νῦν τὴν αἰτίαν προσέθηκεν εἰπών·	κατά ὁ προγράφω ῥῆσις λέγω οὖρον μέν οὖν ὁ τοιοῦτος καί  μᾶλλον ἴσχω ἤ ὁ ἔξω κυφός , νῦν ὁ αἰτία προστίθημι λέγω ·
186308	tlg0057.tlg095.1st1K-grc1	οὐ γὰρ ἐντείνει τοὺς ὀχετοὺς τοὺς κατὰ τὴν κοιλίαν δηλονότι τὰς ἐκροὰς εἰπὼν, τήν τε κατὰ κύστιν καὶ τὴν κατὰ τὴν ἕδραν.	οὐ γάρ  ὁ ὀχετός ὁ κατά ὁ κοιλία  ὁ ἐκροή λέγω , ὁ τε κατά κύστις καί ὁ κατά ὁ ἕδρα .
186309	tlg0057.tlg095.1st1K-grc1	ἐντείνεσθαι δὲ τὰ μόρια δι’ ὧν αὗται γίνονται κατά τε τὴν θλίψιν, ἣν ἐκ τῆς τῶν σφονδύλων εἴσω μεταστάσεως ἴσχουσιν, εἰκός ἐστι καὶ πρὸς τῆς κατὰ τὰ νεῦρα συμπαθείας.	δέ ὁ μόριον διά  οὗτος γίγνομαι κατά τε ὁ θλῖψις , ὅς ἐκ ὁ ὁ σφόνδυλος  μετάστασις ἴσχω , ἔοικα εἰμί καί πρός ὁ κατά ὁ νεῦρον συμπάθεια .
186310	tlg0057.tlg095.1st1K-grc1	Ἐπεί τοι πολὺ πλείονες σκελέων τε καὶ χειρῶν ἀκρατέες γίνονται καὶ καταναρκοῦνται τὸ σῶμα καὶ οὖρα τούτοισιν ἴσχεται, οἷσιν ἂν μὴ ἐκστῇ μὲν τὸ ὕβωμα μήτε ἔξω μήτε ἔσω, σεισθέωσι δὲ ἰσχυρῶς ἐς τὴν ἰθυνίην τῆς ῥάχιος.	τοι πολύς πολύς  τε καί χείρ  γίγνομαι καί καταναρκάω ὁ σῶμα καί οὖρον οὗτος ἴσχω , ὅς ἐάν μή  μέν ὁ ὕβωμα  ἔξω μήτε εἴσω ,  δέ ἰσχυρός εἰς ὁ  ὁ  .
186311	tlg0057.tlg095.1st1K-grc1	οἷσι δὲ ἂν ἐκστῇ μὲν τὸ ὕβωμα, ἧσσον τοιαῦτα πάσχουσιν.	ὅς δέ ἄν  μέν ὁ ὕβωμα , ἥσσων τοιοῦτος πάσχω .
186312	tlg0057.tlg095.1st1K-grc1	Ἐνταῦθα τὴν ὕβωμα φωνὴν ὡς γενικόν τι σημαῖνον ἀνέγραψεν ἐπὶ πάσης εἰπὼν, τῆς τῶν σφονδύλων εἰς τὸ παρὰ φύσιν ἐκτροπῆς, ὅλος δὲ ὁ λόγος εὔδηλος.	ἐνταῦθα ὁ ὕβωμα φωνή ὡς  τις  ἀναγράφω ἐπί πᾶς λέγω , ὁ ὁ σφόνδυλος εἰς ὁ παρά φύσις ἐκτροπή , ὅλος δέ ὁ λόγος εὔδηλος .
186313	tlg0057.tlg095.1st1K-grc1	ἐπὶ γὰρ τὴν τετάρτην διαφορὰν τῶν κατὰ τὴν ῥάχιν παθῶν ἀφικνεῖται τῷ λόγῳ.	ἐπί γάρ ὁ τέταρτος διαφορά ὁ κατά ὁ ῥάχις  ἀφικνέομαι τῷ λόγος .
186314	tlg0057.tlg095.1st1K-grc1	καλοῦσι δὲ αὐτὴν σεῖσιν, ὅταν αἱ ἁρμονίαι σύμπασαι διακινηθῶσι τῶν σφονδύλων τῆς ῥάχεως καὶ κινδυνεύσει διασπασθῆναί τε καὶ θλασθῆναι διασεισθείσης σφοδρῶς αὐτῆς, καί φησι τοῦτο πολὺ χεῖρον εἶναι τῶν ἄνευ τοῦ διασεισθῆναι γιγνομένων διαστροφῶν τῆς ῥάχεως.	καλέω δέ αὐτός  , ὅταν ὁ ἁρμονία σύμπας  ὁ  ὁ ῥάχις καί κινδυνεύω διασπάω τε καί   σφοδρός αὐτός , καί φημί οὗτος πολύς χείρων εἰμί ὁ ἄνευ ὁ διασείω   ὁ ῥάχις .
186315	tlg0057.tlg095.1st1K-grc1	εἶθ’ ἑξῆς ὅτι καὶ ταῖς πλευραῖς καταγνυμέναις τοιοῦτόν γέ τι συμβαίνει διήγηται.	ἑξῆς ὅτι2 καί ὁ πλευρά  τοιοῦτος γε τι συμβαίνω διηγέομαι .
186316	tlg0057.tlg095.1st1K-grc1	Πολλὰ δὲ καὶ ἄλλα ἐν ἰητρικῇ ἄν τις θεάσαιτο, ὦν τὰ μὲν ἰσχυρὰ ἀσινέα ἐστὶ, καθ’ ἑωυτὰ τὴν κρίσιν ὅλην λαμβάνοντα τοῦ νοσήματος, τὸ δὲ ἀσθενέστερα σινόμωρα καὶ ἀποτόκους νοσημάτων χρονίους ποιέοντα καὶ κοινωνέοντα καὶ τῷ ἄλλῳ σώματι ἐπὶ πλέον.	πολύς δέ καί ἄλλος ἐν  ἄν τις θεάομαι ,  ὁ μέν ἰσχυρός ἀσινής εἰμί , κατά  ὁ κρίσις ὅλος λαμβάνω ὁ νόσημα , ὁ δέ   καί ἀπότοκος νόσημα χρόνιος ποιέω καί κοινωνέω καί ὁ ἄλλος σῶμα ἐπί πλέως .
186317	tlg0057.tlg095.1st1K-grc1	Προειρηκὼς περὶ τοῦ κατὰ ῥάχιν πάθους ὃ προσαγορεύουσι σεῖσιν ἄνευ τοῦ μεταστῆναι σφόνδυλόν τινα γενόμενον ἐν τῇ ἐφεξῆς γραφῇ πολλὰ λέγει τῶν κατ’ ἰατρικὴν ἐπιεικέστερα κατ’ ἀλήθειαν εἶναι, κἂν φαίνηται χαλεπώτερα.	περί ὁ κατά ῥάχις πάθος ὅς προσαγορεύω  ἄνευ ὁ μεθίστημι  τις γίγνομαι ἐν ὁ ἐφεξῆς γραφή πολύς λέγω ὁ κατά ἰατρικός ἐπιεικής κατά ἀλήθεια εἰμί , ἐάν φαίνω χαλεπός .
186318	tlg0057.tlg095.1st1K-grc1	συμβαίνει δ’ ἐκεῖνα τῶν παθῶν, ἐφ’ ὧν συμπάθειαί εἰσι μείζους, ὡς ὅσα γε μηδεμίαν ἐπιφέρει μορίων κυρίων συμπάθειαν, ἀλλὰ καθ’ ἑαυτὰ ποιεῖται τὴν κρᾶσιν, ἧττόν ἐστι χαλεπὰ καὶ ἰσχυρότερά σοι κατασκευαῖς.	συμβαίνω  ἐκεῖνος ὁ  , ἐπί ὅς  εἰμί μέγας , ὡς ὅσος γε μηδείς ἐπιφέρω μόριος κύριος συμπάθεια , ἀλλά κατά  ποιέω ὁ κρᾶσις ,  εἰμί χαλεπός καί   κατασκευή .
186319	tlg0057.tlg095.1st1K-grc1	ἐφεξῆς οὖν ὡς ἐν παραδείγματος μέρει μνημονεύει τῶν κατὰ τὰς πλευρὰς παθῶν ὑποδεικνύων, ἔνια μὲν αὐτῶν εἶναι τὴν φαντασίαν μόνον, ἔνια δὲ τῇ δυνάμει χαλεπά.	ἐφεξῆς οὖν ὡς ἐν παράδειγμα μέρος μνημονεύω ὁ κατά ὁ πλευρά  ὑποδείκνυμι ,  μέν αὐτός εἰμί ὁ φαντασία μόνος , ἔνιοι δέ ὁ δύναμις  .
186320	tlg0057.tlg095.1st1K-grc1	Ἐπεὶ καὶ πλευρέων κάτηξις τοιοῦτόν τι πέπονθεν·	καί   τοιοῦτος τις  ·
186321	tlg0057.tlg095.1st1K-grc1	οἷσι μὲν γὰρ ἂν καταγῇ πλευρὴ μία ἢ πλέονες, ὡς τοῖσι πλείστοισι κατάγνυται μὴ διασχόντα τὰ ὀστέα ἐς τὸ εἴσω μέρος, μηδὲ ψιλωθέντα, ὀλίγοι μὲν ἤδη ἐπυρέτηναν·	ὅς μέν γάρ ἄν    τίη πολύς , ὡς ὁ πλεῖστος κατάγνυμι μή διέχω ὁ ὀστέον εἰς ὁ εἴσω μέρος , μηδέ ψιλόω , ὀλίγος μέν ἤδη  ·
186322	tlg0057.tlg095.1st1K-grc1	ἀτὰρ οὐδὲ αἷμα πολλοὶ ἤδη ἔπτυσαν, οὐδὲ ἔμπυοι πολλοὶ γίνονται, οὐδὲ ἔμμοτοι, οὐδὲ ἐπισφακελίσιες τῶν ὀστέων, δίαιτά τε φαύλη ἀρκέει.	ἀτάρ οὐδέ αἷμα πολύς ἤδη πτύω , οὐδέ ἔμπυος πολύς γίγνομαι , οὐδέ ἔμμοτος , οὐδέ ἐπισφακέλισις ὁ ὀστέον ,  τε  ἀρκέω .
186323	tlg0057.tlg095.1st1K-grc1	Ὅτι τὸ σύμμετρον τοῦ λόγου σαφήνειαν συντελεῖ, μαθεῖν ἐστιν οὐχ ἥκιστα καὶ ἐκ τῆς προκειμένης ῥήσεως μακρᾶς οὔσης.	ὅτι2 ὁ σύμμετρος ὁ λόγος σαφήνεια  , μανθάνω εἰμί οὐ ἥκιστος καί ἐκ ὁ   μακρός εἰμί .
186324	tlg0057.tlg095.1st1K-grc1	ἐγὼ τὸ πρῶτον μέρος ἄρτι προεχειρισάμην·	ὁ πρῶτος μέρος ἄρτι  ·
186325	tlg0057.tlg095.1st1K-grc1	ἐκ τινὸς γὰρ ἐπὶ πλεῖον ὁ Ἱπποκράτης ἀσάφειάν τινα ἐργάσατο, διὰ βραχέωνδ’ ἂν οὕτως ἑρμηνεύοιτο.	ἐκ  γάρ ἐπί πλέως ὁ Ἱπποκράτης  τις ἐργάζομαι , διά βράχεα δ’ ἄν οὕτως  .
186326	tlg0057.tlg095.1st1K-grc1	τὰ κατάγματα τῶν πλευρῶν, ὅταν ἁπλᾶ καὶ μόνα γένηται, τὴν μὲν φαντασίαν χαλεπωτέραν τῶν περιθλάσεων ἔχει, τῇ δυνάμει δὲ ἐπιεικεστέραν, θεραπεύεται γὰρ ἄνευ κινδύνου τάχιστα.	ὁ κάταγμα ὁ  , ὅταν  καί μόνος γίγνομαι , ὁ μέν φαντασία χαλεπός ὁ  ἔχω , ὁ δύναμις δέ ἐπιεικής , θεραπεύω γάρ ἄνευ κίνδυνος ταχύς .
186327	tlg0057.tlg095.1st1K-grc1	χωρὶς δὲ κατάγματος ὅταν περὶ τὰς πλευρὰς σάρκες θλασθῶσιν, εἰς μέγιστον ἐνίοτε κίνδυνον ἥκουσιν οἱ οὕτω παθόντες.	χωρίς δέ  ὅταν περί ὁ πλευρά σάρξ  , εἰς  ἐνίοτε κίνδυνος ἥκω ἕ οὕτως πάσχω .
186328	tlg0057.tlg095.1st1K-grc1	τὸ μὲν κεφάλαιον τοῦ λόγου τοῦτο·	ὁ μέν κεφάλαιος ὁ λόγος οὗτος ·
186329	tlg0057.tlg095.1st1K-grc1	τὰ δὲ κατὰ μέρος ἐφεξῆς ἴδωμεν, εἰ ἐν τῷ πρώτῳ μέρει τῆς ῥήσεως, ὅπερ ἐγὼ διὰ βραχέων εἶπον, ὅταν ἁπλᾶ καὶ μόνα γένηται τὰ κατάγματα τῶν πλευρῶν.	ὁ δέ κατά μέρος ἐφεξῆς ὁράω , εἰ ἐν ὁ πρῶτος μέρος ὁ  , ὅς  διά βράχεα λέγω , ὅταν  καί μόνος γίγνομαι ὁ κάταγμα ὁ  .
186330	tlg0057.tlg095.1st1K-grc1	ὁ δὲ Ἱπποκράτης εἴρηκεν, ὅπερ ἐξηγούμενος ἔγραψε, μὴ διασχόντα τὰ ὀστᾶ εἰς τὸ ἔσω μέρος εἰπὼν, τὴν εὐρυχωρίαν τοῦ θώρακος εἰς ἣν ἀδύνατόν ἐστι διασχεῖν ὀστῷ τῷ κατ’ αὐτὸν ἄνευ τοῦ γυμνωθῆναι μὲν αὐτὸ τὸ ὀστοῦν ἁπάσης τῆς περικειμένης σαρκὸς, διατμηθῆναι δὲ τὸν ὑπεζωκότα καλούμενον ὑμένα.	ὁ δέ Ἱπποκράτης λέγω , ὅς  γράφω , μή διέχω ὁ ὀστέον εἰς ὁ εἴσω μέρος λέγω , ὁ εὐρυχωρία ὁ θώραξ εἰς ὅς ἀδύνατος εἰμί διέχω  τῷ κατά αὐτός ἄνευ ὁ γυμνόω μέν αὐτός ὁ  ἅπας ὁ  σάρξ , διατέμνω δέ ὁ  καλέω ὑμήν .
186331	tlg0057.tlg095.1st1K-grc1	διὰ τοῦτο μὲν οὖν ἐδήλωσε τὸ ἁπλοῦν τοῦ κατάγματος, διά τε τῶν ἐφεξῆς τὸ ἐπιεικὲς, ὀλίγους μὲν εἰπὼν ἐπιπυρέττειν, πτύσαι δὲ αἷμά τινα σπανίως, ὥσπερ γε καὶ ἔμπυον καὶ ἔμμοτον γενέσθαι, σφακελίσαι τε τὸ τῆς πλευρᾶς ὀστοῦν·	διά οὗτος μέν οὖν δηλόω ὁ ἁπλόος ὁ  , διά τε ὁ ἐφεξῆς ὁ ἐπιεικής , ὀλίγος μέν λέγω  , πτύω δέ αἷμα τις σπάνιος , ὥσπερ γε καί  καί  γίγνομαι , σφακελίζω τε ὁ ὁ πλευρά  ·
186332	tlg0057.tlg095.1st1K-grc1	διὸ καὶ τὴν δίαιταν αὐτοῖς ἐξαρκέσειν φαύλην.	διό καί ὁ δίαιτα αὐτός ἐξαρκέω  .
186333	tlg0057.tlg095.1st1K-grc1	ἔμαθες δὲ ὅτι φαύλην ἀεὶ λέγει τὴν ἐναντίαν τῇ ἀκριβεῖ τὴν ἐπιτυχοῦσαν.	δέ ὅτι2  ἀεί λέγω ὁ  ὁ ἀκριβής ὁ  .
186334	tlg0057.tlg095.1st1K-grc1	ἐν μὲν οὖν τῷ προκειμένῳ μορίῳ τῆς ἄλλης αὐτοῦ ῥήσεως ὅλη διάνοια τοιαύτη τίς ἐστιν.	ἐν μέν οὖν τῷ  μόριον ὁ ἄλλος αὐτός  ὅλος διάνοια τοιοῦτος τις εἰμί .
186335	tlg0057.tlg095.1st1K-grc1	ἴδωμεν δὲ ἐφεξῆς τὰ λοιπά.	δέ ἐφεξῆς ὁ λοιπός .
186336	tlg0057.tlg095.1st1K-grc1	Ἢν γὰρ μὴ πυρετὸς ξυνεχὴς ἐπιλαμβάνῃ αὐτοὺς καὶ κενεαγγέειν κάκιον τοῖσι τούτοισιν ἢ μὴ κενεαγγέειν καὶ ἐπωδυνέστερον καὶ πυρετωδέστερον καὶ βηχωδέστερον.	γάρ   συνεχής  αὐτός καί κενεαγγέω κακός ὁ οὗτος τίη μή κενεαγγέω καί  καί πυρετώδης καί βηχώδης .
186337	tlg0057.tlg095.1st1K-grc1	τὸ γὰρ πλήρωμα τὸ μέτριον τῆς κοιλίης διόρθωμα τῶν πλευρέων γίνεται.	ὁ γάρ πλήρωμα ὁ μέτριος ὁ κοιλία διόρθωμα ὁ πλευρά γίγνομαι .
186338	tlg0057.tlg095.1st1K-grc1	ἡ δὲ κένωσις κρεμασμὸν μὲν τῇσι πλευρῇσι ποιέει, ὁ δὲ κρεμασμὸς ὀδύνην.	ὁ δέ κένωσις κρεμασμός μέν ὁ πλευρά ποιέω , ὁ δέ κρεμασμός ὀδύνη .
186339	tlg0057.tlg095.1st1K-grc1	Ὁ τῆς κοιλίης ὄγκος στήριγμά τι γίνεται ταῖς πλευραῖς, διὸ καὶ ὅσοι μείζονας ἔχουσι τὰς γαστέρας, ἦττον ὀδυνῶνται καταγείσης τῆς πλευρᾶς·	ὁ ὁ κοιλία ὄγκος   γίγνομαι ὁ πλευρά , διό καί ὅσος μέγας ἔχω ὁ γαστήρ ,  ὀδυνάω κατάγνυμι ὁ πλευρά ·
186340	tlg0057.tlg095.1st1K-grc1	ὅσοις δὲ ἰσχναί τέ εἰσι καὶ προσεσταλμέναι, μᾶλλον ἀλγοῦσιν ἀστηρίκτων καὶ μετεώρων αἰσθανόμενοι τῶν πλευρῶν.	ὅσος δέ   εἰμί καί  , μᾶλλον ἀλγέω  καί   ὁ πλευρά .
186341	tlg0057.tlg095.1st1K-grc1	ἐὰν μὲν οὖν συνεχὴς ἐπιλάβῃ πυρετὸς, αὐ τούς ἐστι κενεαγγεῖν, ὅπερ δηλοῖ νῦν αὐτὸ τὸ ἀσιτεῖν, ἐπειδήπερ ἡ ἐκ τῆς ἐδωδῆς βλάβη γίγνεται μείζων τῆς ἐκ τοῦ κρεμασμοῦ.	ἐάν μέν οὖν συνεχής   ,  ὁ εἰμί  , ὅς δηλόω νῦν αὐτός ὁ ἀσιτέω , ἐπεί ὁ ἐκ ὁ ἐδωδή βλάβη γίγνομαι μέγας ὁ ἐκ ὁ  .
186342	tlg0057.tlg095.1st1K-grc1	εἰ δή τι μηδ’ ὅλως πυρέξει, ἄμεινον ἐσθίειν τοσαῦτα τὸ πλῆθος, ὡς εἰς ὄγκον ἀρθῆναι τὴν γαστέρα τοσοῦτον, ὅσον ἡλίκος ὡς ἄνευ τοῦ θλίβειν τὸ πεπονθὸς, ἕδρα τε καὶ στήριγμα γενήσεται ταῖς πλευραῖς.	εἰ δή τι  ὅλος  , ἀμείνων ἐσθίω τοσοῦτος ὁ πλῆθος , ὡς εἰς ὄγκος ἀραρίσκω ὁ γαστήρ  , ὅσος  ὡς ἄνευ ὁ θλίβω ὁ  , ἕδρα τε καί στήριγμα γίγνομαι ὁ πλευρά .
186343	tlg0057.tlg095.1st1K-grc1	Ἔξωθεν δὲ φαύλη ἐπίδεσις τοῖσι τοιούτοισιν ἀρκέει, κηρωτῇ καὶ σπλήνεσι καὶ ὀθονίοισιν ἡσύχως ἐρείδοντα ὁμαλὴν τὴν ἐπίδεσιν ποιέεσθαι ἢ καὶ ἐριῶδές τι προσεπιθέντα.	ἔξωθεν δέ  ἐπίδεσις ὁ τοιοῦτος ἀρκέω , κηρωτή καί  καί  ἥσυχος ἐρείδω ὁμαλός ὁ ἐπίδεσις ποιέω ἤ καί ἐριώδης τις  .
186344	tlg0057.tlg095.1st1K-grc1	κρατύνεται δὲ πλευρὴ ἐν εἴκοσιν ἡμέρῃσι, παχεῖαι γὰρ αἱ ἐπιπωρώσιες τούτων τῶν ὀστέων.	κρατύνω δέ πλευρά ἐν  ἡμέρα , παχύς γάρ ὁ ἐπιπώρωσις οὗτος ὁ ὀστέον .
186345	tlg0057.tlg095.1st1K-grc1	Φαύλην ἐπίδεσιν εἶπεν, ὥσπερ καὶ δίαιταν, τὴν ἐπιτυχοῦσαν, ἥτις ἐστὶν ἐναντία τῇ ἐπιμελῶς γεγενημένῃ.	λέγω , ὥσπερ καί δίαιτα , ὁ  , ὅστις εἰμί ἐναντίος ὁ ἐπιμελής  .
186346	tlg0057.tlg095.1st1K-grc1	Ἀμφιθλασθείσης δὲ τῆς σαρκὸς ἀμφὶ τῇσι πλευρῇσιν ἢ ὑπὸ πληγῆς ἢ ὑπὸ πτώματος ἢ ὑπὸ ἀντερείσιος ἢ ἄλλου τινὸς τοιουτοτρόπου πολλοὶ ἤδη πολὺ αἷμα ἔπτυσαν.	δέ ὁ σάρξ ἀμφί ὁ πλευρά τίη ὑπό πληγή τίη ὑπό πτῶμα ἤ ὑπό  ἤ ἄλλος  τοιουτότροπος πολύς ἤδη πολύς αἷμα πτύω .
186347	tlg0057.tlg095.1st1K-grc1	Μέμνηται καὶ τούτου τοῦ λόγου διὰ τοὺς οἰομένους ἐν ταῖς πλευρίτισιν ἐξ ἀνάγκης ἀνάγειν τινὰ τῶν λοβῶν τοῦ πνεύμονος πάσχειν καὶ συναπτόμενόν γε τοῦτόν φασι τῇ φλεγμαινούσῃ πλευρᾷ διδόναι τι τοῦ κατὰ τὴν φλεγμονὴν ἰχῶρος.	καί οὗτος ὁ λόγος διά ὁ  ἐν ὁ  ἐκ ἀνάγκη ἀνάγω  ὁ  ὁ  πάσχω καί  γε  φημί ὁ φλεγμαίνω πλευρά δίδωμι τι ὁ κατά ὁ φλεγμονή  .
186348	tlg0057.tlg095.1st1K-grc1	ἐν τῷ πνεύμονι γὰρ οὐδὲν πνεύμονος πεπονθότος, ἀλλὰ τῆς διαθέσεως τῇ πλευρᾷ γενομένης πτύειν φησὶν ἐνίους αἷμα.	ἐν τῷ πλεύμων γάρ οὐδείς  πάσχω , ἀλλά ὁ διάθεσις ὁ πλευρά γίγνομαι πτύω φημί ἔνιοι αἷμα .
186349	tlg0057.tlg095.1st1K-grc1	πῶς μὲν οὖν γίγνεται τοῦτο ζητεῖν ἔξεστιν ἐπὶ σχολῆς, ἡμῖν τε βασανιζομένοις τὸ ζήτημα κατά γε τὸ περὶ αἵματος ἀναγωγῆς Ἐρασιστράτου βιβλίον.	πῶς μέν οὖν γίγνομαι οὗτος ζητέω ἔξεστι ἐπί σχολή ,  τε βασανίζω ὁ ζήτημα κατά γε ὁ περί αἷμα ἀναγωγή Ἐρασίστρατος βιβλίον .
186350	tlg0057.tlg095.1st1K-grc1	ἐξαρκεῖν δὲ δεῖ νῦν αὐτὸ τοῦτο μόνον ἐγνωκέναι, τὸ χωρὶς τοῦ παθεῖν τι τὸν πνεύμονα πτύειν ἐνίους αἷμα διὰ τὸ κατὰ τὰς πλευρὰς πάθος.	ἐξαρκέω δέ δέω νῦν αὐτός οὗτος μόνος γιγνώσκω , ὁ χωρίς ὁ πάσχω τις ὁ πλεύμων πτύω ἔνιοι αἷμα διά ὁ κατά ὁ πλευρά πάθος .
186351	tlg0057.tlg095.1st1K-grc1	ἐθεάσασθε δὲ κἀπὶ τῶν ἄλλων πολλάκις ἀτρώτου τοῦ προκειμένου τῷ κατάγματι δέρματος ὄντος ἐκχεόμενον αἱματώδη χυμὸν διὰ τοῦ τοιοῦτον πληρῶσαι τοὺς ἐπιδέσμους.	δέ ἐπί ὁ  πολλάκις  ὁ  τῷ  δέρμα εἰμί  αἱματώδης χυμός διά ὁ τοιοῦτος πληρόω ὁ  .
186352	tlg0057.tlg095.1st1K-grc1	καίτοι πολλῷ πυκνότερόν ἐστι τὸ παρὰ τοῖς κώλοις δέρμα τοῦ τὰς πλευρὰς ὑπεζωκότος ὑμένος, ὥστ’ οὐδὲν θαυμαστόν ἐστι δι’ ἐκείνου ῥυῆναι πρὸς τὴν ἐκτὸς χώραν ἐκ τῆς πεπονθυίας πλευρᾶς.	πολύς  εἰμί ὁ παρά ὁ  δέρμα ὁ ὁ πλευρά ὑποζώννυμι  ,  οὐδείς θαυμαστός εἰμί διά ἐκεῖνος  πρός ὁ ἐκτός χώρα ἐκ ὁ   .
186353	tlg0057.tlg095.1st1K-grc1	εἶτ’ εὐθέως εἰς τὰ βρόγχια τοῦ πνεύμονος ἀναληφθῆναι κατὰ τὰς ἐκπνοὰς, ὥσπερ ὁρῶμεν ἐπὶ τῶν συντρωθέντων τὸν ὑμένα τοῦτον.	εὐθύς εἰς ὁ  ὁ  ἀναλαμβάνω κατά ὁ  , ὥσπερ ὁράω ἐπί ὁ  ὁ ὑμήν οὗτος .
186354	tlg0057.tlg095.1st1K-grc1	ὅ τι γὰρ ἂν ἐκχέῃς εἰς τὸν θώρακα διὰ τοῦ τραύματος ἀναβήσσεται τοῦτο παραχρῆμα διὰ τοῦ στόματος καὶ διὰ τοῦτο Ἐρασίστρατος οὐκ ἐννοήσας εἰς ἀτόπους ἐνέπεσε λόγους ἐν τῷ περὶ αἵματος ἀναγωγῆς, ὧν τὴν κακίαν ἐμάθετε διερχομένου μου πολλάκις ἀκούσαντες ἐπ’ αὐτοῦ τοῦ συγγράμματος.	ὅς  γάρ ἐάν  εἰς ὁ θώραξ διά ὁ τραῦμα  οὗτος παραχρῆμα διά ὁ στόμα καί διά οὗτος Ἐρασίστρατος οὐ ἐννοέω εἰς  ἐμπίπτω λόγος ἐν ὁ περί αἷμα ἀναγωγή , ὅς ὁ κακία    πολλάκις ἀκούω ἐπί αὐτός ὁ σύγγραμμα .
186355	tlg0057.tlg095.1st1K-grc1	Οἱ γὰρ ὀχετοὶ οἱ κατὰ τὸ λαπαρὸν τῆς πλευρῆς ἑκάστης παρατεταμένοι καὶ οἱ τόνοι ἀπὸ τῶν ἐπικαιροτάτων τῶν ἐν τῷ σώματι τὰς ἀφορμὰς ἔχουσι.	γάρ  ὁ κατά ὁ λαπαρός ὁ πλευρά ἕκαστος παρατείνω καί ὁ τόνος ἀπό ὁ ἐπίκαιρος ὁ ἐν ὁ σῶμα ὁ ἀφορμή ἔχω .
186356	tlg0057.tlg095.1st1K-grc1	πολλοὶ γοῦν ἤδη βηχώδιες καὶ φυματίαι καὶ ἔμπυοι ἐγένοντο καὶ ἔμμοτοι καὶ ἡ πλευρὴ ἐπεσφακέλισεν αὐτοῖσιν, ἀτὰρ καὶ οἷσι μηδὲν τοιοῦτον προσεγένετο ἀμφιθλασθείσης τῆς σαρκὸς ἀμφὶ τῇσι πλευρῇσιν.	πολύς γοῦν ἤδη  καί  καί  γίγνομαι καί ἔμμοτος καί ὁ πλευρά ἐπισφακελίζω αὐτός ,  καί ὅς   προσγίγνομαι  ὁ σάρξ ἀμφί ὁ πλευρά .
186357	tlg0057.tlg095.1st1K-grc1	ὅμως δὲ βραδύτερον ὀδυνώμενοι παύονται οὗτοι ἢ οἷσιν ἂν πλευρὴ καταγῇ καὶ ὑποστροφὰς μᾶλλον ἴσχει ὀδυνημάτων τὸ χωρίον ἐν τοῖσι τοιούτοισι τρώμασι.	ὅμως δέ βραδύς ὀδυνάω παύω οὗτος τίη ὅς ἀνά   καί ὑποστροφή μᾶλλον ἴσχω ὀδύνημα ὁ χωρίον ἐν ὁ τοιοῦτος τραῦμα .
186358	tlg0057.tlg095.1st1K-grc1	μάλα μὲν οὖν μετεξέτεροι καταμελέουσι τῶν τοιούτων σινέων μᾶλλον ἢν πλευρὴ κατεάγῃ αὐτοῖσιν.	μάλα μέν οὖν μετεξέτεροι καταμελέω ὁ τοιοῦτος  μᾶλλον ἐάν   αὐτός .
186359	tlg0057.tlg095.1st1K-grc1	Ὀχετοὺς μὲν εἷπε τὰς ἀρτηρίας δηλονότι καὶ τὰς φλέβας, λαπαρὰν δὲ τῆς πλευρᾶς ἑκάστης τὸ μεταξὺ τῶν ὀστῶν καθ’ ἃ καὶ οἱ μεσοπλεύριοι μῦς εἰσι, τόνους δὲ δηλονότι τὰ νεῦρα.	μέν εἶπον ὁ ἀρτηρία  καί ὁ φλέψ ,  δέ ὁ  ἕκαστος ὁ  ὁ ὀστέον κατά ὅς καί ὁ   εἰμί , τόνος δέ  ὁ νεῦρον .
186360	tlg0057.tlg095.1st1K-grc1	πεφυκέναι δέ φησιν ἀπὸ τῶν ἐπικαιροτάτων πάντα ταῦτα·	φύω δέ φημί ἀπό ὁ ἐπίκαιρος πᾶς οὗτος ·
186361	tlg0057.tlg095.1st1K-grc1	διότι μὲν τῶν φλεβῶν τούτων ἡ ἀρχὴ πλησίον ἐστὶ τῆς καρδίας, ὥσπερ καὶ τῶν ἀρτηριῶν.	διότι μέν ὁ  οὗτος ὁ ἀρχή πλησίος εἰμί ὁ καρδία , ὥσπερ καί ὁ ἀρτηρία .
186362	tlg0057.tlg095.1st1K-grc1	τῶν δὲ νεύρων ἀπὸ τῶν κατὰ τὸν θώρακα νωτιαίων κοινωνίας τινὸς οὕσης αὐτοῖς καὶ πρὸς ἄλλην συζυγίαν νεύρων ἐξ ἐγκεφάλου καθηκόντων.	ὁ δέ  ἀπό ὁ κατά ὁ θώραξ  κοινωνία   αὐτός καί πρός ἄλλος συζυγία  ἐκ ἐγκέφαλος καθήκω .
186363	tlg0057.tlg095.1st1K-grc1	τὰ δ’ ἐφεξῆς ὑπ’ αὐτοῦ γεγραμμένα δῆλα τοῖς μεμνημένοις ἁπάντων τῶν ἐν τοῖς ἔμπροσθεν εἰρημένων ὑπομνήμασιν.	ὁ  ἐφεξῆς ὑπό αὐτός γράφω δῆλος ὁ  ἅπας ὁ ἐν ὁ ἔμπροσθεν λέγω ὑπόμνημα .
186364	tlg0057.tlg095.1st1K-grc1	Ἀτὰρ καὶ ἰήσιος σκεθροτέρης οἱ τοιοῦτοι δέονται, εἰ σωφρονοῖεν, τῇ τε γὰρ διαίτῃ ξυμφέρει ξυνεστάλκαι, ἀτρεμέειν δὲ τῷ σώματι ὡς μάλιστα ἀφροδισίων τε ἀπέχεσθαι.	καί  σκεθρός ὁ τοιοῦτος δέω , εἰ σωφρονέω , ὁ τε γάρ δίαιτα συμφέρω  , ἀτρεμέω δέ τῷ σῶμα ὡς μάλιστα Ἀφροδίσιος τε ἀπέχω .
186365	tlg0057.tlg095.1st1K-grc1	Τὴν ἀκριβεστέραν ἀεὶ λέγει σκεθροτέραν ἀντικειμένην τῇ φαύλῃ.	ὁ ἀκριβής ἀεί λέγω   ὁ  .
186366	tlg0057.tlg095.1st1K-grc1	Βρωμάτων τε λιπαρῶν καὶ κερχνωδέων καὶ ἰσχυρῶν πάντων.	τε λιπαρής καί  καί ἰσχυρόω πᾶς .
186367	tlg0057.tlg095.1st1K-grc1	Ὅσα βρώματα τραχύνοντα τὸν φάρυγγα βραχεῖαν βῆχα κινεῖ, κερχνώδη ταῦτα καλεῖ.	βρῶμα τραχύνω ὁ φάρυγξ βραχύς βήξ κινέω ,  οὗτος καλέω .
186368	tlg0057.tlg095.1st1K-grc1	τοῦτο δὲ ἕπεται τοῖς λιπαροῖς καὶ ὀξέσι καὶ δριμέσιν, ἰσχυρὰ δὲ λέγει σιτία τὰ δύσπεπτα.	οὗτος δέ  ὁ  καί  καί  , ἰσχυρός δέ λέγω σιτίον ὁ δύσπεπτος .
186369	tlg0057.tlg095.1st1K-grc1	γέγραπται δ’ ἐν τοῖς ἀκριβέσι τοῖς αὐτογράφοις τουτὶ τὸ κερχνωδέων διὰ τοῦ ν κατὰ τὴν δευτέραν συλλαβήν·	γράφω  ἐν ὁ  ὁ αὐτόγραφος οὗτος ὁ  διά ὁ  κατά ὁ δεύτερος συλλαβή ·
186370	tlg0057.tlg095.1st1K-grc1	ἀπὸ γὰρ τῆς κέρχνου γέγονεν.	ἀπό γάρ ὁ  γίγνομαι .
186371	tlg0057.tlg095.1st1K-grc1	οὕτως δὲ ὀνομάζουσι τὴν κέγχρον οἱ Ἴωνες, ὅταν αἴσθησις ἐν τῇ φάρυγγι τραχυτάτων γίγνεται μικρῶν ὥσπερ κέγχρων.	οὕτως δέ ὀνομάζω ὁ  ὁ Ἴωνες , ὅταν αἴσθησις ἐν ὁ φάρυγξ  γίγνομαι μικρός ὥσπερ  .
186372	tlg0057.tlg095.1st1K-grc1	τὸ δ’ ἐν τοῖς πρόσθεν, εἰ καὶ ἔλεγε τὰ κατὰ τὸν πνεύμονα φύματα καὶ χρόνια καὶ δύσπεπτα ἔχοντα κεγχρώδεις γίγνεσθαι χωρὶς τοῦ ν γέγραπται, γεγονὸς ἀπὸ τοῦ κέγχρειν, ὅπερ αὐτὸ πάλιν γέγονεν ἀπὸ τοῦ ψόφου τοῦ συμβαίνοντος, ὅταν ἤτοι στενοχωρία ᾖ τις κατὰ τὰς ἀναπνευστικὰς ὁδοὺς ἢ ὑγρότης πλείων, ὡς πολὺ δὲ συνιόντων ἀμφοῖν γίγνεται.	ὁ  ἐν ὁ πρόσθεν , εἰ καί λέγω ὁ κατά ὁ πλεύμων φῦμα καί  καί δύσπεπτος ἔχω  γίγνομαι χωρίς ὁ  γράφω , γίγνομαι ἀπό ὁ  , ὅς αὐτός πάλιν γίγνομαι ἀπό ὁ ψόφος ὁ συμβαίνω , ὅταν ἤτοι στενοχωρία εἰμί  κατά ὁ  ὁδός ἤ  πολύς , ὡς πολύς δέ σύνειμι2 ἄμφω γίγνομαι .
186373	tlg0057.tlg095.1st1K-grc1	καλοῦσι δ’ ἔνιοι μὲν τοιαύτην ἀναπνοὴν δασεῖαν·	καλέω  ἔνιοι μέν τοιοῦτος ἀναπνοή δασύς ·
186374	tlg0057.tlg095.1st1K-grc1	διὰ τί δὲ τῶν βῆχα κινούντων ἐδεσμάτων ἀπέχεσθαι κελεύει πρόδηλόν ἐστιν ἡσυχάζειν δεομένων ἁπάντων τῶν πεπονθότων μορίων.	διά τίς δέ ὁ  κινέω ἔδεσμα ἀπέχω κελεύω πρόδηλος εἰμί ἡσυχάζω δέω ἅπας ὁ πάσχω μόριον .
186375	tlg0057.tlg095.1st1K-grc1	διὰ τοῦτο γοῦν καὶ σιγᾷν αὐτὸν πάλιν κελεύει.	διά οὗτος γοῦν καί  αὐτός πάλιν κελεύω .
186376	tlg0057.tlg095.1st1K-grc1	πρόδηλον δὲ καὶ περὶ τῶν ἄλλων ὅσα παρεῖναι φυλάττεσθαι κίνησιν σφοδρὰν ἐπιφέροντα τῷ παντὶ σώματι·	πρόδηλος δέ καί περί ὁ  ὅσος παρίημι φυλάσσω κίνησις σφοδρός ἐπιφέρω ὁ πᾶς σῶμα ·
186377	tlg0057.tlg095.1st1K-grc1	σὺν γὰρ τῷ ὅλῳ καὶ τὸ μόριον κινεῖται.	σύν γάρ τῷ ὅλος καί ὁ μόριον κινέω .
186378	tlg0057.tlg095.1st1K-grc1	Φλέβα τε κατ’ ἀγκῶνα τέμνεσθαι, σιγᾷν τε ὡς μάλιστα.	τε κατά ἀγκών τέμνω ,  τε ὡς μάλιστα .
186379	tlg0057.tlg095.1st1K-grc1	ἐπιδέεσθαι δὲ εἰς τὸ χωρίον τὸ θλασθὲν σπλήνεσι μὴ πολυπτύχεσι, συχνοῖσι δὲ καὶ πολὺ πλατυτέροισι πάντα τοῦ θλάσματος κηρωτῇ τε ὑποχρίειν ὀθονίοισί τε πλατέσι σὺν ταινίῃσι πλατείῃσι καὶ μαλθακῇσι ἐπιδέειν, ἐρείδειν τε μετρίως, ὥστε μὴ κάρτα πεπιέχθαι φάναι τὸν ἐπιδεδεσμένον, μηδ’ αὖ χαλαρόν.	ἐπιδέω δέ εἰς ὁ χωρίον ὁ   μή  , συχνός δέ καί πολύς πλατύς πᾶς ὁ  κηρωτή τε ὑποχρίω  τε  σύν  πλατεῖα καί μαλθακός  , ἐρείδω τε μέτριος , ὥστε μή κάρτα πιέζω φημί ὁ  ,  αὖ χαλαρός .
186380	tlg0057.tlg095.1st1K-grc1	ἄρχεσθαι δὲ τὸν ἐπιδέοντα κατὰ τὸ θλάσμα καὶ ἐρηρεῖσθαι ταύτῃ μάλιστα.	ἄρχω δέ ὁ ἐπιδέω κατά ὁ  καί  οὗτος μάλιστα .
186381	tlg0057.tlg095.1st1K-grc1	Μέμνηται δὴ τούτου πρὸς τοὺς ἀξιοῦντας ἐπὶ τῇ πληθωρικῇ καλουμένῃ συνδρομῇ μόνον φλεβοτομίαν ἡμᾶς παραλαμβάνειν.	δή οὗτος πρός ὁ ἀξιόω ἐπί ὁ  καλέω συνδρομή μόνος  ἐγώ παραλαμβάνω .
186382	tlg0057.tlg095.1st1K-grc1	τούτων δέ ἐστι καὶ Μηνόδοτος ὁ ἐμπειρικός.	οὗτος δέ εἰμί καί Μηνόδοτος ὁ ἐμπειρικός .
186383	tlg0057.tlg095.1st1K-grc1	ἐδείχθη δ’ ἐν τῷ περὶ φλεβοτομίας γράμματι κἀν τῷ περὶ πλήθους ὁ λόγος οὗτος ψευδὴς, ἐξ ἄλλων τε τινῶν ἐλεγχθεὶς κἀκ τοῦ διὰ τοιαύτας πληγὰς γιγνομένας ἔν τισι μορίοισι τοῦ σώματος ἐπὶ φλεβοτομίαν ἥκειν ἡμᾶς, εἰ καὶ μὴ πληθωρικοὶ τύχοιεν οἱ πληγέντες ὄντες, ὅτι τε μὴ φλεβοτομηθέντων αὐτῶν αἱ φλεγμοναὶ μέγισται γίγνονται καὶ δηλονότι ταύταις ἑπομέναις συμπτώματα ἀκολουθεῖ.	δείκνυμι  ἐν ὁ περί φλεβοτομία γράμμα ἐν τῷ περί πλῆθος ὁ λόγος οὗτος  , ἐκ ἄλλος τε  ἐλέγχω ἐκ ὁ διά τοιοῦτος πληγή  ἐν   ὁ σῶμα ἐπί  ἥκω  , εἰ καί μή  τυγχάνω ὁ πλήσσω εἰμί , ὅτι2 τε μή  αὐτός ὁ  μέγας γίγνομαι καί  οὗτος  σύμπτωμα ἀκολουθέω .
186384	tlg0057.tlg095.1st1K-grc1	Τὴν δὲ ἐπίδεσιν ποιέεσθαι ὡς ἀπὸ δύο ἀρχέων ἐπιδέειν τε, ἵνα μὴ περιῤῥεπὲς τὸ δέρμα τὸ περὶ τὰς πλευρέας ἔῃ, ἀλλ’ ἰσόῤῥοπον.	δέ ἐπίδεσις ποιέω ὡς ἀπό γε   τε , ἵνα μή περιρρεπής ὁ δέρμα ὁ περί ὁ  εἰμί , ἀλλά  .
186385	tlg0057.tlg095.1st1K-grc1	ἐπιδέειν δὲ ἢ καθ’ ἑκάστην ἡμέρην ἢ παρ’ ἑτέρην.	ἐπιδέω δέ τίη κατά ἕκαστος ἡμέρα ἤ παρά ἕτερος .
186386	tlg0057.tlg095.1st1K-grc1	ἄμεινον δὲ καὶ τὴν κοιλίην μαλθάξαι κούφῳ τινὶ, ὅσον κενώσιος εἵνεκεν τοῦ σίτου, καὶ ἐπὶ μὲν δέκα ἡμέρας ἰσχναίνειν, ἔπειτα ἀναθρέψαι τὸ σῶμα καὶ ἁπαλῦναι.	ἀμείνων δέ καί ὁ κοιλία μαλθάζω   , ὅσος  ἕνεκα ὁ σῖτος , καί ἐπί μέν  ἡμέρα ἰσχναίνω , ἔπειτα ἀνατρέφω ὁ σῶμα καί ἁπαλύνω .
186387	tlg0057.tlg095.1st1K-grc1	Χαλαρὸν ἐπὶ τῶν πλευρῶν ἐστι τοῖς πλείστοις τὸ δέρμα καὶ μάλιστ’ ἂν παχεῖς τύχωσιν ὄντες ἢ κατ’ αὐτὸν ὃν ἐπλήγησαν καιρόν·	ἐπί ὁ πλευρόν εἰμί ὁ πλεῖστος ὁ δέρμα καί  ἐάν  τυγχάνω εἰμί τίη κατά αὐτός ὅς  καιρός ·
186388	tlg0057.tlg095.1st1K-grc1	καί φησι τούτους οὖν φημὶ ἐγὼ δεῖσθαι μάλιστα τῶν ἄλλων ἀπὸ δυοῖν ἀρχῶν ἐπιδεῖσθαι.	καί φημί οὗτος οὖν φημί  δέω μάλιστα ὁ ἄλλος ἀπό  ἀρχός ἐπιδέω .
186389	tlg0057.tlg095.1st1K-grc1	περιτρέπεται γὰρ αὐτῶν τὸ δέρμα κατὰ τὴν ἐκ μιᾶς ἀρχῆς ἐπίδεσιν, ἐκ περιουσίας δὲ καὶ τοὺς παχεῖς ἐπιδέων οὐδὲν βλάψεις καὶ μάλισθ’ ὅταν ᾖ θλάσμα πλησίον τῆς μασχάλης, ἐν ταύτῃ γὰρ ἀεὶ χαλαρόν ἐστι.	περιτρέπω γάρ αὐτός ὁ δέρμα κατά ὁ ἐκ  ἀρχή ἐπίδεσις , ἐκ περιουσία δέ καί ὁ  ἐπιδέω οὐδείς βλάπτω καί  ὅταν εἰμί  πλησίος ὁ μασχάλη , ἐν οὗτος γάρ ἀεί χαλαρός εἰμί .
186390	tlg0057.tlg095.1st1K-grc1	Τῇ δὲ ἐπιδέσει ἔστ’ ἂν μὲν ἰσχναίνῃς ἐρηρεισμένῃ μᾶλλον χρέεσθαι, ὁκόταν δὲ ἐς τὸν ἁπαλυσμὸν ἄγῃς, ἐπιχαλαρωτέρῃ·	δέ   ἄν μέν  ἐρείδω μᾶλλον χράομαι ,  δέ εἰς ὁ ἁπαλυσμός ἄγω ,  ·
186391	tlg0057.tlg095.1st1K-grc1	καὶ ἢν μὲν αἷμα ἀποπτύσῃ καταρχὰς, τεσσαρακονθήμερον τὴν μελέτην καὶ τὴν ἐπίδεσιν ποιέεσθαι χρή·	καί ἐάν μέν αἷμα ἀποπτύω καταρχή , τεσσαρακονθήμερος ὁ μελέτη καί ὁ ἐπίδεσις ποιέω χρή ·
186392	tlg0057.tlg095.1st1K-grc1	ἢν δὲ μὴ πτύσῃ τὸ αἷμα, ἀρκέει εἴκοσιν ἡμέρῃσιν ἡ μελέτη ὡς ἐπὶ τὸ πολύ.	ἐάν δέ μή πτύω ὁ αἷμα , ἀρκέω εἴκοσι ἡμέρα ὁ μελέτη ὡς ἐπί ὁ πολύς .
186393	tlg0057.tlg095.1st1K-grc1	τῇ ἰσχύϊ δὲ τοῦ τρώματος τοὺς χρόνους προστεκμαίρεσθαι χρή.	ὁ  δέ ὁ τραῦμα ὁ χρόνος προστεκμαίρομαι χρή .
186394	tlg0057.tlg095.1st1K-grc1	Τοῦτο κοινὸν ἁπάντων καταγμάτων ἐστὶ καὶ λέλεκταί μοι πρόσθεν ἡνίκα τὸ περὶ ἀγμῶν ἐξηγούμην καὶ ἄλλα πολλὰ τῶν νῦν λεγομένων ὑπ’ αὐτοῦ.	οὗτος κοινός ἅπας  εἰμί καί   πρόσθεν ἡνίκα ὁ περί ἀγμός  καί ἄλλος πολύς ὁ νῦν λέγω ὑπό αὐτός .
186395	tlg0057.tlg095.1st1K-grc1	ἐκείνων οὖν ὑμᾶς χρὴ μεμνῆσθαι μᾶλλον, οὐκ ἐμὲ λέγειν ἀξιοῦν πολλάκις ταῦτα.	ἐκεῖνος οὖν  χρή μιμνήσκω μᾶλλον , οὐ  λέγω ἀξιόω πολλάκις οὗτος .
186396	tlg0057.tlg095.1st1K-grc1	Ὅσοι δἂν ἀμελήσωσι τῶν τοιουτέων ἀμφιθλασμάτων, ἢν καὶ ἄλλο μηδὲν αὐτοῖσι φλαῦρον μέζον γένηται, ὅμως τό γε χωρίον ἀμφιθλασθὲν μυξωδεστέρην τὴν σάρκα ἴσχει ἢ πρόσθεν εἶχεν.	ἀμελέω ὁ   , ἐάν καί ἄλλος  αὐτός   γίγνομαι , ὅμως ὁ γε χωρίον   ὁ σάρξ ἴσχω ἤ πρόσθεν ἔχω .
186397	tlg0057.tlg095.1st1K-grc1	ὅκου δέ τι τοιοῦτον ἐγκαταλείπεται καὶ μὴ εὖ ἐξιποῦται τῇ γε ἀλθέξει.	δέ τι  ἐγκαταλείπω καί μή εὖ ἐξιπόω ὁ γε  .
186398	tlg0057.tlg095.1st1K-grc1	φαυλότερον μὲν, ἢν παρ’ αὐτὸ τὸ ὀστέον ἐγκαταλειφθῇ τὸ μυξῶδες·	μέν , ἐάν παρά αὐτός ὁ ὀστέον ἐγκαταλείπω ὁ μυξώδης ·
186399	tlg0057.tlg095.1st1K-grc1	οὔτε γὰρ ἔτι ἡ σὰρξ ὁμοίως ἅπτεται τοῦ ὀστέου, τό τε ὀστέον νοσηρότερον γίνεται, σφακελισμοί τε χρόνιοι ὀστέου πολλοῖσιν ἤδη ἀπὸ τοιουτέων προφασίων ἐγένοντο.	οὔτε γάρ ἔτι ὁ σάρξ ὅμοιος ἅπτω ὁ  , ὁ τε ὀστέον  γίγνομαι , σφακελισμός τε χρόνιος ὀστέον πολύς ἤδη ἀπό   γίγνομαι .
186400	tlg0057.tlg095.1st1K-grc1	Μυξῶδες ὑγρὸν εἴωθεν ὀνομάζειν τὸ γλίσχρον τε καὶ λευκόν.	ὑγρός  ὀνομάζω ὁ  τε καί λευκός .
186401	tlg0057.tlg095.1st1K-grc1	ἀθροίζεται δὲ τοῦτο παρὰ τοῖς ἀναίμοις μέρεσιν ὀστοῖς καὶ χόνδροις, ὅταν ἀδυνατήσῃ καλῶς κατεργάσασθαι τὴν τροφὴν ἐν αὐτοῖς ἡ φύσις.	ἀθροίζω δέ οὗτος παρά ὁ  μέρος  καί  , ὅταν ἀδυνατέω καλός κατεργάζομαι ὁ τροφή ἐν αὐτός ὁ φύσις .
186402	tlg0057.tlg095.1st1K-grc1	ἀπολείπει γὰρ οἶον ἡμίπεπτόν τι, καθάπερ ἐν ὀφθαλμοῖς ὑμένες ἀπολείπουσιν, ὅταν ἀῤῥωστῶσι τὴν ὀνομαζομένην λήμην.	ἀπολείπω γάρ οἶος  τις , καθά ἐν ὀφθαλμός ὑμήν ἀπολείπω , ὅταν  ὁ ὀνομάζω λήμη .
186403	tlg0057.tlg095.1st1K-grc1	ἀσθενεστέρα δὲ ἡ δύναμις ἤτοι δι’ οἰκείαν γίγνεται δυσκρασίαν ἢ διὰ τὸ πλῆθος τῆς ἐπιῤῥυείσης ὑγρότητος, ὡς ἐν τοῖς παρὰ φύσιν ὄγκοις συμβαίνει.	ἀσθενής δέ ὁ δύναμις ἤτοι διά οἰκεῖος γίγνομαι δυσκρασία ἤ διά ὁ πλῆθος ὁ  ὑγρότης , ὡς ἐν ὁ παρά φύσις ὄγκος συμβαίνω .
186404	tlg0057.tlg095.1st1K-grc1	τὰ δ’ ἄλλα τῆς ῥήσεως δῆλα.	ὁ  ἄλλος ὁ  δῆλος .
186405	tlg0057.tlg095.1st1K-grc1	Ἀτὰρ καὶ ἢν μὴ παρὰ τὸ ὀστέον, ἀλλ’ αὐτὴ ἡ σὰρξ μυξώδης ἔῃ·	καί ἐάν μή παρά ὁ ὀστέον , ἀλλά αὐτός ὁ σάρξ μυξώδης εἰμί ·
186406	tlg0057.tlg095.1st1K-grc1	ὅμως γοῦν ὑποστροφαὶ γίνονται καὶ ὀδύναι ἄλλοτε καὶ ἄλλοτε.	ὅμως γοῦν ὑποστροφή γίγνομαι καί ὀδύνη ἄλλος καί ἄλλος .
186407	tlg0057.tlg095.1st1K-grc1	ἤν τις τῷ σώματι τύχῃ πονήσας, διὰ τοῦτο τῇ ἐπιδέσει δέεσθαι χρὴ, ἅμα μὲν ἀγαθῇ, ἅμα δὲ πολὺ προσηκούσῃ, ἕως ἂν ξηρανθῇ μὲν καὶ ἀναποθῇ τουτὶ τὸ ἐκχύμωμα τὸ ἐν τῇ θλάσει γενόμενον, αὐξηθῇ δὲ σαρκὶ ὑγιεϊ τὸ χωρίον, αὔξηται δὲ τοῦ ὀστέου ἡ σάρξ.	ἐάν τις τῷ σῶμα τυγχάνω πονέω , διά οὗτος ὁ ἐπίδεσις δέω χρή , ἅμα μέν  , ἅμα δέ πολύς προσήκω , ἕως ἄν ξηραίνω μέν καί ἀναπίνω οὗτος ὁ ἐκχύμωμα ὁ ἐν ὁ  γίγνομαι ,  δέ σάρξ  ὁ χωρίον , αὐξάνω δέ ὁ  ὁ σάρξ .
186408	tlg0057.tlg095.1st1K-grc1	Μυξώδης ἡ σὰρξ οὐ κατὰ τὸν ἑαυτῆς γίγνεται λόγον καὶ ὅσα τῶν μορίων ἐστὶν ἔναιμα.	ὁ σάρξ οὐ κατά ὁ ἑαυτοῦ γίγνομαι λόγος καί ὅσος ὁ μόριον εἰμί ἔναιμος .
186409	tlg0057.tlg095.1st1K-grc1	τὸ γὰρ ἴδιον περίττωμα ἑαυτῶν τοιοῦτόν ἐστιν, οἶον ἔν τε ταῖς ῥευματικαῖς διαθέσεσι φαίνεται καὶ τοῖς ἡπατικοῖς διαχωρήμασι.	ὁ γάρ ἴδιος περίσσωμα ἑαυτοῦ τοιοῦτος εἰμί , οἶος ἐν τε ὁ   φαίνω καί ὁ  διαχώρημα .
186410	tlg0057.tlg095.1st1K-grc1	διὸ καὶ συνεχῶς μὲν τοῖς ὀστοῖς καὶ τοῖς χόνδροις καὶ ὑμέσι πάσχουσι τὸ μυξῶδες ὑγρὸν ἀθροίζεται, σπανίζεται δὲ ἐν ταῖς σαρξίν·	διό καί συνεχής μέν ὁ  καί ὁ  καί  πάσχω ὁ μυξώδης ὑγρός ἀθροίζω , σπανίζω δέ ἐν ὁ σάρξ ·
186411	tlg0057.tlg095.1st1K-grc1	ἢ γὰρ πρὸς τὰ τοιαῦτα μόρια κοινωνίᾳ ἢ διὰ τὸν ἐπιῤῥέοντα χυμὸν ἱκανῶς, ὅταν φλεγματῶδες ἢ μυξῶδες ἐν αὐτῇ ὑγρὸν συνίσταται.	τίη γάρ πρός ὁ τοιοῦτος μόριον κοινωνία τίη διά ὁ  χυμός ἱκανός , ὅταν  τίη  ἐν αὐτός ὑγρός συνίστημι .
186412	tlg0057.tlg095.1st1K-grc1	πρόδηλον δ’ ὅτι δυσκενότατός ἐστιν ὁ τοιοῦτος χυμὸς, οὔτε τῶν αἰονήσεων οὔτε τῶν καταπλασμάτων οὔτε τῶν φαρμάκων ἐπισπᾶσθαί τε καὶ διαφορεῖν αὐτὸν δυναμένων.	πρόδηλος  ὅτι2  εἰμί ὁ τοιοῦτος χυμός , οὔτε ὁ  οὔτε ὁ κατάπλασμα οὔτε ὁ φάρμακον  τε καί διαφορέω αὐτός  .
186413	tlg0057.tlg095.1st1K-grc1	οὐδὲ γὰρ οὐδ’ ἄλλων πρὶν ἀκριβῶς λεπτῦναί τε καὶ εἰς ἀτμὸν διαλῦσαι δύναται κενοῦν.	οὐδέ γάρ οὐδέ  πρίν ἀκριβής  τε καί εἰς ἀτμός διαλύω δύναμαι κενόω .
186414	tlg0057.tlg095.1st1K-grc1	ἐπεὶ τοίνυν ὁ γλίσχρος χυμὸς εἰς ἀτμοὺς διαλύεται, διὰ τοῦτό ἐστι δυσκίνητος.	ἐπεί τοίνυν ὁ γλίσχρος χυμός εἰς ἀτμός διαλύω , διά  εἰμί δυσκίνητος .
186415	tlg0057.tlg095.1st1K-grc1	ὅπου δ’ ἂν ἐγκαταληφθῇ τι τοιοῦτον τὸ περισσὸν, ἐνοχλεῖται μέρος ἐπὶ βραχείαις προφάσεσι διὰ τὴν ἀσθένειαν ἑτοίμως δεχόμενον, ὅ τι ἂν ἐν τῷ ἄλλῳ σώματι περιττὸν ἤτοι κατὰ τὸ ποιὸν ἢ κατὰ τὸ ποσὸν ἀθροισθῇ.	ὅπου  ἐάν ἐγκαταλαμβάνω τι  ὁ περισσός ,  μέρος ἐπί  πρόφασις διά ὁ ἀσθένεια ἑτοῖμος  , ὅς  ἄν ἐν ὁ ἄλλος σῶμα περισσός ἤτοι κατά ὁ  ἤ κατά ὁ  ἀθροίζω .
186416	tlg0057.tlg095.1st1K-grc1	Οἶσι δ’ ἂν ἀμεληθεῖσι χρονιωθῇ καὶ ὀδυνῶδες τὸ χωρίον γένηται καὶ ἡ σὰρξ ὑπόμυξος ἔῃ, τούτοισι καῦσις ἴησις ἀρίστη.	ἄν  χρονιόομαι καί  ὁ χωρίον γίγνομαι καί ὁ σάρξ ὑπόμυξος εἰμί , οὗτος καῦσις ἴασις ἄριστος .
186417	tlg0057.tlg095.1st1K-grc1	καὶ ἢν μὲν αὐτὴ ἡ σὰρξ μυξώδης ἔῃ, ἄχρι τοῦ ὀστέου καίειν χρὴ, μὴ μὴν διαθερμανθῆναι τὸ ὀστέον, ἢν δὲ μεσηγὺ τῶν πλευρέων ἔῃ, ἐπιπολῆς μὲν οὐδ’ οὕτως χρὴ καίειν, φυλάσσεσθαι μέντοι μὴ διακαύσῃς πέρην.	καί ἐάν μέν αὐτός ὁ σάρξ  εἰμί , ἄχρι ὁ ὀστέον καίω χρή , μή μήν διαθερμαίνω ὁ ὀστέον , ἐάν δέ  ὁ  εἰμί , ἐπιπολή μέν οὐδέ οὕτως χρή καίω , φυλάσσω  μή διακαίω  .
186418	tlg0057.tlg095.1st1K-grc1	ἢν δὲ πρὸς τῷ ὀστέῳ δοκέῃ εἶναι τὸ θλάσμα καὶ ἔτι νεαρὸν ἔῃ καὶ μήπω σφακελίσῃ τὸ ὀστέον, ἢν μὲν κατ’ ὀλίγον ἔῃ, οὕτω καίειν χρὴ ὥσπερ εἴρηται·	ἐάν δέ πρός τῷ  δοκέω εἰμί ὁ  καί ἔτι  εἰμί καί μήπω σφακελίζω ὁ ὀστέον , ἐάν μέν κατά ὀλίγος εἰμί , οὕτως καίω χρή ὥσπερ λέγω ·
186419	tlg0057.tlg095.1st1K-grc1	ἢν μέντοι παραμήκης ἔῃ ὁ μετεωρισμὸς ὁ κατὰ τὸ ὀστέον, πλείονας ἐσχάρας ἐμβάλλειν χρή.	ἐάν    ὁ μετεωρισμός ὁ κατά ὁ ὀστέον , πολύς  ἐμβάλλω χρή .
186420	tlg0057.tlg095.1st1K-grc1	περὶ δὲ σφακελισμοῦ πλευρῆς ἅμα τῇ ἐμμότων ἰητρείῃ εἰρήσεται.	περί δέ σφακελισμός  ἅμα ὁ   ἔρομαι .
186421	tlg0057.tlg095.1st1K-grc1	Τὸν γλίσχρον χυμὸν, ὅταν ἀδυνατήσωμεν ἐκδαπανῆσαι φαρμάκοις, ὑπόλοιπος ἴασίς ἐστιν ἡ διὰ τῶν καύσεων·	γλίσχρος χυμός , ὅταν   φαρμακάω , ὑπόλοιπος  εἰμί ὁ διά ὁ καῦσις ·
186422	tlg0057.tlg095.1st1K-grc1	ὅπως δ’ αὐτὴν χρὴ ποιεῖσθαι σαφῶς ἐδίδαξεν.	ὅπως  αὐτός χρή ποιέω σαφής διδάσκω .
186423	tlg0057.tlg095.1st1K-grc1	Ἢν δὲ μηροῦ ἄρθρον ἐξ ἰσχίου ἐκπέσῃ, ἐκπίπτει δὲ κατὰ τέσσαρας τρόπους, ἐς μὲν τὸ εἴσω πλειστάκις, ἐς δὲ τὸ ἔξω τῶν ἄλλων πλειστάκις, ἐς δὲ τὸ ὄπισθεν καὶ ἔμπροσθεν ἐκπίπτει μὲν, ὀλιγάκις δέ.	δέ μηρός ἄρθρον ἐκ  ἐκπίπτω , ἐκπίπτω δέ κατά τέσσαρες τρόπος , εἰς μέν ὁ εἴσω πλειστάκις , εἰς δέ ὁ ἔξω ὁ ἄλλος πλειστάκις , εἰς δέ ὁ ὄπισθεν καί ἔμπροσθεν ἐκπίπτω μέν ,  δέ .
186424	tlg0057.tlg095.1st1K-grc1	Ὁ τεθεαμένος ἰσχίου κοτύλην οὐ δεῖται τὴν αἰτίαν ἀκοῦσαι παρ’ ἐμοῦ, δι’ ἣν μὲν ἔσω ἐκπίπτει πλειστάκις ὁ μηρὸς, ἐφεξῆς δὲ τῶν ἔξω.	ἰσχίον κοτύλη οὐ δέω ὁ αἰτία ἀκούω παρά ἐμός , διά ὅς μέν εἴσω ἐκπίπτω πλειστάκις ὁ μηρός , ἐφεξῆς δέ ὁ ἔξω .
186425	tlg0057.tlg095.1st1K-grc1	τὸ γὰρ τῆς κοτύλης βάθος οὐκ ἔστιν ἴσον ἅπασι τοῖς μέρεσιν.	ὁ γάρ ὁ κοτύλη βάθος οὐ εἰμί ἴσος ἅπας ὁ μέρος .
186426	tlg0057.tlg095.1st1K-grc1	ἔνθα ᾖ ὁ ὑμὴν ταπεινότερος, ἐνταῦθα ῥᾷον ἐξίστατο τὸ ἄρθρον.	ἔνθα εἰμί ὁ  ταπεινός , ἐνταῦθα ῥᾴδιος ἐξίστημι ὁ ἄρθρον .
186427	tlg0057.tlg095.1st1K-grc1	Οἷσι μὲν οὖν ἂν ἐκβῇ εἰς τὸ εἴσω, μακρότερον τὸ σκέλος φαίνεται παραβαλλόμενον πρὸς τὸ ἕτερον διὰ δισσὰς προφάσιας εἰκότως.	μέν οὖν ἄν  εἰς ὁ εἴσω ,  ὁ σκέλος φαίνω παραβάλλω πρός ὁ ἕτερος διά   εἰκός .
186428	tlg0057.tlg095.1st1K-grc1	ἐπὶ μὲν γὰρ τὸ ἀπὸ τοῦ ἰσχίου πεφυκὸς ὀστέον τὸ ἄνω φερόμενον πρὸς τὸν κτένα ἐπὶ τούτου ἡ ἐπίβασις τῆς κεφαλῆς τοῦ μηροῦ γίνεται καὶ ὁ αὐχὴν τοῦ ἄρθρου ἐπὶ τῆς κοτύλης ὀχέεται, ἔξωθέν τε αὖ ὁ γλουτὸς κοῖλος φαίνεται, ἅτε εἴσω ῥευσάσης τῆς κεφαλῆς τοῦ μηροῦ.	ἐπί μέν γάρ ὁ ἀπό ὁ   ὀστέον ὁ ἄνω2 φέρω πρός ὁ κτείς ἐπί οὗτος ὁ ἐπίβασις ὁ κεφαλή ὁ μηρός γίγνομαι καί ὁ αὐχήν ὁ  ἐπί ὁ κοτύλη ὀχέω , ἔξωθεν τε αὖ ὁ   φαίνω ,  εἴσω  ὁ κεφαλή ὁ μηρός .
186429	tlg0057.tlg095.1st1K-grc1	Σχεδὸν ἅπαντα σαφῶς αὐτὸς οὕτως ἔγραψε τὰ κατὰ λόγον ἀρχὴν αὐτὴν παραθέμενος, ὡς μηδένα δύνασθαι σαφέστερον εἰπεῖν·	σχεδόν ἅπας σαφής αὐτός οὕτως γράφω ὁ κατά λόγος ἀρχή αὐτός παρατίθημι , ὡς  δύναμαι σαφής λέγω ·
186430	tlg0057.tlg095.1st1K-grc1	ἀλλὰ καὶ τὰς αἰτίας ὧν λέγει προστίθησιν αὐτὸς, ὥσθ’ ὅπερ ἤδη πολλάκις εἶπον, ἐρῶ καὶ νῦν εἴ τις προσέχοι τοῖς λεγομένοις ἀκολουθήσειεν αὐτοῖς, εἰ καὶ μὴ ἅπαξ ἀναγνοὺς, ἀλλὰ καὶ δεύτερον καὶ τρίτον πάντως.	ἀλλά καί ὁ αἰτία ὅς λέγω προστίθημι αὐτός ,  ὅς ἤδη πολλάκις λέγω , λέγω καί νῦν εἰ τις προσέχω ὁ λέγω  αὐτός , εἰ καί μή ἅπαξ ἀναγιγνώσκω , ἀλλά καί δεύτερος καί τρίτος πᾶς .
186431	tlg0057.tlg095.1st1K-grc1	Τό τε αὖ κατὰ τὸ γόνυ τοῦ μηροῦ ἄκρον ἀναγκάζεται ἔξω ῥέπειν καὶ ἡ κνήμη καὶ ὁ ποὺς ὡσαύτως.	τε αὖ κατά ὁ γόνυ ὁ μηρός ἄκρος ἀναγκάζω ἔξω ῥέπω καί ὁ κνήμη καί ὁ  ὡσαύτως .
186432	tlg0057.tlg095.1st1K-grc1	ἅτε οὖν ἔξω ῥέποντος τοῦ ποδὸς οἱ ἰητροὶ δι’ ἀπειρίην τὸν ὑγιέα πόδα πρὸς τοῦτον προσίσχουσιν, ἀλλ’ οὐ τοῦτον πρὸς τὸν ὑγιέα, διὰ τοῦτο πολὺ μακρότερον φαίνεται τὸ σιναρὸν τοῦ ὑγιέος.	ἅτε οὖν ἔξω ῥέπω ὁ πούς ὁ ἰατρός διά ἀπειρία ὁ ὑγιής πούς πρός οὗτος προσέχω , ἀλλά οὐ οὗτος πρός ὁ  , διά οὗτος πολύς  φαίνω ὁ σιναρός ὁ ὑγιής .
186433	tlg0057.tlg095.1st1K-grc1	Καὶ τοῦθ’ ὅτι κοινόν ἐστι ἁπάντων τῶν μεθισταμένων ὀστῶν ἐπιδέδεικται πρόσθεν, εἰς τὸν ἀντικείμενον τόπον τῷ μεταστάντι πέρατι ῥέποντος ἀεὶ θατέρου.	καί  ὅτι2 κοινός εἰμί ἅπας ὁ μεθίστημι  ἐπιδείκνυμι πρόσθεν , εἰς ὁ  τόπος ὁ  πέρας ῥέπω ἀεί ἕτερος .
186434	tlg0057.tlg095.1st1K-grc1	καὶ νῦν οὖν μεταστάσης τῆς κεφαλῆς τοῦ μηροῦ τὸ κατὰ γόνυ πέρας εἰκότως εἰς τὴν ἐκτὸς χώραν ῥέπει.	καί νῦν οὖν  ὁ κεφαλή ὁ μηρός ὁ κατά γόνυ πέρας εἰκός εἰς ὁ ἐκτός χώρα ῥέπω .
186435	tlg0057.tlg095.1st1K-grc1	Πολλαχῇ δὲ καὶ ἄλλῃ τὰ τοιαῦτα παρασύνεσιν ἔχει.	δέ καί ἄλλος ὁ τοιοῦτος  ἔχω .
186436	tlg0057.tlg095.1st1K-grc1	Ὅτι παρασύνεσιν οὐχ ἁπλῶς τὴν ἀπάτην, ἀλλὰ τὴν παρακειμένην τῷ ἀληθεῖ καὶ διὰ τοῦτο πιθανὴν ὀνομάζειν εἴωθε, λέλεκταί μοι πρόσθεν.	ὅτι  οὐ ἁπλόος ὁ ἀπάτη , ἀλλά ὁ  τῷ ἀλήθω καί διά οὗτος  ὀνομάζω εἴωθα ,   πρόσθεν .
186437	tlg0057.tlg095.1st1K-grc1	ἔστι δ’ ἡ νῦν ἀπάτη λεγομένη, καθ’ ἣν ἐν τῷ παραβάλλειν τὸ πεπονθὸς τῷ ὑγιεῖ περὶ τὸ κατὰ φύσιν ἁμαρτάνουσι σχῆμα.	εἰμί  ὁ νῦν ἀπάτη λέγω , κατά ὅς ἐν ὁ παραβάλλω ὁ πάσχω τῷ  περί ὁ κατά φύσις ἁμαρτάνω σχῆμα .
186438	tlg0057.tlg095.1st1K-grc1	δέον γὰρ ἀποτείνοντα κατ’ εὐθὺ τοῦ ὑγιοῦς σκέλους αὐτῷ παραβάλλειν τὸ πεπονθὸς, ἐναντίως πράττουσι τῷ πεπονθότι προσάγοντες τὸ ὑγιές.	δέω γάρ ἀποτείνω κατά εὐθύς ὁ ὑγιής σκέλος αὐτός παραβάλλω ὁ  , ἐναντίος πράσσω τῷ πάσχω προσάγω ὁ ὑγιής .
186439	tlg0057.tlg095.1st1K-grc1	Οὐδὲ μὴν οὐδὲ ξυγκάμπτειν δύναται κατὰ τὸν βουβῶνα ὁμοίως τῷ ὑγιεῖ.	οὐδέ μήν οὐδέ συγκάμπτω δύναμαι κατά ὁ βουβών ὅμοιος τῷ  .
186440	tlg0057.tlg095.1st1K-grc1	ἀτὰρ καὶ ψαυομένη ἡ κεφαλὴ τοῦ μηροῦ κατὰ τὸν περίναιον ὑπερογκέουσα εὔδηλός ἐστι.	καί ψαύω ὁ κεφαλή ὁ μηρός κατά ὁ  ὑπερογκέω εὔδηλος εἰμί .
186441	tlg0057.tlg095.1st1K-grc1	τὰ μὲν οὖν σημήϊα ταῦτά ἐστιν, οἷσιν ἂν εἴσω ἐκπεπτώκῃ ὁ μηρός.	ὁ μέν οὖν σημεῖον  εἰμί , ὅς ἐάν εἴσω ἐκπίπτω ὁ μηρός .
186442	tlg0057.tlg095.1st1K-grc1	Συγκάμπτουσι μὲν γὰρ, ἀλλὰ μετ’ ὀδύνης τε καὶ οὐ τελέως.	μέν γάρ , ἀλλά μετά ὀδύνη τε καί οὐ τέλειος .
186443	tlg0057.tlg095.1st1K-grc1	αἴτιοι δὲ οἱ ἀντιτεταμένοι τοῖς κάμπτουσι τὸν μηρὸν μύες οἱ ὄπισθεν οὐκ ἀκολουθοῦντες ἀλύπως ἄχρι τελέας κάμψεως, ἐπειδὴ πλείονος τοῦ κατὰ φύσιν ἕκαστοι ὑπομένουσι κατὰ τὰς ἐσχάτας καμπὰς, ὅταν οὕτως ὁ μηρὸς ἐξαρθρήσῃ.	αἴτιος δέ ὁ  ὁ  ὁ μηρός μῦς ἕ ὄπισθεν οὐ ἀκολουθέω ἄλυπος ἄχρι  κάμψις , ἐπεί πολύς ὁ κατά φύσις ἕκαστος ὑπομένω κατά ὁ ἔσχατος καμπή , ὅταν οὕτως ὁ μηρός ἐξαρθρέω .
186444	tlg0057.tlg095.1st1K-grc1	Οἷσι μὲν ἂν οὖν ἐκπεσὼν μὴ ἐμπέσῃ, ἀλλὰ καταπορηθῇ καὶ ἀμεληθῇ ἣ τε ὁδοιπορίη περιφοράδην τοῦ σκέλεος, ὥσπερ τοῖς βουσὶ γίνεται καὶ ὄχλησις πλείστη αὐτοῖσιν ἐπὶ τοῦ ὑγιέος σκέλεός ἐστι.	ὅς μέν ἄν οὖν ἐκπίπτω μή ἐμπίπτω , ἀλλά καταπορέω καί ἀμελέω ὁ τε ὁδοιπορία  ὁ σκέλος , ὥσπερ ὁ  γίγνομαι καί  πλεῖστος αὐτός ἐπί ὁ ὑγιής σκέλος εἰμί .
186445	tlg0057.tlg095.1st1K-grc1	Μακροτέρου τοῦ πεπονθότος σκέλους κατὰ τὴν ἐξάρθρησιν γενομένου ὁδοιπορίαν, ἀναγκαῖόν ἐστι τοὺς οὕτω παθόντας ὁμοίως τοῖς βουσὶ ποιεῖσθαι, διότι κἀκεῖνοι χαλαρὸν ἔχουσι τὸ κατ’ ἰσχίον ἄρθρον, ὡς αὐτὸς εἶπεν ἐν ἀρχῇ τοῦδε τοῦ βιβλίου, τάχαδ’ οὐ μόνον ἐχρῆν τὸ χαλαρὸν τῆς διαρθρώσεως, ἀλλὰ καὶ τὴν ἀτονίαν αἰτιάσασθαι τῶν κινούντων αὐτὸ μυῶν.	ὁ πάσχω σκέλος κατά ὁ  γίγνομαι ὁδοιπορία , ἀναγκαῖος εἰμί ὁ οὕτως πάσχω ὅμοιος ὁ  ποιέω , διότι ἐκεῖνος χαλαρός ἔχω ὁ κατά ἰσχίον ἄρθρον , ὡς αὐτός λέγω ἐν ἀρχή ὅδε ὁ  , τάχα δ’ οὐ μόνος χρή ὁ χαλαρός ὁ  , ἀλλά καί ὁ   ὁ κινέω αὐτός μῦς .
186446	tlg0057.tlg095.1st1K-grc1	οὐ γὰρ εἰ ἦσαν εὔρωστοι, ῥᾳδίως ἀνέκαμπτον τὴν διάρθρωσιν τῆς φθασάσης καμφθῆναι, τὸ περιφέρειν ἔξω τὸ σκέλος οὐκ ἦν ἀναγκαῖον.	οὐ γάρ εἰ εἰμί εὔρωστος , ῥᾴδιος  ὁ διάρθρωσις ὁ  κάμπτω , ὁ περιφέρω ἔξω ὁ σκέλος οὐ εἰμί ἀναγκαῖον .
186447	tlg0057.tlg095.1st1K-grc1	ἡ γάρ τοι βάδισις γίνεται τῶν σκελῶν ἑκατέρου καὶ περὶ μέρος ἐστηριγμένου τε καὶ κινουμένου.	ὁ γάρ τοι βάδισις γίγνομαι ὁ σκέλος ἑκάτερος καί περί μέρος  τε καί κινέω .
186448	tlg0057.tlg095.1st1K-grc1	ἡνίκα μὲν γὰρ τὸ ἀριστερὸν ἐστήρικται, τηνικαῦτα τὸ δεξιὸν ἐκ τῶν ὀπίσω μερῶν εἰς τὸ πρόσω φέρομεν·	ἡνίκα μέν γάρ ὁ  στηρίζω , τηνικαῦτα ὁ δεξιός ἐκ ὁ ὀπίσω μέρος εἰς ὁ πρόσω φέρω ·
186449	tlg0057.tlg095.1st1K-grc1	ἡνίκα δὲ τοῦτο πρόσωθεν ἐστηρίξαμεν, ἐπὶ τὸ ἕτερον μεταβάντες ἐκεῖνο πάλιν ὄπισθεν πρόσω φέρομεν, εἶτ’ αὖθις ἐν τῷ πρόσω τοῦτο στηρίξαντες, ἐπὶ τὴν τοῦ δεξιοῦ μεταβαίνοντες κίνησιν, ὀρθίου μὲν θατέρου τῶν σκελῶν ἐστηριγμένου κατὰ τῆς γῆς, ἀναφερομένου δὲ εἰς τὸ ὕψος τοῦ κινουμένου, μήτε κατὰ γόνυ μήτε κατ’ ἰσχίον πεφύκασι κάμπτεσθαι τὰ σκέλη, πάντως ἂν ἠναγκαζόμεθα, καθάπερ τι ξύλον ἑκάτερον αὐτῶν μεταφέρειν, ἀναφέροντες εἰς ὕψος ἄχρι τινὸς καὶ κυκλοτερῶς περιφέροντες.	ἡνίκα δέ οὗτος πρόσωθεν  , ἐπί ὁ ἕτερος μεταβαίνω ἐκεῖνος πάλιν ὄπισθεν πρόσω φέρω ,  αὖθις ἐν τῷ πρόσω οὗτος  , ἐπί ὁ ὁ  μεταβαίνω κίνησις ,  μέν ἕτερος ὁ   κατά ὁ γῆ , ἀναφέρω δέ εἰς ὁ ὕψος ὁ κινέω ,  κατά γόνυ μήτε κατά ἰσχίον φύω κάμπτω ὁ σκέλος , πᾶς ἄν  , καθά τι ξύλον ἑκάτερος αὐτός μεταφέρω , ἀναφέρω εἰς ὕψος ἄχρι τις καί  περιφέρω .
186450	tlg0057.tlg095.1st1K-grc1	ἐπεὶ δὲ κάμπτεσθαι δύναται κατ’ ἀμφοτέρας τὰς διαρθρώσεις ὑπεναντίως μὲν ἀλλήλοις, χρησίμως δὲ τῷ παντὶ σκέλει, διὰ τοῦτο βαδίζομεν ἄνευ τοῦ καταφέρειν αὐτὰ κυκλοτερῶς ἢ ἀνατείνειν ὡς ξύλα.	ἐπεί δέ κάμπτω δύναμαι κατά ἀμφότερος ὁ διάρθρωσις ὑπεναντίος μέν ἀλλήλων , χρήσιμος δέ τῷ πᾶς σκέλος , διά οὗτος βαδίζω ἄνευ ὁ καταφέρω αὐτός  τίη ἀνατείνω ὡς ξύλον .
186451	tlg0057.tlg095.1st1K-grc1	ἡ μὲν γὰρ κατὰ βουβῶνα διάρθρωσις εἰς τὴν πρόσω χώραν ὑψοῖ τὸν μηρὸν, ἡ κατὰ γόνυ δὲ εἰς τὴν ὀπίσω τὴν κνήμην, ὥστ’ εἰ καὶ μακρότερον εἴη τοῦ κατὰ τὴν γῆν ἐστηριγμένου σκέλος τὸ μεταφερόμενον, οὐδὲν ἂν ἐδεήθησαν ἑλίττειν αὐτὸ κατὰ τὴν ἔξω χώραν, ᾗ τοὺς μῦς εἶχεν ἱκανῶς διὰ ταχέων ἑκατέραν τῶν διαρθρώσεων κάμπτειν.	ὁ μέν γάρ κατά βουβών διάρθρωσις εἰς ὁ πρόσω χώρα  ὁ μηρός , ὁ κατά γόνυ δέ εἰς ὁ ὀπίσω ὁ κνήμη ,  εἰ καί μακρός εἰμί ὁ κατά ὁ γῆ  σκέλος ὁ μεταφέρω ,  ἐάν δέω2 ἑλίσσω αὐτός κατά ὁ ἔξω χώρα , ὅς ὁ μῦς ἔχω ἱκανός διά ταχύς  ὁ  κάμπτω .
186452	tlg0057.tlg095.1st1K-grc1	ἐπειδήθ’ οἱ δι’ ἀῤῥωστίαν οὐ δύνανται ἑτοίμως κάμπτειν καὶ ὀδύνην οὐ βούλονται, καταλείπεται περιφέρειν αὐτὸ κυκλοτερῶς.	ἐπεί θ’ ὁ διά  οὐ δύναμαι ἑτοῖμος κάμπτω καί ὀδύνη οὐ βούλομαι , καταλείπω περιφέρω αὐτός  .
186453	tlg0057.tlg095.1st1K-grc1	οὐδὲν γὰρ οὐδ’ ἀνατείνειν ἄκαμπτον ὡς ξύλον οἷόντ’ ἐστὶ τοῖς ἀῤῥωστοῦσιν ἢ ὀδυνωμένοις μυσίν.	οὐδείς γάρ οὐδέ ἀνατείνω ἄκαμπτος ὡς ξύλον  τ’ εἰμί ὁ  ἤ  μῦς .
186454	tlg0057.tlg095.1st1K-grc1	ὅτι δὲ διὰ ταῦτα μᾶλλον ᾖ προσγιγνόμενον μῆκος ὁδοιποροῦσι περιφοράδην ἐκ τοῦ λεγομένου παραδείγματος ὑπ’ αὐτοῦ τοῦ Ἱπποκράτους ἐναργῶς γνώσῃ.	ὅτι2 δέ διά οὗτος μᾶλλον εἰμί  μῆκος ὁδοιπορέω  ἐκ ὁ λέγω παράδειγμα ὑπό αὐτός ὁ Ἱπποκράτης ἐναργής γιγνώσκω .
186455	tlg0057.tlg095.1st1K-grc1	φησὶ γὰρ ἐφεξῆς, ἐπεὶ καὶ ὁκόσοι ἕλκος ἔχοντες ἐν ποδὶ ἢ ἐν κνήμῃ κάρτα μὴ δύνανται ἐπιβαίνειν τῷ σκέλει πάντες καὶ οἱ νήπιοι οὕτως ὁδοιπορέουσι.	φημί γάρ ἐφεξῆς , ἐπεί καί ὁπόσος ἕλκος ἔχω ἐν πούς τίη ἐν κνήμη κάρτα μή δύναμαι ἐπιβαίνω τῷ σκέλος πᾶς καί ὁ νήπιος οὕτως ὁδοιπορέω .
186456	tlg0057.tlg095.1st1K-grc1	τούτοις γὰρ ἄνευ τοῦ μεμηκύνθαι τὸ σκέλος, ὁδοιπορεῖν οὕτως συμβαίνειν διὰ τὴν γιγνομένην ὀδύνην, εἰ κάμπτοιεν τὰς διαρθρώσεις, μάλιστα, μὲν τὰς κατὰ βουβῶνα καὶ γόνυ, καὶ τρίτηνδ’ ἐπ’ αὐταῖς τὴν κατὰ τὸ σφυρὸν, ἐπεὶ σιμοῦσθαι κατὰ τὴν διάρθρωσιν ταύτην ἄκρον τὸ σκέλος ἀναγκαῖόν ἐστιν ἐν τῷ κατὰ φύσιν ὁδοιπορεῖν, ἀναφέρειν τε εἰς ὕψος ὅλον τὸν πόδα·	οὗτος γάρ ἄνευ ὁ  ὁ σκέλος , ὁδοιπορέω οὕτως συμβαίνω διά ὁ  ὀδύνη , εἰ  ὁ διάρθρωσις , μάλιστα , μέν ὁ κατά βουβών καί γόνυ , καί τρίτος δ’ ἐπί αὐτός ὁ κατά ὁ σφυρόν , ἐπεί σιμόω κατά ὁ διάρθρωσις οὗτος ἄκρον ὁ σκέλος ἀναγκαῖος εἰμί ἐν τῷ κατά φύσις ὁδοιπορέω , ἀναφέρω τε εἰς ὕψος ὅλος ὁ πούς ·
186457	tlg0057.tlg095.1st1K-grc1	προσκόπτοι μὲν γὰρ, εἰ τοῦτο γένοιτο, καὶ μάλιστα ἐν τοῖς ἀνωμάλοις ἐδάφεσι.	μέν γάρ , εἰ οὗτος γίγνομαι , καί μάλιστα ἐν ὁ  ἔδαφος .
186458	tlg0057.tlg095.1st1K-grc1	Καὶ ἀναγκάζονται κατὰ τὸν κενεῶνα ἢ κατὰ τὸ ἄρθρον τὸ ἐκπεπτωκὸς κυλλοὶ καὶ σκολιοὶ εἶναι.	καί ἀναγκάζω κατά ὁ κενεών τίη κατά ὁ ἄρθρον ὁ ἐκπίπτω κυλλός καί σκολιός εἰμί .
186459	tlg0057.tlg095.1st1K-grc1	Οὐχ ὅταν ἐρείσαντες τὸ ὑγιὲς κινῶσι καὶ μεταφέρωσι περιφοράδην τὸ ἐξηρθρηκὸς ἀναγκάζονται σχηματίζειν οὕτως ἑαυτοὺς, ἀλλ’ ὅταν ἐπὶ τοῦ πεπονθότος ἐρειδόμενον μεταφέρειν τὸ ὑγιές.	οὐ ὅταν  ὁ ὑγιής  καί   ὁ  ἀναγκάζω σχηματίζω οὕτως ἑαυτοῦ , ἀλλά ὅταν ἐπί ὁ πάσχω ἐρείδω μεταφέρω ὁ ὑγιής .
186460	tlg0057.tlg095.1st1K-grc1	οὐ γὰρ ὑπερήρεισται τῷ ὑπερκειμένῳ σώματι τὸ πεπονθὸς ὄρθιον, ὡς ὅθεν εἶχε κατὰ φύσιν ἐν εὐθείᾳ γραμμῇ, καθ’ ὃ πρὸς τὸ ἔδαφος, ἀλλὰ λοξὸν ἐκ τοῦ βουβῶνος εἰς τὴν ἐκτὸς ἀπονεύει χώραν.	οὐ γάρ ὑπερείδω τῷ  σῶμα ὁ πάσχω ὄρθιος , ὡς ὅθεν ἔχω κατά φύσις ἐν εὐθεῖα  , κατά  πρός ὁ ἔδαφος , ἀλλά λοξός ἐκ ὁ  εἰς ὁ ἐκτός ἀπονεύω χώρα .
186461	tlg0057.tlg095.1st1K-grc1	ἐπ’ ἐκείνην οὖν τὸ κατ’ εὐθὺ τῷ πεπονθότι σκέλει μέρος τοῦ σώματος ἀποκλείουσιν εἰς κίνδυνον ἀφικνούμενοι τοῦ περιτραπῆναι πρὸς τὴν ἐναντίαν χώραν καὶ οὕτω συμβαίνει κατὰ τὸν κενεῶνα λαμβάνειν αὐτῶν τὸ σῶμα.	ἐπί ἐκεῖνος οὖν ὁ κατά εὐθύς τῷ πάσχω σκέλος μέρος ὁ σῶμα ἀποκλείω εἰς κίνδυνος  ὁ  πρός ὁ ἐναντίος χώρα καί οὕτως συμβαίνω κατά ὁ κενεών λαμβάνω αὐτός ὁ σῶμα .
186462	tlg0057.tlg095.1st1K-grc1	κενεῶνα δὲ δηλονότι καὶ τὸ μεταξὺ τοῦτο τῆς λαγόνος ὀστοῦ καὶ τῆς νόθου πλευρᾶς καλεῖ χωρίον, ὅπερ δὴ καὶ κενὸν ὀστῶν ἐστι.	κενεών δέ  καί ὁ μεταξύ οὗτος ὁ λαγών  καί ὁ   καλέω χωρίον , ὅς δή καί κενός  εἰμί .
186463	tlg0057.tlg095.1st1K-grc1	δυνάμενον δὲ οὐδ’ οὕτω τὸ πεπονθὸς σκέλος ὀχεῖν τὸ σῶμα διά τε τὴν ἀσθένειαν καὶ τὸ σχῆμα βοηθείας δεῖται.	δέ οὐδέ οὕτως ὁ  σκέλος  ὁ σῶμα διά τε ὁ ἀσθένεια καί ὁ σχῆμα βοήθεια δέω .
186464	tlg0057.tlg095.1st1K-grc1	ταύτην οὖν ἐπ’ αὐτοῦ τοῦ πράγματος οἱ πάσχοντες διδασκόμενοι πορίζουσιν αὐτὸ στηρίζοντες τῇ χειρὶ τὸ πεπονθὸς σκέλος.	οὗτος οὖν ἐπί αὐτός ὁ πρᾶγμα ὁ πάσχω διδάσκω πορίζω αὐτός  ὁ χείρ ὁ   .
186465	tlg0057.tlg095.1st1K-grc1	ἔνθα δὲ μάλιστα δεῖται, κατ’ ἐκεῖνον τὸν μηρὸν ἔξωθεν ἐριζομένου τοῦ στηρίζοντος·	ἔνθα δέ μάλιστα δέω , κατά ἐκεῖνος ὁ μηρός ἔξωθεν  ὁ  ·
186466	tlg0057.tlg095.1st1K-grc1	καὶ τοῦτ’ οὖν πάλιν αὐτοὺς ἀναγκάζον ἐπινεύειν εἰς τὴν τοῦ βεβλαμμένου σκέλους χώραν, αὐξάνει τὴν κατὰ τὸν κενεῶνα σκολίωσιν.	καί  οὖν πάλιν αὐτός ἀναγκάζω ἐπινεύω εἰς ὁ ὁ  σκέλος χώρα , αὐξάνω ὁ κατά ὁ κενεών  .
186467	tlg0057.tlg095.1st1K-grc1	εἰ γὰρ καὶ χωρὶς τοῦ ἔξω ῥέπειν τὸ σκέλος οὕτω τις αὐτὸν σχηματίσειεν ὑφίσαρφος ὁ κενεὼν αὐτός.	γάρ καί χωρίς ὁ ἔξω ῥέπω ὁ σκέλος οὕτως τις αὐτός   ὁ κενεών αὐτός .
186468	tlg0057.tlg095.1st1K-grc1	Κατὰ δὲ τὸ ὑγιὲς ἐς τὸ ἔξω ὁ γλουτὸς ἀναγκάζεται περιφερὴς εἶναι.	δέ ὁ ὑγιής εἰς ὁ ἔξω ὁ  ἀναγκάζω περιφερής εἰμί .
186469	tlg0057.tlg095.1st1K-grc1	εἰ γάρ τις ἔξω τῷ ποδὶ τοῦ ὑγιέος σκέλεος βαίνει, ἀπωθοίη ἂν τὸ σῶμα τὸ ἄλλο ἐς τὸ σιναρὸν σκέλος τὴν ὄχησιν ποιέεσθαι.	εἰ γάρ τις ἔξω τῷ πούς ὁ ὑγιής σκέλος βαίνω ,  ἐάν ὁ σῶμα ὁ ἄλλος εἰς ὁ σιναρός σκέλος ὁ ὄχησις ποιέω .
186470	tlg0057.tlg095.1st1K-grc1	τὸ δὲ σιναρὸν οὐκ ἂν δύναιτο ὀχέειν·	ὁ δέ σιναρός οὐ ἄν δύναμαι ὀχέω ·
186471	tlg0057.tlg095.1st1K-grc1	πῶς γάρ;	πῶς γάρ ;
186472	tlg0057.tlg095.1st1K-grc1	ἀναγκάζεται οὖν οὕτω κατὰ τοῦ ὑγιέος σκέλεος τῷ ποδὶ εἴσω βαίνειν, ἀλλὰ μὴ ἔξω.	ἀναγκάζω οὖν οὕτως κατά ὁ ὑγιής σκέλος τῷ πούς εἴσω βαίνω , ἀλλά μή ἔξω .
186473	tlg0057.tlg095.1st1K-grc1	τοῦτο γὰρ ὀχέει μάλιστα τὸ σκέλος τὸ ὑγιὲς καὶ τὸ ἑωυτοῦ μέρος τοῦ σώματος καὶ τὸ τοῦ σιναροῦ σκέλεος μέρος.	οὗτος γάρ ὀχέω μάλιστα ὁ σκέλος ὁ ὑγιής καί ὁ ἑαυτοῦ μέρος ὁ σῶμα καί ὁ ὁ σιναρός σκέλος μέρος .
186474	tlg0057.tlg095.1st1K-grc1	Ἐναλλάξας τὴν ἑρμηνείαν ἀσάφειάν τινα βραχεῖαν εἰργάσατο κατὰ φύσιν·	ὁ ἑρμηνεία   βραχύς ἐργάζομαι κατά φύσις ·
186475	tlg0057.tlg095.1st1K-grc1	ἢ γὰρ οὕτω μᾶλλον εἰπεῖν, ὡς ἐγὼ νῦν ἐρῶ, κατά γε τὸ ὑγιὲς ὁ γλουτὸς ἀναγκάζεται περιφερὴς εἷναι εἰς τὸ ἔξω, διὰ τὸ βαίνειν ἔσω τούτῳ τῷ σκέλει.	τίη γάρ οὕτως μᾶλλον λέγω , ὡς  νῦν λέγω , κατά γε ὁ ὑγιής ὁ γλουτός ἀναγκάζω περιφερής ἵημι εἰς ὁ ἔξω , διά ὁ βαίνω εἴσω οὗτος τῷ σκέλος .
186476	tlg0057.tlg095.1st1K-grc1	εἰ γὰρ ἔξω βαίνοι, ἀπωθοίη ἂν τὸ σῶμα, τὸδ’ ἄλλο ἐπὶ σιναροῦ σκέλους τῇ ὀχήσει ποιεῖσθαι, ὅπερ ἐστὶν ἀδύνατον.	εἰ γάρ ἔξω βαίνω ,  ἐάν ὁ σῶμα , ὁ δ’ ἄλλος ἐπί σιναρός σκέλος ὁ  ποιέω , ὅς εἰμί ἀδύνατος .
186477	tlg0057.tlg095.1st1K-grc1	οὕτως γὰρ ὀχέει μάλιστα τὸ σκέλος τὸ ὑγιὲς, ὡς προείρηται, τουτέστιν ὅταν ἔσω βαίνῃ τοῦ ὑγιοῦς σκέλους ποδί.	οὕτως γάρ ὀχέω μάλιστα ὁ σκέλος ὁ ὑγιής , ὡς  ,  ὅταν εἴσω βαίνω ὁ ὑγιής σκέλος πούς .
186478	tlg0057.tlg095.1st1K-grc1	δυνήσεται γὰρ τὸ πᾶν ἐπ’ αὐτῶν στηρίζεσθαι δυσπεριτρέπτως.	δύναμαι γάρ ὁ πᾶς ἐπί αὐτός   .
186479	tlg0057.tlg095.1st1K-grc1	Κοιλαινόμενοι δὲ κατὰ τὸν κενεῶνα καὶ κατὰ τὰ ἄρθρα μικροὶ φαίνονται καὶ τῷ ξύλῳ ἀναγκάζονται ἀντερείδεσθαι πλάγιοι κατὰ τὸ ὑγιὲς σκέλος, δέονται γὰρ ἀντικοντώσιος ταύτῃ.	δέ κατά ὁ κενεών καί κατά ὁ ἄρθρον  φαίνω καί τῷ ξύλον ἀναγκάζω ἀντερείδω πλάγιος κατά ὁ ὑγιής σκέλος , δέω γάρ  οὗτος .
186480	tlg0057.tlg095.1st1K-grc1	ἐπὶ τοῦτο γὰρ οἱ γλουτοὶ ῥέπουσι καὶ τὸ ἄχθος τοῦ σώματος ὀχέεται ἐπὶ τοῦτο.	ἐπί οὗτος γάρ ὁ γλουτός ῥέπω καί ὁ ἄχθος ὁ σῶμα ὀχέω ἐπί οὗτος .
186481	tlg0057.tlg095.1st1K-grc1	Ἐπειδὴ τὸ πεπονθὸς σκέλος ἀδυνατεῖ βαστάζειν τὸ ὑπερκείμενον ἑαυτοῦ μέρος τοῦ σώματος, διὰ τοῦτο καὶ τὸ σκέλος μὲν ὅλον τὸ ὑγιὲς ὑπερείδουσιν ἐσωτάτω καὶ αὐτοὶ δὲ ῥέπουσιν ἐπ’ αὐτῷ παντὶ τῷ σώματι.	ὁ   ἀδυνατέω βαστάζω ὁ  ἑαυτοῦ μέρος ὁ σῶμα , διά οὗτος καί ὁ σκέλος μέν ὅλος ὁ ὑγιής   καί αὐτός δέ ῥέπω ἐπί αὐτός πᾶς τῷ σῶμα .
186482	tlg0057.tlg095.1st1K-grc1	συμβαίνει γὰρ αὐτοὺς ἑτεροκλινεῖς γινομένους περιτραπῆναι κινδυνεύειν ἐπὶ τἀναντία τοῦ πεπονθότος.	συμβαίνω γάρ αὐτός    κινδυνεύω ἐπί ἐναντίος ὁ πάσχω .
186483	tlg0057.tlg095.1st1K-grc1	ὥσπερ οὖν ὁπότ’ ἐπ’ ἐκείνου στηριζόμενον μεταφέρειν εἰς τὸ πρόσω τὸ ὑγιὲς, ἐστήριζον τοῦ πεπονθότος τῇ χειρὶ κινδυνεύοντος ἐπ’ αὐτῷ περιτραπῆναι δεινῶς τὸ ὑγιὲς σκέλος ἐπὶ τὴν γῆν καὶ διὰ τῆς ἐκείνων ἀφικνοῦνται βοηθείας.	ὥσπερ οὖν  ἐπί ἐκεῖνος  μεταφέρω εἰς ὁ πρόσω ὁ ὑγιής ,  ὁ πάσχω ὁ χείρ κινδυνεύω ἐπί αὐτός  δεινός ὁ ὑγιής σκέλος ἐπί ὁ γῆ καί διά ὁ ἐκεῖνος ἀφικνέομαι βοήθεια .
186484	tlg0057.tlg095.1st1K-grc1	Ἀναγκάζονται δὲ καὶ ἐπικόπτειν.	δέ καί ἐπικόπτω .
186485	tlg0057.tlg095.1st1K-grc1	τὴν γὰρ χεῖρα τὴν κατὰ τὸ σκέλος τὸ σιναρὸν ἀναγκάζονται κατὰ πλάγιον τὸν μηρὸν ἐρείδειν.	ὁ γάρ χείρ ὁ κατά ὁ σκέλος ὁ σιναρός ἀναγκάζω κατά πλάγιος ὁ μηρός ἐρείδω .
186486	tlg0057.tlg095.1st1K-grc1	οὐ γὰρ δύναται τὸ σιναρὸν σκέλος ὀχέειν τὸ σῶμα ἐν τῇ μεταλλαγῇ τῶν σκελέων, ἢν μὴ κατέχηται πρὸς τὴν γῆν πιεζόμενον.	οὐ γάρ δύναμαι ὁ σιναρός σκέλος ὀχέω ὁ σῶμα ἐν ὁ μεταλλαγή ὁ σκέλος , ἐάν μή κατέχω πρός ὁ γῆ πιέζω .
186487	tlg0057.tlg095.1st1K-grc1	Κἀνταῦθα πάλιν παρὰ τὴν ἀσάφειαν, ἣν εἰργάσατο, μὴ προειπὼν ὅτι μεταβαίνει τῷ λόγῳ πρὸς ἑτέρων καιρῶν βάδισιν.	πάλιν παρά ὁ ἀσάφεια , ὅς ἐργάζομαι , μή προαγορεύω ὅτι2 μεταβαίνω τῷ λόγος πρός ἕτερος καιρός  .
186488	tlg0057.tlg095.1st1K-grc1	ἄχρι μὲν γὰρ οὗ τὸν λόγον ἐποιεῖτο περὶ μέρους βαδίσεως, ἐν ᾗ τοῦ κατὰ φύσιν ἔχοντος σκέλους ἐρηρεισμένου κατὰ τῆς εἰς τὸ πρόσω μεταφερούσης τὸ πεπονθός.	ἄχρι μέν γάρ οὗ ὁ λόγος ποιέω περί μέρος βάδισις , ἐν ὅς ὁ κατά φύσις ἔχω   κατά ὁ εἰς ὁ πρόσω μεταφέρω ὁ πάσχω .
186489	tlg0057.tlg095.1st1K-grc1	ὁ δὲ νῦν λόγος ἐστὶν ἐπὶ θατέρου μέρους τῆς βαδίσεως στηριζόμενοι τῷ πεπονθότι μεταφέρουσι τὸ ὑγιές.	ὁ δέ νῦν λόγος εἰμί ἐπί ἕτερος μέρος ὁ βάδισις  τῷ πάσχω μεταφέρω ὁ ὑγιής .
186490	tlg0057.tlg095.1st1K-grc1	εἴρηται δ’ ὀλίγον τὸ ὑγιὲς ἔμπροσθεν ἤδη περὶ τοῦδε τοῦ μέρους τῆς βαδίσεως.	λέγω  ὀλίγος ὁ ὑγιής ἔμπροσθεν ἤδη περί ὅδε ὁ μέρος ὁ βάδισις .
186491	tlg0057.tlg095.1st1K-grc1	Ἐν τούτοισι γοῦν τοῖσι σχήμασιν ἀναγκάζονται ἐσχηματίσθαι, οἷσιν ἂν εἴσω ἐκβὰν τὸ ἄρθρον μὴ ἐμπέση οὐ προβουλεύσαντος τοῦ ἀνθρώπου, ὅπως ἂν ῥήϊστα ἐσχηματισμένον ἔῃ, ἀλλ’ αὐτὴ ἡ ξυμφορὴ διδάσκει ἐκ τῶν παρεόντων τὰ ῥήϊστα αἱρέεσθαι.	ἐν οὗτος γοῦν ὁ σχῆμα ἀναγκάζω σχηματίζω , ὅς ἄν εἴσω  ὁ ἄρθρον μή  οὐ προβουλεύω ὁ ἄνθρωπος , ὅπως ἄν ῥᾴδιος σχηματίζω εἰμί , ἀλλά αὐτός ὁ συμφορά διδάσκω ἐκ ὁ πάρειμι ὁ ῥᾴδιος αἱρέω .
186492	tlg0057.tlg095.1st1K-grc1	ἐπεὶ καὶ ὁκόσοι ἕλκος ἔχοντες ἐν ποδὶ ἢ κνήμῃ, οὐ κάρτα δύνανται ἐπιβαίνειν τῷ σκέλει πάντες καὶ οἱ νήπιοι οὕτως ὁδοιπορέουσιν.	ἐπεί καί  ἕλκος ἔχω ἐν πούς ἤ κνήμη , οὐ κάρτα δύναμαι ἐπιβαίνω τῷ σκέλος πᾶς καί ὁ νήπιος οὕτως ὁδοιπορέω .
186493	tlg0057.tlg095.1st1K-grc1	ἕξω γὰρ βαίνουσι τῷ σιναρῷ σκέλει.	ἔχω γάρ βαίνω τῷ σιναρός σκέλος .
186494	tlg0057.tlg095.1st1K-grc1	Δυοῖν σχήμασιν, οὐχὶ ἑνὶ χρωμένων ἐν ταῖς ὁδοιπορίαις τῶν οὕτω πεπονθότων εἰκότως εἶπεν ἐν τούτοισι ἐπ’ αὐτὸ καὶ τῇ χειρὶ τὸν μηρὸν στηρίζοντες·	σχῆμα , οὐ  χράω2 ἐν ὁ ὁδοιπορία ὁ οὕτως πάσχω εἰκός λέγω ἐν οὗτος ἐπί αὐτός καί ὁ χείρ ὁ μηρός  ·
186495	tlg0057.tlg095.1st1K-grc1	ἕτερον δ’ ὅταν ἐπὶ τοῦ κατὰ φύσιν ἔχοντος ὅλοι πάλιν ἐπὶ τοῦτ’ ἐγκλινόμενοι, διὸ καὶ τοῦ κοντοῦ δέονται.	ἕτερος  ὅταν ἐπί ὁ κατά φύσις ἔχω ὅλος πάλιν ἐπί   , διό καί ὁ κοντός δέω .
186496	tlg0057.tlg095.1st1K-grc1	δι’ οὗ ῥέπειν οὖν ἐπὶ τἀναντία συμβαίνει τὸ σῶμα ποτὲ μὲν ἐπὶ τὸ δεξιὸν ἐγκλινόμενον μέρος, ὅταν τῷ δεξιῷ ποδὶ στηρίζωνται, ποτὲ δὲ ἐπὶ θάτερον, ὅταν θατέρῳ.	διά οὗ ῥέπω οὖν ἐπί ἐναντίος συμβαίνω ὁ σῶμα ποτε μέν ἐπί ὁ δεξιός  μέρος , ὅταν τῷ δεξιός πούς  , ποτε δέ ἐπί ἕτερος , ὅταν ἕτερος .
186497	tlg0057.tlg095.1st1K-grc1	καὶ ὅταν πρὸς τοῖς ἄλλοις ἔτυχεν ἀσχήμονι χρῆσθαι τῇ βαδίσει μᾶλλον τῶν ἐξαρθρησάντων ἑτέρῳ ἰσχίων, ὑπὲρ ὧν ἐφεξῆς ἐρεῖ.	καί ὅταν πρός ὁ ἄλλος τυγχάνω  χράω2 ὁ βαδίζω μᾶλλον ὁ  ἕτερος ἰσχίον , ὑπέρ ὅς ἐφεξῆς λέγω .
186498	tlg0057.tlg095.1st1K-grc1	Καὶ δισσὰ κερδαίνουσι, δισσῶν γὰρ δέονται.	καί δισσός κερδαίνω , δισσός γάρ δέω .
186499	tlg0057.tlg095.1st1K-grc1	τό τε γὰρ σῶμα οὐκ ὀχέεται ὁμοίως ἐπὶ τοῦ ἔξω ἀποβαινομένου, ὥσπερ ἐπὶ τοῦ εἴσω.	ὁ τε γάρ σῶμα οὐ ὀχέω ὅμοιος ἐπί ὁ ἔξω ἀποβαίνω , ὥσπερ ἐπί ὁ εἴσω .
186500	tlg0057.tlg095.1st1K-grc1	οὐδὲ γὰρ κατ’ ἰθυωρίην αὐτῷ γίνεται τὸ ἄχθος, ἀλλὰ πολλῷ μᾶλλον ἐπὶ τοῦ ὑπερβαινομένου, κατ’ ἰθυωρίην γὰρ αὐτῷ γίνεται τὸ ἄχθος ἔν τε αὐτῇ τῇ ὁδοιπορίῃ καὶ τῇ μεταλλαγῇ τῶν σκελέων.	οὐδέ γάρ κατά εὐθυωρία αὐτός γίγνομαι ὁ ἄχθος , ἀλλά πολύς μᾶλλον ἐπί ὁ  , κατά εὐθυωρία γάρ αὐτός γίγνομαι ὁ ἄχθος ἐν τε αὐτός ὁ ὁδοιπορία καί ὁ μεταλλαγή ὁ σκέλος .
186501	tlg0057.tlg095.1st1K-grc1	ἐν τούτῳ τῷ σχήματι τάχιστα ἂν δύναιτο ὑποτιθέναι τὸ ὑγιὲς σκέλος.	ἐν οὗτος τῷ σχῆμα ταχύς ἐάν δύναμαι  ὁ ὑγιής σκέλος .
186502	tlg0057.tlg095.1st1K-grc1	ἢν τῷ μὲν σιναρῷ ἐξωτέρω βαίνοι, τῷ δὲ ὑγιεῖ ἐσωτέρω, περὶ οὗ νῦν ὁ λόγος.	ἐάν τῷ μέν  ἐξωτέρω βαίνω , τῷ δέ   , περί οὗ νῦν ὁ λόγος .
186503	tlg0057.tlg095.1st1K-grc1	ἀγαθὸν εὑρίσκεσθαι αὐτὸ ἑωυτῷ τὸ σῶμα ἐς τὰ ῥήϊστα τῶν σχημάτων.	ἀγαθός εὑρίσκω αὐτός ἑαυτοῦ ὁ σῶμα εἰς ὁ  ὁ σχῆμα .
186504	tlg0057.tlg095.1st1K-grc1	Ἐν τῷ περιφέρειν μὲν ἔξω τὸ πεπονθὸς σκέλος, ἐρίζειν δὲ ἐνδοτάτω τοῦ ὑγιέος τὸ δισσὸν κέρδος αὐτοῖς γίγνεται, μήτε βαρύνεσθαί ποτε τὸ πεπονθὸς ὑπερειδόμενον ὅλον τῷ σώματι μήθ’ ὑπηρεσίαν αὐτοῦ πολυχρόνιον γίγνεσθαι, βραχύτατον διάστημα κινουμένου τοῦ ὑγιοῦς.	ἐν τῷ περιφέρω μέν ἔξω ὁ πάσχω σκέλος , ἐρίζω δέ  ὁ ὑγιής ὁ  κέρδος αὐτός γίγνομαι , μήτε βαρύνω ποτε ὁ πάσχω  ὅλος τῷ σῶμα  ὑπηρεσία αὐτός πολυχρόνιος γίγνομαι , βραχύς διάστημα κινέω ὁ ὑγιής .
186505	tlg0057.tlg095.1st1K-grc1	ἐὰν γὰρ θελήσῃς ἀκριβῶς προσέχειν, ἑκατέρου τοῦ χρόνου τῆς ἑκατέρου τῶν σκελῶν ὑπηρεσίας οὐ διπλάσιον μόνον, ἀλλὰ καὶ τριπλάσιον εὑρήσεις γιγνόμενον.	γάρ ἐθέλω ἀκριβής προσέχω , ἑκάτερος ὁ χρόνος ὁ ἑκάτερος ὁ  ὑπηρεσία οὐ διπλάσιος μόνος , ἀλλά καί τριπλάσιος εὑρίσκω  .
186506	tlg0057.tlg095.1st1K-grc1	ὀλίγιστον μὲν γὰρ διάστημα καὶ ταχείᾳ τῇ φορᾷ μόνῃ κινουμένου τοῦ ὑγιοῦς, πολὺ δὲ καὶ βραδείᾳ τοῦ πεπονθότος.	ὀλίγιστος μέν γάρ διάστημα καί  ὁ  μόνος κινέω ὁ  , πολύς δέ καί  ὁ πάσχω .
186507	tlg0057.tlg095.1st1K-grc1	εὔδηλον γὰρ ὁπόσῳ μείζων ἐστὶν ἡ κυκλοτερὴς ὁδοιπορία τῆς εὐθείας, εἰ καὶ τοῖς αὐτοῖς πέρασιν ἀμφότεραι χρῶνται.	εὔδηλος γάρ ὁπόσος μέγας εἰμί ὁ κυκλοτερής ὁδοιπορία ὁ εὐθεῖα , εἰ καί ὁ αὐτός πέρας ἀμφότερος χράω2 .
186508	tlg0057.tlg095.1st1K-grc1	Ὅσοισι μὲν οὖν μήπω τελειουμένοισιν ἐς αὔξησιν ἐκπεσὼν μὴ ἐμπέσῃ, γυιοῦται ὁ μηρὸς καὶ κνήμη καὶ ὁ πούς·	μέν οὖν μήπω  εἰς αὔξησις ἐκπίπτω μή ἐμπίπτω , γυιόω ὁ μηρός καί κνήμη καί ὁ  ·
186509	tlg0057.tlg095.1st1K-grc1	οὔτε γὰρ τὰ ὀστέα ἐς τὸ μῆκος ὁμοίως αὔξεται, ἀλλὰ βραχύτερα γίνεται, μάλιστα δὲ τὰ τοῦ μηροῦ.	οὔτε γάρ ὁ ὀστέον εἰς ὁ μῆκος ὅμοιος αὐξάνω , ἀλλά βραχύς γίγνομαι , μάλιστα δέ ὁ ὁ μηρός .
186510	tlg0057.tlg095.1st1K-grc1	Ἔλαττον γίγνεται, φησὶν, ὅλον τὸ σκέλος οἷς ἔξαρθρος οὔπω ὅλος ὁ μηρὸς αὐξανόμενος, ἔτι τε κοινὸν αὐτὸ τῶν ἄρθρων ἐστὶν, ὥσπερ καὶ πρόσθεν εἶπον.	γίγνομαι , φημί , ὅλος ὁ σκέλος ὅς  οὔπω ὅλος ὁ μηρός αὐξάνω , ἔτι τε κοινός αὐτός ὁ  εἰμί , ὥσπερ καί πρόσθεν λέγω .
186511	tlg0057.tlg095.1st1K-grc1	ἀλλὰ νῦν γε τοῦ κοινοῦ τὴν αἰτίαν ἔγραψεν, ὡς εἴωθεν·	ἀλλά νῦν γε ὁ κοινός ὁ αἰτία γράφω , ὡς  ·
186512	tlg0057.tlg095.1st1K-grc1	ἅπαξ που μεμνῆσθαι τοῦ κοινοῦ καθ’ ἕν τι τῶν ἐν μέρει.	ἅπαξ που μιμνήσκω ὁ κοινός κατά   ὁ ἐν μέρος .
186513	tlg0057.tlg095.1st1K-grc1	διὰ τοῦτο γάρ φησιν ἀναυξὲς καὶ ἄτροφον αὐτοῖς γίγνεσθαι τὸ σκέλος, ἅμα μὲν διὰ τὴν στέρησιν τῆς χώρας τοῦ ἄρθρου, ἅμα δὲ ὅτι ἀδύνατον χρῆσθαί ἐστιν.	διά οὗτος γάρ φημί ἀναυξής καί ἄτροφος αὐτός γίγνομαι ὁ σκέλος , ἅμα μέν διά ὁ στέρησις ὁ χώρα ὁ  , ἅμα δέ ὅτι2 ἀδύνατος χράω2 εἰμί .
186514	tlg0057.tlg095.1st1K-grc1	ἐγὼ δ’ ἐν τοῖς ἔμπροσθεν ἔφην τῶν μορίων καὶ τὴν αἰτίαν ἀργίαν εἷναι.	ἐν ὁ ἔμπροσθεν φημί ὁ μόριον καί ὁ αἰτία ἀργία ἵημι .
186515	tlg0057.tlg095.1st1K-grc1	γίγνεται δὲ ἄμφω διὰ τὴν ἀνάρθρησιν, ὥστ’ οὐκ οἷδ’ ὅπως Ἱπποκράτης εἰπὼν, εἶναι τὴν ἐξάρθρησιν, ἐφεξῆς ἐπήνεγκε τὴν ἀργίαν.	γίγνομαι δέ ἄμφω διά ὁ  ,  οὐ  ὅπως Ἱπποκράτης λέγω , εἰμί ὁ  , ἐφεξῆς ἐπιφέρω ὁ ἀργία .
186516	tlg0057.tlg095.1st1K-grc1	ἡ γὰρ ἐξάρθρησις οὐ πρώτως ἀτροφίαν ἐργάζεσθαι πέφυκεν, ἀλλὰ διὰ μέσης διαστροφῆς τῶν ὀργάνων καὶ τῆς ἀργίας.	ὁ γάρ ἐξάρθρησις οὐ πρῶτος ἀτροφία ἐργάζομαι φύω , ἀλλά διά μέσος διαστροφή ὁ ὄργανον καί ὁ ἀργία .
186517	tlg0057.tlg095.1st1K-grc1	Ἄσαρκόν τε ἅπαν τὸ σκέλος καὶ ἄμυον καὶ ἐκτεθηλυσμένον καὶ λεπτότερον γίνεται, ἅμα μὲν διὰ τὴν στέρησιν τῆς χώρης τοῦ ἄρθρου, ἅμα δὲ ὅτι ἀδύνατον χρέεσθαί ἐστιν, ὅτι οὐ κατὰ φύσιν κέεται.	τε  ὁ σκέλος καί ἄμυος καί ἐκθηλύνω καί λεπτός γίγνομαι , ἅμα μέν διά ὁ στέρησις ὁ χώρα ὁ  , ἅμα δέ ὅτι2 ἀδύνατος χράομαι εἰμί , ὅτι2 οὐ κατά φύσις  .
186518	tlg0057.tlg095.1st1K-grc1	Τῆς ὅλης τῶν μηρῶν οὐσίας μόριά εἰσιν αἱ σάρκες, ὡς ἐθεάσασθε πολλάκις ἐν τῇ τῶν μυῶν ἀνατομῆ, δεικνύοντος μου τὰ τῆς αἰσθήσεως αὐτῶν αἰσθητὰ στοιχεῖα δύο ὄντα τάς τε νευρώδεις ἶνας καὶ τὰς ἔξωθεν αὐταῖς περιπηγνυμένας σάρκας.	ὁ ὅλος ὁ μηρός οὐσία μόριον εἰμί ὁ σάρξ , ὡς  πολλάκις ἐν ὁ ὁ μῦς  , δείκνυμι  ὁ ὁ αἴσθησις αὐτός αἰσθητός στοιχεῖον γε εἰμί ὁ τε  ἴς καί ὁ ἔξωθεν αὐτός  σάρξ .
186519	tlg0057.tlg095.1st1K-grc1	ὅταν οὖν τις ἐκ γυμνασίων καὶ τρίψεων ἰσχυρότερος ἑαυτοῦ γένοιτο, τὴν μὲν τῶν ἰνῶν οὐσίαν ἐντροφοτέραν ἔχει, τὴν δὲ τῶν σαρκῶν ἐλάττονα μὲν, ἰσχυροτέραν δέ.	ὅταν οὖν τις ἐκ γυμνάσιον καί  ἰσχυρός ἑαυτοῦ γίγνομαι , ὁ μέν ὁ  οὐσία  ἔχω , ὁ δέ ὁ σάρξ ἐλάσσων μέν , ἰσχυρός δέ .
186520	tlg0057.tlg095.1st1K-grc1	τοῖς δὲ ἀγυμνάστοις καλουμένοις πολλὰ τοὐναντίον συμβαίνει τῶν ἴνων ἰσχνῶν οὐσῶν πολλὴν μὲν, ἀλλὰ μαλακὴν δι’ ὑγρότητος γίγνεσθαι.	ὁ δέ ἀγύμναστος καλέω πολύς ἐναντίος συμβαίνω ὁ  ἰσχνός εἰμί πολύς μέν , ἀλλά μαλακός διά ὑγρότης γίγνομαι .
186521	tlg0057.tlg095.1st1K-grc1	προσέοικε γὰρ ἡ τοιαύτη σὰρξ τοῖς ἐπιπηγνυμένοις τυροῖς, ὥσπερ ἡ τῶν γυμναστικῶν τοῖς ἀκριβῶς ἤδη πεπηγόσι·	προσέοικα γάρ ὁ τοιοῦτος σάρξ ὁ  τυρός , ὥσπερ ὁ ὁ γυμναστικός ὁ ἀκριβής ἤδη  ·
186522	tlg0057.tlg095.1st1K-grc1	διὸ καὶ φαίνονται μὲν τούτοισιν οἱ μύες σκληροὶ καὶ νευρώδεις καὶ περιγραφὰς ἔχοντες.	διό καί φαίνω μέν οὗτος ὁ μῦς σκληρός καί  καί περιγραφή ἔχω .
186523	tlg0057.tlg095.1st1K-grc1	τοῖς δ’ ἀγυμνάστοις μαλακοὶ καὶ σαρκώδεις, ἤτοι δ’ οὐδ’ ὅλως, ἀλλ’ ἀμυδρῶς φαινόμενοι ἐμφαίνοντες τὰς ὑπογραφάς.	ὁ  ἀγύμναστος μαλακός καί σαρκώδης , ἤτοι  οὐδέ ὅλος , ἀλλά ἀμυδρός φαίνω ἐμφαίνω ὁ ὑπογραφή .
186524	tlg0057.tlg095.1st1K-grc1	διὰ τοῦτ’ οὖν εἰπὼν ὁ Ἱπποκράτης τὸ σκέλος τούτοις ἄσαρκον γίγνεσθαι.	διά  οὖν λέγω ὁ Ἱπποκράτης ὁ σκέλος οὗτος ἄσαρκος γίγνομαι .
186525	tlg0057.tlg095.1st1K-grc1	γιγνώσκειν δὲ καὶ τοῖς ἐκ γυμνασίων πλεόνων τοιοῦτον γενόμενον ἐπήνεγκε τῷ καὶ ἄσαρκον καὶ ἄμυον ἐν ἴσῳ τῷ τὰς περιγραφὰς οὐκ ἔχον αἰσθητὰς μυῶν.	γιγνώσκω δέ καί ὁ ἐκ γυμνάσιον πολύς τοιοῦτος γίγνομαι ἐπιφέρω τῷ καί ἄσαρκος καί ἠμύω ἐν ἴσος τῷ ὁ περιγραφή οὐ ἔχω  μῦς .
186526	tlg0057.tlg095.1st1K-grc1	οὐ γὰρ δὴ παντάπασι καὶ διαφθείρεταί τις αὐτῶν μῦς, ἀλλὰ ὥσπερ ἄφλεβον σῶμα λέγομεν τὸ μὴ φαινομένας ἔχον τὰς φλέβας, οὕτω καὶ ἄμυον, ἐν ᾧ παντάπασιν ἀφανεῖς εἰσιν αἱ περιγραφαὶ τῶν μυῶν.	οὐ γάρ δή παντάπασι καί  τις αὐτός  , ἀλλά ὥσπερ  σῶμα λέγω ὁ μή  ἔχω ὁ φλέψ , οὕτως καί ἠμύω , ἐν ὅς παντάπασι ἀφανής εἰμί ὁ  ὁ μῦς .
186527	tlg0057.tlg095.1st1K-grc1	ἔτι δὲ σαφέστερον ἐνδείξασθαι βουλόμενος ὁποία τις ἡ τοῦ σκέλους αὐτοῖς ἰδέα γίγνεται προσέθηκε τὸ ἐκτεθηλυσμένον, ὅπερ ἐστὶν ὑγρὸν καὶ μαλακὸν καὶ μὴ σφίγγον καὶ διαῤῥέον, ὁποῖον αἱ γυναῖκες ἔχουσιν.	ἔτι δέ σαφής ἐνδείκνυμι  ὁποῖος τις ὁ ὁ σκέλος αὐτός  γίγνομαι προστίθημι ὁ ἐκθηλύνω , ὅς εἰμί ὑγρός καί μαλακός καί μή  καί  , ὁποῖος ὁ γυνή ἔχω .
186528	tlg0057.tlg095.1st1K-grc1	ἅπαντα γὰρ ταῦτα προσηκόντως ἄν τις εἴποι κατὰ τῆς τῶν γυναικῶν σαρκὸς, ἀφ’ ἧς κατὰ μεταφορὰν ἐποιήσατο ἐκτεθηλυσμένον ὄνομα.	ἅπας γάρ οὗτος προσηκόντως ἄν τις λέγω κατά ὁ ὁ γυνή σάρξ , ἀπό ὅς κατά μεταφορά ποιέω ἐκθηλύνω ὄνομα .
186529	tlg0057.tlg095.1st1K-grc1	τὸ δὲ λεπτότερον ἐπὶ τῆς τελευτῆς τοῦ λόγου προσέθηκεν ἐνδεικνύμενος, ἁπάντων τῶν κατ’ αὐτὸ μορίων ὅπερ ἐν ἀρχῇ τῆς ῥήσεως εἶπε γυιοῦται.	ὁ δέ λεπτός ἐπί ὁ τελευτή ὁ λόγος προστίθημι ἐνδείκνυμι , ἅπας ὁ κατά αὐτός μόριος ὅς ἐν ἀρχή ὁ  λέγω γυιόω .
186530	tlg0057.tlg095.1st1K-grc1	τὸ γὰρ ἄσαρκον ἐπὶ τῆς κατὰ σάρκα ἐνδείας μόνης λέγεται, τὸ γυιοῦσθαι δὲ τὸ σκέλος ἐπὶ πάντων τῶν μερῶν ἐλαττόνων γιγνομένων.	ὁ γάρ ἄσαρκος ἐπί ὁ κατά σάρξ ἔνδεια μόνος λέγω , ὁ  δέ ὁ σκέλος ἐπί πᾶς ὁ μέρος ἐλάσσων  .
186531	tlg0057.tlg095.1st1K-grc1	Χρῆσις γὰρ μετεξετέρη ῥύεται τῆς ἄγαν ἐκθηλύνσιος, ῥύεται δέ τι καὶ τῆς ἐπὶ μῆκος ἀναυξήσιος.	γάρ μετεξέτεροι ἐρύω2 ὁ ἄγαν  , ἐρύω2 δέ τι καί ὁ ἐπί μῆκος  .
186532	tlg0057.tlg095.1st1K-grc1	κακοῦται μὲν οὖν μάλιστα, οἷσιν ἂν ἐν γαστρὶ ἐοῦσιν ἐξαρθρήσῃ τοῦτο τὸ ἄρθρον, δεύτερον δὲ οἷσιν ἂν ὡς νηπιωτάτοισιν ἐοῦσιν, ἥκιστα δὲ τοῖσι τετελειωμένοισι.	κακόω μέν οὖν μάλιστα , ὅς ἄν ἐν γαστήρ εἰμί ἐξαρθρέω οὗτος ὁ ἄρθρον , δεύτερος δέ ὅς ἄν ὡς  εἰμί , ἥκιστος δέ ὁ  .
186533	tlg0057.tlg095.1st1K-grc1	τοῖσι μὲν οὖν τετελειωμένοισιν, οἵη τις ὁδοιπορίη γίνεται, οἷσιδ’ ἂν νηπίοισιν ἐοῦσιν ἡ ξυμφορὴ αὕτη φαίνεται.	ὁ μέν οὖν  , οἷος τις  γίγνομαι , ὅς δ’ ἐάν  εἰμί ὁ συμφορά οὗτος φαίνω .
186534	tlg0057.tlg095.1st1K-grc1	Ἔνεστι μὲν παρ’ Ἡρόδοτον μάλιστα μαθεῖν οὐδὲν πλέον σημαῖνον παρὰ τοῖς Ἴωσι τὸ μετεξετέρην τοῦ παρ’ ἡμῖν ἑτέρην·	ἔνειμι μέν παρά Ἡρόδοτος μάλιστα μανθάνω  πλέως  παρά ὁ Ἴωνες ὁ  ὁ παρά ἐγώ ἕτερος ·
186535	tlg0057.tlg095.1st1K-grc1	πολλάκις γὰρ αὐτῷ κέχρηται, καθάπερ καὶ τῷ μετεξέτερον.	πολλάκις γάρ  χράω , καθά καί τῷ  .
186536	tlg0057.tlg095.1st1K-grc1	δῆλον οὖν καὶ διὰ τοῦτο πάλιν ὅπερ ἡμῖν διὰ τοῦ τινὲς μὲν εἰ καὶ νῦν οὖν οὐ καὶ μετεξετέρου τοιοῦτον τὸ δῆλον.	δῆλος οὖν καί διά οὗτος πάλιν ὅς ἐγώ διά ὁ  μέν εἰ καί νῦν οὖν οὐ καί   ὁ δῆλος .
186537	tlg0057.tlg095.1st1K-grc1	προειρηκὼς γὰρ ὅτι διὰ τὴν ἀργίαν αὐτοῖς τὸ σκέλος γυιοῦται καὶ τάχα τινὰ παρακοῦσαι νομίσας, ὡς ἅπασιν χρῆσιν τῶν μορίων οὐ τρόφιμον εἶναί φησι πᾶσαν, ἀλλά τινα ἐργάσασθαι λέγει τὴν σύμμετρον δηλονότι, καθάπερ καὶ τἄλλα πάντα καθ’ ὅλην τὴν ὑγιεινὴν δίαιταν, ὡς ἐν ἄλλοις τέ τισιν ὑπ’ αὐτοῦ λέλεκται τοῦτο καὶ δι’ ἑνὸς κεφαλαίου ἐν τῷ τῶν ἐπιδημιῶν ἕκτῳ, ἔνθα φησὶ, πόνοι, σιτία, ποτὰ, ὕπνοι, ἀφροδίσια, πάντα μέτρα.	προαγορεύω γάρ ὅτι2 διά ὁ ἀργία αὐτός ὁ σκέλος γυιόω καί τάχα  παρακούω νομίζω , ὡς ἅπας χρῆσις ὁ μόριος οὐ τρόφιμος εἰμί φημί πᾶς , ἀλλά τις ἐργάζομαι λέγω ὁ σύμμετρος  , καθά καί  πᾶς κατά ὅλος ὁ ὑγιεινός δίαιτα , ὡς ἐν    ὑπό αὐτός λέγω οὗτος καί διά  κεφάλαιος ἐν ὁ ὁ  ἕκτος , ἔνθα φημί , πόνος , σιτίον , ποτός , ὕπνος , Ἀφροδίσιος , πᾶς μέτρον .
186538	tlg0057.tlg095.1st1K-grc1	Οἱ μὲν πλεῖστοι καταβλακεύουσι τὴν διόρθωσιν τοῦ σώματος, ἀλλὰ κακῶς εἱλέονται ἐπὶ τὸ ὑγιὲς σκέλος τῇ χειρὶ πρὸς τὴν γῆν ἀπερειδόμενοι τῇ κατὰ τὸ ὑγιὲς σκέλος.	μέν πλεῖστος καταβλακεύω ὁ διόρθωσις ὁ σῶμα , ἀλλά κακός  ἐπί ὁ ὑγιής σκέλος ὁ χείρ πρός ὁ γῆ ἀπερείδω ὁ κατά ὁ ὑγιής σκέλος .
186539	tlg0057.tlg095.1st1K-grc1	καταβλακεύουσι δὲ ἔνιοι, τὴν ἐς τὸ ὀρθὸν ὁδοιπορίην καὶ οἷσιν ἂν τετελειωμένοισιν αὕτη ἡ ξυμφορὰ γένηται.	καταβλακεύω δέ ἔνιοι , ὁ εἰς ὁ ὀρθός ὁδοιπορία καί ὅς ἄν  οὗτος ὁ συμφορά γίγνομαι .
186540	tlg0057.tlg095.1st1K-grc1	ὁκόσοι δ’ ἂν νήπιοι ὄντες ταύτῃ τῇ ξυμφορῇ χρησάμενοι ὀρθῶς παιδαγωγηθῶσι, τῷ μὲν ὑγιεῖ σκέλει χρέονται ἐς ὀρθὸν, ἐπὶ δὲ τὴν μασχάλην τὴν κατὰ τὸ ὑγιὲς σκέλος σκίπωνα περιφέρουσι.	ὁπόσος  ἄν νήπιος εἰμί οὗτος ὁ συμφορά χράομαι ὀρθός παιδαγωγέω , τῷ μέν  σκέλος χράω εἰς ὀρθός , ἐπί δέ ὁ μασχάλη ὁ κατά ὁ ὑγιής σκέλος σκίπων περιφέρω .
186541	tlg0057.tlg095.1st1K-grc1	μετεξέτεροι δὲ καὶ ὑπ’ ἀμφοτέρας τὰς χεῖρας, τὸ δὲ σιναρὸν σκέλος μετέωρον ἔχουσι.	μετεξέτεροι δέ καί ὑπό ἀμφότερος ὁ χείρ , ὁ δέ σιναρός σκέλος  ἔχω .
186542	tlg0057.tlg095.1st1K-grc1	Τοῖς μὲν ἤδη κεκρατυσμένοις τὰ κῶλα τοιαύτης συμφορᾶς γιγνομένης, γίγνεται χρῆσθαι τῷ σκέλει χωλεύοντι.	μέν ἤδη  ὁ κῶλον τοιοῦτος συμφορά  , γίγνομαι χράω2 τῷ σκέλος  .
186543	tlg0057.tlg095.1st1K-grc1	τοῖς δὲ μικροῖς πάνυ παιδίοις, ἀλλ’ εἰ καὶ κατὰ φύσιν ἔχοι καὶ χρῆσθαι πῶς καλῶς δύναιτο τοῖς σκέλεσι;	ὁ δέ μικρός πάνυ παιδίον , ἀλλά εἰ καί κατά φύσις ἔχω καί χράω2 πῶς καλός δύναμαι ὁ σκέλος ;
186544	tlg0057.tlg095.1st1K-grc1	ῥαθυμία τις ἐγγίγνεται περὶ τὴν τοῦ κώλου ἐνέργειαν καὶ διὰ τοῦτο καταβλακεύουσιν ὀρθοῦσθαι, τουτέστιν ἀμελοῦσι καὶ καταῤῥαθυμοῦσι.	ἐγγίγνομαι περί ὁ ὁ  ἐνέργεια καί διά οὗτος καταβλακεύω ὀρθόω ,  ἀμελέω καί  .
186545	tlg0057.tlg095.1st1K-grc1	καὶ τί θαυμαστὸν, εἰ καὶ αὐτὰ καταφρονεῖ τοῦ διαναστάντος κωλύειν ὀρθὰ καὶ τῶν ἤδη τελειουμένων ἐνίοτε μὴ τολμώντων ὀρθῶς χωλεύειν, ἀλλ’ ὡς εἴρηκεν αὐτὸς, εἱλουμένων ἐπὶ τὸ ὑγιὲς σκέλος;	καί τι θαυμαστός , εἰ καί αὐτός καταφρονέω ὁ  κωλύω ὀρθός καί ὁ ἤδη  ἐνίοτε μή τολμάω ὀρθός  , ἀλλά ὡς λέγω αὐτός ,  ἐπί ὁ ὑγιής σκέλος ;
186546	tlg0057.tlg095.1st1K-grc1	ἐνεδείξατο δὲ σαφῶς αὐτῶν καὶ τὸν τρόπον τῆς κινήσεως, ὁποῖός τις γίγνεται διὰ τοῦ εἱλέονται ῥήματος.	ἐνδείκνυμι δέ σαφής αὐτός καί ὁ τρόπος ὁ κίνησις ,  τις γίγνομαι διά ὁ  ῥῆμα .
186547	tlg0057.tlg095.1st1K-grc1	Καὶ τοσούτῳ ῥηίους εἰσὶν, ἔσω ἂν αὐτοῖσιν ἔλασσον τὸ σκέλος τὸ σιναρὸν ἔῃ.	τοσοῦτος  εἰμί , εἴσω ἐάν αὐτός ἐλάσσων ὁ σκέλος ὁ σιναρός εἰμί .
186548	tlg0057.tlg095.1st1K-grc1	Ῥηίους εἴρηκε τοὺς ἑτοιμότερον βαδίζοντας, ὅπερ αὐτοῖς συμβαίνει βραχέος ὄντος τῷ μήκει τοῦ σιναροῦ σκέλους.	λέγω ὁ ἑτοῖμος βαδίζω , ὅς αὐτός συμβαίνω βραχύς εἰμί τῷ μῆκος ὁ   .
186549	tlg0057.tlg095.1st1K-grc1	οὐ γὰρ δέονται μεταφέρειν ἑλίσσοντες αὐτὸ, καθάπερ οἷς τελείοις οὖσιν ἔξαρθρον ἔμελλε, μακρότερον ἐπὶ τούτῳ διὰ τὴν ἔκπτωσιν γενόμενον εἰς ἀνάγκην αὐτοὺς ἄγειν τῆς ὑπ’ αὐτοῦ λεγομένης ὄπισθεν ὁδοιπορίας περιφοράδην γινομένης.	οὐ γάρ δέω μεταφέρω  αὐτός , καθά  τέλειος εἰμί  μέλλω , μακρός ἐπί οὗτος διά ὁ  γίγνομαι εἰς ἀνάγκη αὐτός ἄγω ὁ ὑπό αὐτός λέγω ὄπισθεν ὁδοιπορία   .
186550	tlg0057.tlg095.1st1K-grc1	Τὸ δὲ ὑγιὲς ἰσχύῃ αὐτέοισιν οὐδὲν ἧσσον ἢ εἰ καὶ ἀμφότερα ὑγιέα ἦν.	δέ  ἰσχύω   ἥσσων τίη εἰ καί ἀμφότερος  εἰμί .
186551	tlg0057.tlg095.1st1K-grc1	Εἰκότως τοῦτ’ εἶπε·	εἰκός  λέγω ·
186552	tlg0057.tlg095.1st1K-grc1	χρῶνται γὰρ εἰκότως τῷ ὑγιεῖ παραπλησίως ἢ εἰ καὶ ἀμφότερα ὑγιεινὰ ἦν.	χράω2 γάρ εἰκός τῷ  παραπλήσιος τίη εἰ καί ἀμφότερος ὑγιεινός εἰμί .
186553	tlg0057.tlg095.1st1K-grc1	ἅτε οὖν τὴν αὐτὴν ἔχοντες αὐτῷ χρῆσιν, ἣν καὶ κατὰ φύσιν ἀμφοῖν διακειμένων εἶχον, ὁμοίως εὐτροφοῦντι καὶ ῥωμαλέῳ χρῶνται.	ἅτε οὖν ὁ αὐτός ἔχω αὐτός χρῆσις , ὅς καί κατά φύσις ἄμφω  ἔχω , ὅμοιος  καί  χράω2 .
186554	tlg0057.tlg095.1st1K-grc1	Θηλύνονται δὲ πᾶσι τοῖς τοιούτοισιν αἱ σάρκες τοῦ σκέλεος, μᾶλλον δ’ ἔτι θηλύνονται αἱ ἐκ τοῦ ἔξω μέρεος ἢ αἱ ἐκ εἴσω ὡς ἐπὶ πολύ.	δέ πᾶς ὁ τοιοῦτος ὁ σάρξ ὁ σκέλος , μᾶλλον  ἔτι θηλύνω ὁ ἐκ ὁ ἔξω μέρος τίη ὁ ἐκ εἴσω ὡς ἐπί πολύς .
186555	tlg0057.tlg095.1st1K-grc1	μυθολογοῦσι δέ τινες ὅτι αἱ Ἀμαζονίδες τὸ ἄρσεν γένος τὸ ἑωυτῶν αὐτίκα νήπιον ἐὸν ἐξαρθρέουσιν, αἱ μὲν κατὰ τὰ γούνατα, αἱ δὲ κατὰ τὰ ἰσχία, ὡς δῆθεν χωλὰ γίνοιτο καὶ μὴ ἐπιβουλεύοι τὸ ἄῤῥεν γένος τῷ θήλει.	μυθολογέω δέ τις ὅτι2 ὁ Ἀμαζονίς ὁ ἄρσην γένος ὁ ἑαυτοῦ αὐτίκα νήπιος εἰμί ἐξαρθρέω , ὁ μέν κατά ὁ γόνυ , ὁ δέ κατά ὁ ἰσχίον , ὡς δῆθεν χωλός γίγνομαι καί μή ἐπιβουλεύω ὁ  γένος τῷ  .
186556	tlg0057.tlg095.1st1K-grc1	χειρώναξιν ἄρα τούτοισι χρέονται, ὁκόσα ἢ σκυτίης ἔργα ἢ χαλκείης ἢ ἄλλο τι ἑδραῖον ἔργον.	ἄρα οὗτος χράω , ὁπόσος ἤ  ἔργον ἤ χάλκεος ἤ ἄλλος τις ἑδραῖος ἔργον .
186557	tlg0057.tlg095.1st1K-grc1	εἰ μὲν οὖν ἀληθέα ταῦτά ἐστιν, ἐγὼ μὲν οὐκ οἶδα.	εἰ μέν οὖν ἀληθής  εἰμί ,  μέν οὐ οἶδα .
186558	tlg0057.tlg095.1st1K-grc1	ὅτι δὲ γίνοιτο ἂν τοιαῦτα οἶδα, εἴ τις ἐξαρθρέοι αὐτίκα νήπια ἐόντα.	ὅτι2 δέ γίγνομαι ἄν τοιοῦτος οἶδα , εἰ τις ἐξαρθρέω αὐτίκα νήπιος εἰμί .
186559	tlg0057.tlg095.1st1K-grc1	Πᾶσι μᾶλλον θηλύνονται, φησὶν, αἱ ἔξω τοῦ ἄρθρου σάρκες ἢ ἔσω, εἰ εἰς τὴν ἐντὸς χώραν μεταστῇ, διὸ καὶ μᾶλλον ἀργεῖτ’ αὐτὸ τὸ μέρος·	μᾶλλον θηλύνω , φημί , ὁ ἔξω ὁ  σάρξ ἤ εἴσω , εἰ εἰς ὁ ἐντός χώρα  , διό καί μᾶλλον ἀργέω τ’ αὐτός ὁ μέρος ·
186560	tlg0057.tlg095.1st1K-grc1	εἰ γὰρ καὶ παρὰ φύσιν, ἀλλ’ ὅμως γίγνονταί τινες κνήσεις εἰς τὴν κεφαλὴν τοῦ μηροῦ κατὰ τὰ ἔνδον ἐστηριγμένα μέρη.	γάρ καί παρά φύσις , ἀλλά ὅμως  τις  εἰς ὁ κεφαλή ὁ μηρός κατά ὁ ἔνδον  μέρος .
186561	tlg0057.tlg095.1st1K-grc1	Κατὰ μὲν οὖν τὰ ἰσχία μέζον τὸ διάφορόν ἐστιν, ἐς τὸ εἴσω ἢ ἐς τὸ ἔξω ἐξαρθρῆσαι.	κατά μέν οὖν ὁ ἰσχίον  ὁ διάφορος εἰμί , εἰς ὁ εἴσω ἤ εἰς ὁ ἔξω ἐξαρθρέω .
186562	tlg0057.tlg095.1st1K-grc1	κατὰ γούνατα δὲ διαφέρει μέν τι, ἔλασσον δέ τι διαφέρει.	κατά γόνυ δέ διαφέρω μέν τι , ἐλάσσων δέ τι διαφέρω .
186563	tlg0057.tlg095.1st1K-grc1	τρόπος δὲ ἑκατέρου τοῦ χωλώματος ἴδιός ἐστι.	τρόπος δέ ἑκάτερος ὁ χώλωμα  εἰμί .
186564	tlg0057.tlg095.1st1K-grc1	γυιοῦνται γὰρ μᾶλλον οἷσιν ἂν ἐς τὸ ἔξω ἐξαρθρήσῃ.	γάρ μᾶλλον ὅς ἄν εἰς ὁ ἔξω ἐξαρθρέω .
186565	tlg0057.tlg095.1st1K-grc1	ὀρθοὶ δὲ ἧσσον ἵστανται οἷσιν ἂν ἐς τὸ εἴσω ἐξαρθρήσῃ.	ὀρθός δέ ἥσσων ἵστημι ὅς ἐάν εἰς ὁ εἴσω ἐξαρθρέω .
186566	tlg0057.tlg095.1st1K-grc1	ὡσαύτως δὲ καὶ εἰ παρὰ τὸ σφυρὸν ἐξαρθρήσῃ, ἢν μὲν ἐς τὸ ἔξω μέρος κυλλοὶ μὲν γίνονται, ἑστάναι δὲ δύνανται.	ὡσαύτως δέ καί εἰ παρά ὁ σφυρόν ἐξαρθρέω , ἐάν μέν εἰς ὁ ἔξω μέρος κυλλός μέν γίγνομαι , ἵστημι δέ δύναμαι .
186567	tlg0057.tlg095.1st1K-grc1	ἢν δὲ ἐς τὸ εἴσω μέρος ἐξαρθρήσῃ, βλαισσοὶ μὲν γίνονται, ἧσσον δὲ ἑστάναι δύνανται.	ἐάν δέ εἰς ὁ εἴσω μέρος ἐξαρθρέω ,  μέν γίγνομαι , ἥσσων δέ ἵστημι δύναμαι .
186568	tlg0057.tlg095.1st1K-grc1	Τὸ κυλλὸν ὄνομα τινὲς μὲν ἅπασαν διαστροφὴν κώλου φασὶ δηλοῦν, γενικόν τι σημαινόμενον ὑποτιθέντες αὐτῷ, τινὲς δὲ τὴν τοιαύτην μόνην διαστροφὴν δηλοῦσθαί φασιν, ἐν ᾗ πρὸς τὴν ἔσω χώραν ἡ ῥοπὴ γίνεται τοῦ κώλου.	κυλλός ὄνομα  μέν ἅπας διαστροφή  φημί δηλόω ,     αὐτός ,  δέ ὁ τοιοῦτος μόνος διαστροφή  φημί , ἐν ὅς πρός ὁ εἴσω χώρα ὁ ῥοπή γίγνομαι ὁ  .
186569	tlg0057.tlg095.1st1K-grc1	τούτου γὰρ συμβάντος ἀναγκαῖόν ἐστι τὸ ἄκρον αὐτοῦ, τουτέστι πρὸς πόδα πρὸς τὴν ἔσω χώραν, ὅπερ εἰς τὸ τῆς στάσιος ἑδραῖον οὐ μικρὰ συντελεῖ, ὥστε καὶ αὐτῶν τῶν κατὰ φύσιν ἐχόντων τῶν ῥαιβῶν ἢ ῥοικῶν ὀνομαζομένων, ἀσφαλέστερον δὲ καὶ δυσανατρεπτότερον ἵστασθαι τῶν ἀκριβῶς ἐχόντων τὰ σκέλη ὀρθά.	οὗτος γάρ συμβαίνω ἀναγκαῖος εἰμί ὁ ἄκρον αὐτός ,  πρός πούς πρός ὁ εἴσω χώρα , ὅς εἰς ὁ ὁ στάσις ἑδραῖος οὐ μικρός συντελέω , ὥστε καί αὐτός ὁ κατά φύσις ἔχω ὁ  ἤ  ὀνομάζω , ἀσφαλής δέ καί   ὁ ἀκριβής ἔχω ὁ σκέλος ὀρθός .
186570	tlg0057.tlg095.1st1K-grc1	δηλοῦται δὲ τοῦτο κἀξ ὧν Ἀρχίλοχος εἶπεν, οὐ φιλέω μέγαν στρατηγὸν, οὐδὲ διαπεπηγμένον, ἀλλ’ ὅς μοι, φησὶ, μακρὸς εἵη καὶ περὶ κνήμας ἰδεῖν ῥοικοὺς, ἀσφαλέως βεβηκὼς ποσὶ, καρδίας πλέως.	δηλόω δέ οὗτος ἐκ ὅς Ἀρχίλοχος λέγω , οὐ φιλέω μέγας στρατηγός , οὐδέ  , ἀλλά ὅς  , φημί , μακρός ἵημι καί περί κνήμη ὁράω  , ἀσφαλής βαίνω πούς , καρδία πλέως .
186571	tlg0057.tlg095.1st1K-grc1	οὐ μὴν εἴς τε τὰ προκείμενα νῦν ἡμῖν ἡ ἀκρίβεια συντελεῖ τῆς εὑρέσεως τοῦ σημαινομένου πρὸς τῆς κυλλὸν φωνῆς.	οὐ μήν εἰμί τε ὁ  νῦν ἐγώ ὁ ἀκρίβεια συντελέω ὁ εὕρεσις ὁ σημαίνω πρός ὁ  φωνή .
186572	tlg0057.tlg095.1st1K-grc1	ἐκ τοῦ λόγου πάντως γίνεται δῆλον ὡς Ἱπποκράτης οὐκ ἄδηλός ἐστιν.	ἐκ ὁ λόγος πᾶς γίγνομαι δῆλος ὡς Ἱπποκράτης οὐ  εἰμί .
186573	tlg0057.tlg095.1st1K-grc1	ὅταν γοῦν εἰς τὴν ἐκτὸς χώραν μεταστῇ τὸ ἄρθρον, ἵστασθαί φησι δύνασθαι τούτους μᾶλλον ἢ εἰ ὀπίσω μετασταίη.	ὅταν γοῦν εἰς ὁ ἐκτός χώρα μεθίστημι ὁ ἄρθρον ,  φημί δύναμαι οὗτος μᾶλλον ἤ εἰ ὀπίσω μεθίστημι .
186574	tlg0057.tlg095.1st1K-grc1	κατὰ θάτερον γὰρ ὁ ποὺς γίνεται τῷ παντὶ σώματι τοῖς ἔξω μετεστηκὸς ἔχουσι τὸ κατ’ ἰσχίον ἄρθρον.	κατά  γάρ ὁ πούς γίγνομαι τῷ πᾶς σῶμα ὁ ἔξω  ἔχω ὁ κατά ἰσχίον ἄρθρον .
186575	tlg0057.tlg095.1st1K-grc1	ἀποκεχώρηκε δὲ τῆς εὐθυωρίας ἐκτὸς, οἷς ἐβλήθη τὸ σκέλος.	δέ ὁ  ἐκτός , ὅς βάλλω ὁ σκέλος .
186576	tlg0057.tlg095.1st1K-grc1	ἴσμεν δὲ καὶ αὐτῶν τῶν ἀνθρώπων ὅσοι φύσει βλασσότεροι χεῖρον ἱσταμένους ἅπαντας καὶ μήτε θεῖν ὠκέως δυναμένους εὐανατρέπτους τε γινομένους καὶ καταπίπτοντας ἑτοίμως ἐπὶ σμικραῖς προφάσεσι.	οἶδα δέ καί αὐτός ὁ ἄνθρωπος ὅσος φύσις  χείρων ἵστημι ἅπας καί μήτε θέω ὠκύς   τε  καί καταπίπτω ἑτοῖμος ἐπί μικρός πρόφασις .
186577	tlg0057.tlg095.1st1K-grc1	ταύτην οὖν τὴν διαφορὰν τῶν πραγμάτων μεγίστην μὲν δύναμιν ἔχειν ἐν τῷ ἰσχίῳ, δευτέρανδ’ ἐν τῷ γόνατι, καὶ τρίτην ἐν τῷ σφυρῷ·	οὗτος οὖν ὁ διαφορά ὁ πρᾶγμα μέγας μέν δύναμις ἔχω ἐν ὁ ἰσχίον , δεύτερος δ’ ἐν ὁ γόνυ , καί τρίτος ἐν ὁ  ·
186578	tlg0057.tlg095.1st1K-grc1	κατὰ γὰρ τὸ μέγεθος δηλονότι τῆς διαρθρώσεως καὶ τῆς βλάβης ἕπεται μέγεθος.	κατά γάρ ὁ μέγεθος  ὁ  καί ὁ βλάβη  μέγεθος .
186579	tlg0057.tlg095.1st1K-grc1	ἐκ τούτων οὖν δῆλον ὡς ἄμεινον ἵστανται καὶ βαδίζουσιν οἷς εἰς τὴν ἔξω χώραν ὤλισθεν ἡ κεφαλὴ τοῦ μηροῦ, περὶ ἧς ὀλίγον ὕστερον ἐρεῖ.	ἐκ οὗτος οὖν δῆλος ὡς ἀμείνων ἵστημι καί βαδίζω ὅς εἰς ὁ ἔξω χώρα ὀλισθάνω ὁ κεφαλή ὁ μηρός , περί ὅς ὀλίγος ὕστερον λέγω .
186580	tlg0057.tlg095.1st1K-grc1	Ἥ γε μὴν ξυναύξησις τῶν ὀστέων τοιήδε γίνεται·	γε μήν συναύξησις ὁ ὀστέον τοιόσδε γίγνομαι ·
186581	tlg0057.tlg095.1st1K-grc1	οἷσι μὲν οὖν κατὰ τὸ σφυρὸν ὀστέον τὸ τῆς κνήμης ἐκστῇ, τούτοισι μὲν τὰ τοῦ ποδὸς ὀστέα ἥκιστα ξυναύξεται.	μέν οὖν κατά ὁ σφυρόν ὀστέον ὁ ὁ κνήμη ἐξίστημι , οὗτος μέν ὁ ὁ πούς ὀστέον ἥκιστος  .
186582	tlg0057.tlg095.1st1K-grc1	ταῦτα γὰρ ἐγγυτάτω τοῦ τρώματός εἰσι, τὰ δὲ τῆς κνήμης ὀστέα αὔξεται μὲν, οὐ πολὺ δὲ ἐνδεεστέρως.	οὗτος γάρ ἐγγύς ὁ τραῦμα εἰμί , ὁ δέ ὁ κνήμη ὀστέον  μέν , οὐ πολύς δέ  .
186583	tlg0057.tlg095.1st1K-grc1	αἱ μέντοι σάρκες μινύθουσιν, οἷσιδ’ ἂν κατὰ μὲν τὸ σφυρὸν μένῃ τὸ ἄρθρον κατὰ φύσιν, κατὰ δὲ τὸ γόνυ ἐξεστήκῃ, τούτοισι τὸ τῆς κνήμης ὀστέον οὐκ ἐθέλει ξυναύξεσθαι ὁμοίως, ἀλλὰ βραχύτατον γίνεται.	ὁ  σάρξ μινύθω , ὅς δ’ ἄν κατά μέν ὁ σφυρόν μένω ὁ ἄρθρον κατά φύσις , κατά δέ ὁ γόνυ ἐξίστημι , οὗτος ὁ ὁ κνήμη ὀστέον οὐ ἐθέλω συναυξάνω ὅμοιος , ἀλλά βραχύς γίγνομαι .
186584	tlg0057.tlg095.1st1K-grc1	τοῦτο γὰρ ἐγγυτάτω τοῦ τρώματός ἐστιν·	οὗτος γάρ  ὁ τραῦμα εἰμί ·
186585	tlg0057.tlg095.1st1K-grc1	τοῦ μέντοι ποδὸς τὰ ὀστέα μινύθει μὲν, ἀτὰρ οὐχ ὁμοίως ὥσπερ ὀλίγον τι πρόσθεν εἴρηται, ὅτι τὸ ἄρθρον τὸ παρὰ τὸν πόδα σῶόν ἐστιν.	ὁ  πούς ὁ ὀστέον μινύθω μέν ,  οὐ ὅμοιος ὥσπερ ὀλίγος τις πρόσθεν λέγω , ὅτι2 ὁ  ὁ παρά ὁ πούς  εἰμί .
186586	tlg0057.tlg095.1st1K-grc1	εἰ δὲ οἱ χρέεσθαι ἠδύναντο, ὥσπερ καὶ τῷ κυλλῷ, ἔτι ἂν ἧσσον ἐμινύθη τὰ τοῦ ποδὸς ὀστέα τούτοισιν.	εἰ δέ ἕ χράομαι δύναμαι , ὥσπερ καί τῷ  , ἔτι ἐάν ἥσσων  ὁ ὁ πούς ὀστέον οὗτος .
186587	tlg0057.tlg095.1st1K-grc1	οἷσι δ’ ἂν κατὰ τὸ ἰσχίον ἐξάρθρησις γένηται, τούτοισι τοῦ μηροῦ τὸ ὀστέον οὐκ ἐθέλει ξυναύξεσθαι ὁμοίως τοῦτο γὰρ ἐγγυτάτω τοῦ τρώματός ἐστιν, ἀλλὰ βραχύτερον τοῦ ὑγιέος γίνεται.	ὅς  ἐάν κατά ὁ ἰσχίον ἐξάρθρησις γίγνομαι , οὗτος ὁ μηρός ὁ ὀστέον οὐ ἐθέλω συναυξάνω ὅμοιος οὗτος γάρ  ὁ τραῦμα εἰμί , ἀλλά βραχύς ὁ  γίγνομαι .
186588	tlg0057.tlg095.1st1K-grc1	τὰ μέντοι τῆς κνήμης ὀστέα οὐχ ὁμοίως τούτοισιν ἀναυξέα γίνεται, οὐδὲ τὰ τοῦ ποδός.	ὁ  ὁ κνήμη ὀστέον οὐ ὅμοιος οὗτος ἀναυξής γίγνομαι , οὐδέ ὁ ὁ πούς .
186589	tlg0057.tlg095.1st1K-grc1	διὰ τοῦτο δὴ ὅτι τὸ τοῦ μηροῦ ἄρθρον τὸ κατὰ τὴν κνήμην ἐν τῇ ἑωυτοῦ φύσει μένει καὶ τὸ παρὰ τὸν πόδα.	διά οὗτος δή ὅτι2 ὁ ὁ μηρός ἄρθρον ὁ κατά ὁ κνήμη ἐν ὁ ἑαυτοῦ φύσις μένω καί ὁ παρά ὁ πούς .
186590	tlg0057.tlg095.1st1K-grc1	σάρκες μέντοι χρέεσθαι τῷ σκέλει ἐδύναντο, ἔτι ἂν μᾶλλον τὰ ὀστέα ξυνηυξάνετο, ὡς καὶ πρόσθεν εἴρηται, πλὴν τοῦ μηροῦ, καὶ ἧσσον ἄσαρκα ἔῃ.	σάρξ  χράομαι τῷ σκέλος δύναμαι , ἔτι ἐάν μᾶλλον ὁ ὀστέον συναυξάνω , ὡς καί πρόσθεν λέγω , πλήν ὁ μηρός , καί ἥσσων  εἰμί .
186591	tlg0057.tlg095.1st1K-grc1	ἀσαρκότερα δὲ πολλῷ ἢ ὑγιέα ἦν.	ἄσαρκος δέ πολύς τίη  εἰμί .
186592	tlg0057.tlg095.1st1K-grc1	σημήϊον δὲ ὅτι τοιαῦτά ἐστιν.	σημεῖον δέ ὅτι2  εἰμί .
186593	tlg0057.tlg095.1st1K-grc1	ὁκόσοισι γὰρ τοῦ βραχίονος ἐκπεσόντος γαλιάγκωνες ἐγένοντο ἐκ γενεῆς ἢ καὶ ἐν αὐξήσει πρὶν τελειωθῆναι, οὗτοι τὸ μὲν ὀστέον τοῦ βραχίονος βραχὺ ἴσχουσι, τὸν δὲ πῆχυν καὶ ἄκρην τὴν χεῖρα ὀλίγῳ ἐνδεεστέρην τοῦ ὑγιέος διὰ ταύτας τὰς προφάσιας τὰς εἰρημένας, ὅτι ὁ μὲν βραχίων ἐγγυτάτω τοῦ ἄρθρου τοῦ τρώματός ἐστιν, ὥστε διὰ τοῦτο βραχύτερος γέγονεν.	γάρ ὁ  ἐκπίπτω γαλιάγκων γίγνομαι ἐκ γενεά ἤ καί ἐν αὐξάνω πρίν τελειόω , οὗτος ὁ μέν ὀστέον ὁ βραχίων βραχύς ἴσχω , ὁ δέ πῆχυς καί ἄκρος ὁ χείρ ὀλίγος ἐνδεής ὁ ὑγιής διά οὗτος ὁ πρόφασις ὁ  , ὅτι2 ὁ μέν βραχύς  ὁ  ὁ τραῦμα εἰμί , ὥστε διά οὗτος βραχύς γίγνομαι .
186594	tlg0057.tlg095.1st1K-grc1	ὁ δ’ αὖ πῆχυς διὰ τοῦτο οὐχ ὁμοίως ἐνακούει τῆς ξυμφορῆς, ὅτι τὸ τοῦ βραχίονος ἄρθρον τὸ πρὸ τοῦ πήχεος ἐν τῇ ἀρχαίῃ φύσει μένει, ἥ τε αὖ χεὶρ ἔτι τηλοτέρω ἄπεστιν ἢ ὁ πῆχυς ἀπὸ τῆς ξυμφορῆς.	ὁ  αὖ  διά οὗτος οὐ ὅμοιος ἐνακούω ὁ συμφορά , ὅτι2 ὁ ὁ βραχίων ἄρθρον ὁ πρό ὁ  ἐν ὁ  φύσις μένω , ὁ τε αὖ χείρ ἔτι  ἄπειμι τίη ὁ πῆχυς ἀπό ὁ συμφορά .
186595	tlg0057.tlg095.1st1K-grc1	διὰ ταύτας οὖν τὰς εἰρημένας προφάσιας τῶν ὀστέων τά τε μὴ συναυξόμενα οὐ συναύξεται, τό τε ξυναυξόμενον ξυναύξεται.	διά οὗτος οὖν ὁ  πρόφασις ὁ ὀστέον ὁ τε μή  οὐ συναυξάνω , ὁ τε   .
186596	tlg0057.tlg095.1st1K-grc1	ἐς δὲ τὸ εὔσαρκον τῇ χειρὶ καὶ τῷ βραχίονι ἡ ταλαιπωρίη τῆς χειρὸς μέγα προσωφελήσει.	εἰς δέ ὁ  ὁ χείρ καί τῷ βραχύς ὁ  ὁ χείρ μέγας προσωφελέω .
186597	tlg0057.tlg095.1st1K-grc1	ὅσα γὰρ χειρῶν ἔργα ἐστὶ, τὰ πλεῖστα προθυμέονται οἱ γαλιάγκωνες ἐργάζεσθαι τῇ χειρὶ ταύτῃ, ὅσα καὶ τῇ ἑτέρῃ δύνανται, οὐδὲν ἐνδεεστέρως τῆς ἀσινέος.	ὅσος γάρ χείρ ἔργον εἰμί , ὁ πλεῖστος  ὁ γαλιάγκων ἐργάζομαι ὁ χείρ οὗτος , ὅσος καί ὁ ἕτερος δύναμαι , οὐδείς  ὁ  .
186598	tlg0057.tlg095.1st1K-grc1	οὐ γὰρ δεῖ ὀχέεσθαι τὸ σῶμα ἐπὶ τῶν χειρῶν, ὡς ἐπὶ τῶν σκελέων, ἀλλὰ κοῦφα αὐτοῖσι τὰ ἔργα ἐστί.	οὐ γάρ δέω ὀχέω ὁ σῶμα ἐπί ὁ χείρ , ὡς ἐπί ὁ σκέλος , ἀλλά κοῦφος αὐτός ὁ ἔργον εἰμί .
186599	tlg0057.tlg095.1st1K-grc1	διὰ δὲ τὴν χρῆσιν οὐ μινύθουσιν αἱ σάρκες αἱ κατὰ τὴν χεῖρα καὶ κατὰ τὸν πῆχυν τοῖσι γαλιάγκωσιν, ἀλλὰ καὶ ὁ βραχίων τι προσωφελέεται ἐς εὐσαρκίην διὰ ταῦτα.	διά δέ ὁ χρῆσις οὐ μινύθω ὁ σάρξ ὁ κατά ὁ χείρ καί κατά ὁ πῆχυς ὁ γαλιάγκων , ἀλλά καί ὁ  τι προσωφελέω εἰς εὐσαρκία διά οὗτος .
186600	tlg0057.tlg095.1st1K-grc1	ὅταν δὲ ἰσχίον ἐκπαλὲς γένηται ἐς τὸ εἴσω μέρος ἐκ γενεῆς ἢ καὶ ἔτι νηπίῳ ἐόντι μινύθουσι αἱ σάρκες, διὰ τοῦτο μᾶλλον ἢ τῆς χειρὸς ὅτι οὐ δύνανται χρέεσθαι τῷ σκέλει.	ὅταν δέ ἰσχίον ἐκπαλής γίγνομαι εἰς ὁ εἴσω μέρος ἐκ γενεά ἤ καί ἔτι  εἰμί μινύθω ὁ σάρξ , διά οὗτος μᾶλλον τίη ὁ χείρ ὅτι2 οὐ δύναμαι χράομαι τῷ σκέλος .
186601	tlg0057.tlg095.1st1K-grc1	Σαφὴς οὗτός ἐστιν ἅπαξ ὁ ἐφεξῆς λόγος αὐτῷ κεφάλαια μὲν ἔχων τῆς διδασκαλίας δὴ ταῦτα.	εἰμί ἅπαξ ὁ ἐφεξῆς λόγος αὐτός κεφάλαιος μέν ἔχω ὁ διδασκαλία δή οὗτος .
186602	tlg0057.tlg095.1st1K-grc1	τῶν ἐξεστηκότων τῆς οἰκείας ἕδρας ἄρθρων τὰ μὲν ἐγγύτερον μᾶλλον ἀναυξῆ καὶ ἄτροφα γίγνεσθαι, τὰδ’ ἄποθεν ἧττον.	ὁ ἐξίστημι ὁ  ἕδρα ἄρθρον ὁ μέν  μᾶλλον  καί ἄτροφος γίγνομαι , ὁ δ’ ἄποθεν ἥσσων .
186603	tlg0057.tlg095.1st1K-grc1	ἐπὶ δὲ τῶν ἐξαρθρήσεων τοῦ μηροῦ πολὺ μᾶλλον ἤπερ ἐπὶ τῶν ἔξω καὶ ἄναυξες καὶ ἄτροφον ἀποτελεῖται τὸ κῶλον, διότι καὶ χεῖρον οὖν οὗτοι κινοῦνται καὶ μᾶλλον κωλύουσι.	ἐπί δέ ὁ  ὁ μηρός πολύς μᾶλλον ἤ ἐπί ὁ ἔξω καί  καί  ἀποτελέω ὁ κῶλον , διότι καί χείρων οὖν οὗτος κινέω καί μᾶλλον κωλύω .
186604	tlg0057.tlg095.1st1K-grc1	λέγει δὲ καὶ ἐπὶ τῶν γαλιαγκώνων, οὕτωδ’ αὐτὸν ὀνομάζειν τοὺς βραχὺν ἔχοντας τὸν βραχίονα ἔφην, διὰ τὴν εἰς μασχάλην ἐκπτώσιν, ὅταν ἔτι αὐξανομένων τῶν σωμάτων τοῦτο παθοῦσι.	λέγω δέ καί ἐπί ὁ γαλιάγκων , οὕτως δ’ αὐτός ὀνομάζω ὁ βραχύς ἔχω ὁ βραχίων φημί , διά ὁ εἰς μασχάλη  , ὅταν ἔτι  ὁ σῶμα οὗτος  .
186605	tlg0057.tlg095.1st1K-grc1	τούτους οὖν φησι τοὺς γαλιάγκωνας ἧττον βλάπτεσθαι τὴν ὅλην χεῖρα, βλαπτόμενον τὸ σκέλος ἅπαν, ὅταν ἐκπαλαίσωσι τὸ κατ’ ἰσχίον ἄρθρον, ὅτι πολλὰ τῶν κατὰ τὸν βίον ἔργων ἱκανῶς διαπονοῦσιν οὐ δυναμένων ὁμοίως τούτοις χρῆσθαι τῷ σκέλει, οἷς ἐξεπάλαισαν ἔσω τὸ κατ’ ἰσχίον ἄρθρον.	οὗτος οὖν φημί ὁ  ἥσσων βλάπτω ὁ ὅλος χείρ ,  ὁ σκέλος ἅπας , ὅταν  ὁ κατά ἰσχίον ἄρθρον , ὅτι2 πολύς ὁ κατά ὁ βίος ἔργον ἱκανός  οὐ  ὅμοιος οὗτος χράω2 τῷ σκέλος , ὅς  εἴσω ὁ κατά ἰσχίον  .
186606	tlg0057.tlg095.1st1K-grc1	Μαρτύριον δέ τι ἓν ἔσται ἐν τοῖσιν ὀλίγον ὕστερον εἰρησομένοισιν, ὅτι ταῦτα τοιαῦτά ἐστι.	μαρτύριον δέ τι   ἐν ὁ ὀλίγος ὕστερον  , ὅτι2 οὗτος  εἰμί .
186607	tlg0057.tlg095.1st1K-grc1	Τίνα λέγει τοιαῦτα τὰ ἔκτεινε, καίτοι τὸ μαρτύριον ἐρεῖν ἐπαγγέλλεται;	λέγω τοιοῦτος ὁ ἐκτείνω ,  ὁ μαρτύριον  ἐπαγγέλλω ;
186608	tlg0057.tlg095.1st1K-grc1	ὅτι καὶ τῶν παρὰ φύσιν ἐχόντων αὐτῶν τὰ μὲν ἧττον κινούμενα μᾶλλον ἀναυξῆ καὶ ἄτροφα γίγνεται.	ὅτι2 καί ὁ παρά φύσις ἔχω αὐτός ὁ μέν ἥσσων κινέω μᾶλλον  καί  γίγνομαι .
186609	tlg0057.tlg095.1st1K-grc1	ἐπηγγείλατο μὲν ὁ αὐτὸς δείξειν ὁ Ἱπποκράτης ἐπὶ τῶν ὀλίγον ὕστερον εἰρησομένων.	ἐπαγγέλλω μέν ὁ αὐτός δείκνυμι ὁ Ἱπποκράτης ἐπί ὁ ὀλίγος ὕστερον  .
186610	tlg0057.tlg095.1st1K-grc1	ἐγὼ δ’ ὅταν ἐπὶ τῶν λέξεων ἔνεστι τοῦτο πράττειν, τηνικαῦτα ἀναμνήσω τοῦ λόγου.	ὅταν ἐπί ὁ λέξις ἔνειμι οὗτος πράσσω , τηνικαῦτα ἀναμιμνήσκω ὁ λόγος .
186611	tlg0057.tlg095.1st1K-grc1	Ὁκόσοισι δ’ ἂν ἐς τὸ ἔξω ἡ τοῦ μηροῦ κεφαλὴ ἐκβῇ, τούτοισι βραχύτερον μὲν τὸ σκέλος φαίνεται, παρατεινόμενον παρὰ τὸ ἕτερον εἰκότως·	ἐάν εἰς ὁ ἔξω ὁ ὁ μηρός κεφαλή ἐκβαίνω , οὗτος βραχύς μέν ὁ σκέλος φαίνω , παρατείνω παρά ὁ ἕτερος εἰκός ·
186612	tlg0057.tlg095.1st1K-grc1	οὐ γὰρ ἐπ’ ὀστέον ἡ ἐπίβασις τῆς κεφαλῆς τοῦ μηροῦ ἐστιν, ὡς ὅτε εἴσω ἐξέπιπτεν, ἀλλὰ παρ’ ὀστέον παρεγκεκλιμένην τὴν φύσιν ἔχον, ἐν σαρκὶ δὲ στηρίζεται ὑγρῇ καὶ ὑπεικούσῃ, διὰ τοῦτο μὲν βραχύτερον φαίνεται.	οὐ γάρ ἐπί ὀστέον ὁ ἐπίβασις ὁ κεφαλή ὁ μηρός εἰμί , ὡς ὅτε εἴσω ἐκπίπτω , ἀλλά παρά ὀστέον  ὁ φύσις ἔχω , ἐν σάρξ δέ στηρίζω ὑγρός καί ὑπείκω , διά οὗτος μέν βραχύς φαίνω .
186613	tlg0057.tlg095.1st1K-grc1	ἔσωθεν δὲ ὁ μηρὸς παρὰ τὴν πληχάδα καλεομένην κυλλότερος καὶ ἀσαρκότερος γίνεται, ἔξωθεν δὲ ὁ γλουτὸς κυρτότερος, ἅτε ἐς τὸ ἔξω τῆς κεφαλῆς τοῦ μηροῦ ὠλισθηκυΐας·	ἔσωθεν δέ ὁ μηρός παρά ὁ  καλέω  καί ἄσαρκος γίγνομαι , ἔξωθεν δέ ὁ   , ἅτε εἰς ὁ ἔξω ὁ κεφαλή ὁ μηρός  ·
186614	tlg0057.tlg095.1st1K-grc1	ἀτὰρ καὶ ἀνωτέρω φαίνεται ὁ γλουτὸς, ἅτε ὑπειξάσης τῆς σαρκὸς τῆς ἐνταῦθα τῇ τοῦ μηροῦ κεφαλῇ, τὸ δὲ παρὰ τὸ γόνυ τοῦ μηροῦ ἄκρον εἴσω ῥέπον φαίνεται καὶ ἡ κνήμη καὶ ὁ πούς.	καί ἄνω φαίνω ὁ  , ἅτε  ὁ σάρξ ὁ ἐνταῦθα ὁ ὁ μηρός κεφαλή , ὁ δέ παρά ὁ γόνυ ὁ μηρός ἄκρος  ῥέπω φαίνω καί ὁ κνήμη καί ὁ  .
186615	tlg0057.tlg095.1st1K-grc1	Περὶ τῆς δευτέρας διαφορᾶς τῶν εἰς τὸ ἰσχίον ἐξαρθρήσεων ὁ λόγος αὐτῷ νῦν ἐστι, τὰ φαινόμενα νοσήματα διηγουμένῳ καὶ τὰς αἰτίας αὐτῶν προστιθέντι, καθάπερ ἐπὶ τῶν πασῶν ἐποίησεν ἐμπειρικῆς διδασκαλίας οὔτε ἀπολιπών τι.	περί ὁ δεύτερος διαφορά ὁ εἰς ὁ ἰσχίον  ὁ λόγος αὐτός νῦν εἰμί , ὁ φαίνω νόσημα  καί ὁ αἰτία αὐτός  , καθά ἐπί ὁ πᾶς ποιέω  διδασκαλία οὔτε ἀπολείπω τις .
186616	tlg0057.tlg095.1st1K-grc1	σαφὴς δὲ καὶ οὗτος ὁ λόγος ἐστὶ σύμπας.	σαφής δέ καί οὗτος ὁ λόγος εἰμί σύμπας .
186617	tlg0057.tlg095.1st1K-grc1	Ἀτὰρ οὐδὲ ξυγκάμπτειν ὥσπερ τὸ ὑγιὲς σκέλος δύνανται.	οὐδέ συγκάμπτω ὥσπερ ὁ ὑγιής σκέλος δύναμαι .
186618	tlg0057.tlg095.1st1K-grc1	τὰ μὲν οὖν σημήϊα ταῦτα τοῦ ἔξω ἐκπεπτωκότος μηροῦ εἰσι.	ὁ μέν οὖν  οὗτος ὁ ἔξω ἐκπίπτω μηρός εἰμί .
186619	tlg0057.tlg095.1st1K-grc1	Καὶ τοῦτο γίνεται τῶν ὄπισθεν μυῶν ἀντιβαινόντων τῇ κάμψει διὰ τὸ μὴ δύνασθαι μέχρι πλείστου τὴν ἔκτασιν ὑπομένειν ἐν τῷ τοιούτῳ σχήματι.	καί οὗτος γίγνομαι ὁ ὄπισθεν μῦς  ὁ κάμπτω διά ὁ μή δύναμαι μέχρι πλεῖστος ὁ ἔκτασις ὑπομένω ἐν ὁ τοιοῦτος σχῆμα .
186620	tlg0057.tlg095.1st1K-grc1	Οἷσι μὲν οὖν τετελειωμένοισιν ἤδη ἐκπεσὸν τὸ ἄρθρον μὴ ἐμπέσῃ, τούτοισι βραχύτερον μὲν φαίνεται τὸ σύμπαν σκέλος, ἐν δὲ τῇ ὁδοιπορίῃ τῇ μὲν πτέρνῃ οὐ δύνανται καθικνέεσθαι ἐπὶ τῆς γῆς, τῷ δὲ στήθει τοῦ ποδὸς βαίνουσι ἐπὶ τὴν γῆν.	μέν οὖν  ἤδη  ὁ ἄρθρον μή ἐμπίπτω , οὗτος βραχύς μέν φαίνω ὁ σύμπας σκέλος , ἐν δέ ὁ ὁδοιπορία ὁ μέν πτέρνη οὐ δύναμαι καθικνέομαι ἐπί ὁ γῆ , τῷ δέ στῆθος ὁ πούς βαίνω ἐπί ὁ γῆ .
186621	tlg0057.tlg095.1st1K-grc1	ὀλίγον δὲ εἰς τὸ ἔσω μέρος ῥέπουσι τοῖσι δακτύλοισιν ἄκροισιν.	ὀλίγος δέ εἰς ὁ εἴσω μέρος ῥέπω ὁ δάκτυλος ἄκρος .
186622	tlg0057.tlg095.1st1K-grc1	ὀχέειν δὲ δύναται τὸ σῶμα τὸ σιναρὸν σκέλος τούτοισι πολλῷ μᾶλλον ἢ οἷσιν ἂν ἐς τὸ ἔσω μέρος ἐκπεπτώκῃ, ἅμα μὲν ὅτι ἡ κεφαλὴ τοῦ μηροῦ καὶ ὁ αὐχὴν τοῦ ἄρθρου πλάγιος φύσει πεφυκὼς ὑπὸ συχνῷ μέρει τοῦ ἰσχίου τὴν ὑπόστασιν πεποίηται, ἅμα δὲ ἄκρος ὁ ποὺς οὐκ ἐς τὸ ἔξω μέρος ἀναγκάζεται ἐγκεκλεῖσθαι, ἀλλ’ ἐγγύς ἐστι τῆς ἰθυωρίης τῆς κατὰ τὸ σῶμα καὶ τείνει καὶ ἐσωτέρω.	ὀχέω δέ δύναμαι ὁ σῶμα ὁ σιναρός σκέλος οὗτος πολύς μᾶλλον ἤ ὅς ἀνά εἰς ὁ εἴσω μέρος  , ἅμα μέν ὅτι2 ὁ κεφαλή ὁ μηρός καί ὁ αὐχήν ὁ  πλάγιος φύσις φύω ὑπό συχνός μέρος ὁ  ὁ ὑπόστασις ποιέω , ἅμα δέ ἄκρος ὁ πούς οὐ εἰς ὁ ἔξω μέρος ἀναγκάζω  , ἀλλά ἐγγύς εἰμί ὁ εὐθυωρία ὁ κατά ὁ σῶμα καί τείνω καί εἴσω .
186623	tlg0057.tlg095.1st1K-grc1	Στῆθος ποδὸς εἴρηκε τὸ καλούμενον ἐπὶ τῶν ἀνατομικῶν πεδίον, ἔστι δὲ τοῦτο πρὸ τῆς τῶν δακτύλων ἀρχῆς, ἐπὶ γὰρ τῶν κατὰ φύσιν ἐσχηματισμένων ποδῶν τὸ μέσον κοῖλόν ἐστιν, ὀπίσω μὲν ὁριζόμενον τῷ τῆς πτέρνης πέρατι, κατὰ δὲ τὰ πρόσω τῇ ἀρχῇ τοῦ πεδίου, ὥστε ἐπὶ μέν τι τῆς γῆς στηρίζεσθαι τὸν πόδα διά τε τῆς πτέρνης καὶ τοῦ πεδίου καὶ τῶν ποδῶν καὶ τῆς ἐν τῷ πέρατι τῶν δακτύλων ὑποκάτω σαρκὸς μετέωρον εἶναι, τὸδ’ ἄλλο πᾶν τοῦ ποδὸς ὅσον ἐν τῷ μεταξὺ τῶν εἰρημένων μορίων ἐστὶ, πλὴν κατὰ τὸ ἔξω τοῦ ποδός ἐστιν·	πούς λέγω ὁ καλέω ἐπί ὁ  πεδίον , εἰμί δέ οὗτος πρό ὁ ὁ δάκτυλος ἀρχή , ἐπί γάρ ὁ κατά φύσις  πούς ὁ μέσος κοῖλος εἰμί , ὀπίσω μέν ὁρίζω τῷ ὁ πτέρνα πέρας , κατά δέ ὁ πρόσω ὁ ἀρχή ὁ πεδίον , ὥστε ἐπί μέν τι ὁ γῆ  ὁ πούς διά τε ὁ πτέρνα καί ὁ πεδίον καί ὁ πούς καί ὁ ἐν ὁ πέρας ὁ   σάρξ  εἰμί , ὁ δ’ ἄλλος πᾶς ὁ πούς ὅσος ἐν ὁ  ὁ λέγω μόριον εἰμί , πλήν κατά ὁ ἔξω ὁ πούς εἰμί ·
186624	tlg0057.tlg095.1st1K-grc1	ἐνταῦθα γὰρ ὅλος ἐπὶ γῆς στηρίζεται.	ἐνταῦθα γάρ ὅλος ἐπί γῆ στηρίζω .
186625	tlg0057.tlg095.1st1K-grc1	μοχθηρῶς δ’ ἐνίοις διαπέπλασται τὰ κατὰ τοὺς πόδας οὓς ὀνομάζουσι λειόποδας οὐκ ἔχοντας τὸ μέσον αὐτῶν ἔνδοθεν ὑψηλόν·	μοχθηρός  ἔνιοι  ὁ κατά ὁ πούς  ὀνομάζω  οὐ ἔχω ὁ μέσος αὐτός ἔνδον ὑψηλός ·
186626	tlg0057.tlg095.1st1K-grc1	ἀλλὰ τούτοις μὲν οὐκ ἄλλως διαπεπλασμένους, ὥσπερ καὶ τοὺς βλαισοὺς, ἐν τῷ νῦν λόγῳ κατέλιπε.	ἀλλά οὗτος μέν οὐ ἄλλος  , ὥσπερ καί ὁ  , ἐν τῷ νῦν λόγος καταλείπω .
186627	tlg0057.tlg095.1st1K-grc1	παρακολούθησον δὲ τοῖς ἐφεξῆς εἰρημένοις ἐξετάζων τὸν λόγον ἐπὶ τῶν κατὰ φύσιν ἐσχηματισμένων.	παρακολουθέω δέ ὁ ἐφεξῆς λέγω ἐξετάζω ὁ λόγος ἐπί ὁ κατά φύσις  .
186628	tlg0057.tlg095.1st1K-grc1	οὗτοι γὰρ ἐπειδὰν μὲν μετρίως προβαίνουσιν, ἐρείδουσι κατὰ τῆς γῆς ὅλην τε τὴν πτέρναν καὶ τὸ πεδίον καὶ τὰ σαρκώδη τῶν σκελῶν.	οὗτος γάρ ἐπεί μέν μέτριος  , ἐρείδω κατά ὁ γῆ ὅλος τε ὁ πτέρνα καί ὁ πεδίον καί ὁ  ὁ  .
186629	tlg0057.tlg095.1st1K-grc1	εἰ μέντοι μέγιστον διαβαίνειν ἐπιχειρήσειεν, ἐρείδουσι μὲν ἐν ἀρχῇ τὴν πτέρναν, ὕστερον δ’ ὅταν ἤδη μεταφέρωσι πρὸς τὸ ἕτερον σκέλος, τηνικαῦτα καὶ τῷ πεδίῳ στηρίζονται καὶ τελευτῶντες ὅταν ὁμοίως ἐπὶ πλεῖστον προβαίνοντες θατέρῳ, κατὰ γῆς ἄρχονται τὴν πτέρναν ἐρείδειν, τότε καὶ τοῦ πρότερον ἐστηριγμένου ποδὸς ἐπαίρουσι μὲν τὴν πτέρναν, ἐρείδουσι δὲ κατὰ τῆς γῆς ἄκρους τοὺς δακτύλους.	εἰ μέντοι μέγας διαβαίνω ἐπιχειρέω , ἐρείδω μέν ἐν ἀρχή ὁ πτέρνα , ὕστερον  ὅταν ἤδη  πρός ὁ ἕτερος σκέλος , τηνικαῦτα καί τῷ πεδίον  καί τελευτάω ὅταν ὅμοιος ἐπί πλεῖστος προβαίνω ἕτερος , κατά γῆ ἄρχω ὁ πτέρνα ἐρείδω , τότε καί ὁ   πούς ἐπαίρω μέν ὁ πτέρνα , ἐρείδω δέ κατά ὁ γῆ ἄκρος ὁ δάκτυλος .
186630	tlg0057.tlg095.1st1K-grc1	αὕτη μὲν ἡ τῶν κατὰ φύσιν ἐχόντων ὁδοιπορία·	οὗτος μέν ὁ ὁ κατά φύσις ἔχω ὁδοιπορία ·
186631	tlg0057.tlg095.1st1K-grc1	τῶν δ’ ἐκ πάθους τινὸς ἤτοι μακρότερον ἐχόντων τὸ σκέλος αἰτία μὲν ἑκατέρων διττὴ, τῶν μὲν προτέρων ὑγρότης πολλὴ τοῦ νευρώδους γέγονεν ἢ ἐξαρθρήματος εἶδος, ὅσον καὶ νῦν πρόκειται.	ὁ  ἐκ πάθος  ἤτοι  ἔχω ὁ σκέλος αἰτία μέν ἑκάτερος δισσός , ὁ μέν πρότερος  πολύς ὁ  γίγνομαι τίη  εἶδος , ὅσος καί νῦν πρόκειμαι .
186632	tlg0057.tlg095.1st1K-grc1	τρόπος δὲ βαδίσεως τῶν μὲν προτέρων οἷος ὀλίγον ἔμπροσθεν εἴρηται, τῶν δὲ δευτέρων ὁποῖον νῦν διηγεῖται.	τρόπος δέ βάδισις ὁ μέν πρότερος οἷος ὀλίγος  λέγω , ὁ δέ  ὁποῖος νῦν διηγέομαι .
186633	tlg0057.tlg095.1st1K-grc1	πρῶτον μὲν διδάξας ὅτι τὴν κεφαλὴν τοῦ μηροῦ σαρκῶδες ὑποδέχεται χωρίον, οὐχ ὥσπερ ἐπὶ τῆς ἑτέρας ἐκπτώσεως ὀστοῦ.	πρῶτος μέν διδάσκω ὅτι2 ὁ κεφαλή ὁ μηρός  ὑποδέχομαι χωρίον , οὐ ὥσπερ ἐπί ὁ ἕτερος ἔκπτωσις  .
186634	tlg0057.tlg095.1st1K-grc1	ἥκει τοιγαροῦν αὕτη τὸ σαρκῶδες τοῦτο καὶ τῶν μυῶν ἐπὶ τὴν ἰδίαν ἑκάστου κεφαλὴν ἀνασπωμένων συνανασπᾶσθαι συμβαίνει τὸν ὅλον μηρόν.	ἥκω  οὗτος ὁ  οὗτος καί ὁ μῦς ἐπί ὁ ἴδιος ἕκαστος κεφαλή   συμβαίνω ὁ ὅλος μηρός .
186635	tlg0057.tlg095.1st1K-grc1	εἰκότως οὖν ἔλαττόν σοι φαίνεται θατέρου τὸ σκέλος καὶ τῆς γῆς οὐκέθ’ ὁμοίως δύναται ψαύειν, ὡς ὅτ’ εἶχε κατὰ φύσιν.	εἰκός οὖν   φαίνω ἕτερος ὁ σκέλος καί ὁ γῆ  ὅμοιος δύναμαι ψαύω , ὡς  ἔχω κατά φύσις .
186636	tlg0057.tlg095.1st1K-grc1	ὅταν οὖν ἀναγκάζωνται βαδίζειν οἱ οὕτω παθόντες, ἐναντίως σχηματίζουσι τὸν πόδα τοῖς ἔμπροσθεν εἰρημένοις, ὧν μακρότερον ἐφαίνετο τοῦ κατὰ φύσιν ἔχοντος σκέλος τὸ πεπονθός.	ὅταν οὖν ἀναγκάζω βαδίζω ἕ οὕτως πάσχω , ἐναντίος σχηματίζω ὁ πούς ὁ ἔμπροσθεν λέγω , ὅς  φαίνω ὁ κατά φύσις ἔχω σκέλος ὁ πάσχω .
186637	tlg0057.tlg095.1st1K-grc1	ἐκεῖνοι μὲν γὰρ τῇ κατὰ τὸν ἀστράγαλον διαρθρώσει τὸν πόδα σιμοῦντες εἰς ὕψος ἀνέτειναν τοὺς δακτύλους, οὗτοι δ’ ἔμπαλιν ἐπινεύουσί τε καὶ κατακάμπτουσιν ἐπὶ τὴν γῆν τὸν πόδα καὶ διὰ τῶν δακτύλων ἄκρων αὐτῆς ἐπιψαῦσαι ποθοῦντες·	ἐκεῖνος μέν γάρ ὁ κατά ὁ ἀστράγαλος διαρθρόω ὁ πούς  εἰς ὕψος ἀνατείνω ὁ δάκτυλος , οὗτος  ἔμπαλιν  τε καί  ἐπί ὁ γῆ ὁ πούς καί διά ὁ δάκτυλος ἄκρον αὐτός ἐπιψαύω ποθέω ·
186638	tlg0057.tlg095.1st1K-grc1	διὰ τοῦτο δὲ καὶ ταπεινοῦσιν ἑαυτοὺς κατὰ τὸ πεπονθὸς ἰσχίον, ὅπως ἐρείσωνται κατὰ τῆς γῆς οὐ μόνον ἄκρους τοὺς δακτύλους, ἀλλὰ καὶ ἐπὶ πλέον αὐτῶν, ὥσπερ ἔφην ὀνομάζεσθαι πεδίον ὑπὸ τῶν ἀνατομικῶν.	διά οὗτος δέ καί ταπεινόω ἑαυτοῦ κατά ὁ πάσχω ἰσχίον , ὅπως  κατά ὁ γῆ οὐ μόνος ἄκρος ὁ δάκτυλος , ἀλλά καί ἐπί πολύς αὐτός , ὥσπερ φημί ὀνομάζω πεδίον ὑπό ὁ  .
186639	tlg0057.tlg095.1st1K-grc1	Ἱπποκράτης δὲ αὐτὸ στῆθος ἐκάλεσεν, εἰ καὶ τὴν πτέρναν ἐπὶ τῆς γῆς ἠθέλησεν ἑδράσαι, πάνυ χρὴ ταπεινοὺς αὐτοὺς γενέσθαι κατὰ τὸ πεπονθὸς ἰσχίον, ὡς κινδυνεῦσαι καταπεσεῖν, ἑτεροκλινεῖς ἀπεργασθέντας.	Ἱπποκράτης δέ αὐτός στῆθος καλέω , εἰ καί ὁ πτέρνα ἐπί ὁ γῆ ἐθέλω  , πάνυ χρή ταπεινός αὐτός γίγνομαι κατά ὁ πάσχω ἰσχίον , ὡς κινδυνεύω καταπίπτω ,   .
186640	tlg0057.tlg095.1st1K-grc1	οὗτοι τοίνυν οὐδ’ ἐπιχειροῦσι διὰ τοῦτ’ αὐτὸ χρῆσθαι τῇ πτέρνῃ.	οὗτος τοίνυν οὐδέ ἐπιχειρέω διά  αὐτός χράω2 ὁ πτέρνη .
186641	tlg0057.tlg095.1st1K-grc1	Ὅταν μὲν οὖν τρίβον λάβῃ τὸ ἄρθρον, ἐν τῇ σαρκὶ εἰς ἣν ἐξεκλείσθη, ἡ δὲ σὰρξ γλισχρανθῇ, ἀνώδυνον τῷ χρόνῳ γίνεται.	μέν οὖν τρίβος λαμβάνω ὁ ἄρθρον , ἐν ὁ σάρξ εἰς ὅς ἐκκλείω , ὁ δέ σάρξ  ,  τῷ χρόνος γίγνομαι .
186642	tlg0057.tlg095.1st1K-grc1	ὅταν δὲ ἀνώδυνον γένηται, δύνανται μὲν ὁδοιπορέειν ἄνευ ξύλου·	ὅταν δέ ἀνώδυνος γίγνομαι , δύναμαι μέν ὁδοιπορέω ἄνευ  ·
186643	tlg0057.tlg095.1st1K-grc1	ἢν ἄλλως βούλωνται, δύναται δὲ ὀχέειν τὸ σῶμα ἐπὶ τὸ σιναρὸν σκέλος.	ἐάν ἄλλος βούλομαι , δύναμαι δέ ὀχέω ὁ σῶμα ἐπί ὁ σιναρός σκέλος .
186644	tlg0057.tlg095.1st1K-grc1	δι’ οὖν τὴν χρῆσιν ἧσσον τοῖσι τοιούτοισιν ἐκθηλύνονται αἱ σάρκες ἢ οἷσιν ὀλίγον πρόσθεν εἴρηται.	διά οὖν ὁ χρῆσις ἥσσων ὁ τοιοῦτος ἐκθηλύνω ὁ σάρξ ἤ  ὀλίγος πρόσθεν λέγω .
186645	tlg0057.tlg095.1st1K-grc1	ἐκθηλύνονται δὲ ἢ πλεῖον ἢ ἔλασσον.	ἐκθηλύνω δέ τίη πλέως ἤ ἐλάσσων .
186646	tlg0057.tlg095.1st1K-grc1	μᾶλλον δ’ ἔτι ἐκθηλύνονται κατὰ τὸ εἴσω μέρος ἢ κατὰ τὸ ἔξω ὡς ἐπὶ τὸ πολύ.	μᾶλλον  ἔτι ἐκθηλύνω κατά ὁ εἴσω μέρος ἤ κατά ὁ ἔξω ὡς ἐπί ὁ πολύς .
186647	tlg0057.tlg095.1st1K-grc1	τὸ μέντοι ὑπόδημα μετεξέτεροι τούτων ὑποδέεσθαι οὐ δύνανται διὰ τὴν ἀκαμπίην τοῦ σκέλεος, οἱ δέ τινες καὶ δύνανται.	ὁ  ὑπόδημα μετεξέτεροι οὗτος ὑποδέω οὐ δύναμαι διά ὁ ἀκαμπία ὁ σκέλος , ὁ δέ τις καί δύναμαι .
186648	tlg0057.tlg095.1st1K-grc1	οἷσι δὲ ἂν ἐν γαστρὶ ἐοῦσιν ἐξαρθρήσῃ τοῦτο τὸ ἄρθρον ἢ ἔτι ἐν αὐξήσει ἐοῦσι βίῃ ἐκπεσὸν ἤδη μὴ διεμπέσῃ ἢ καὶ ὑπὸ νόσου ἐξαρθρήσῃ τοῦτο τὸ ἄρθρον καὶ ἐκπαλήσῃ, πολλὰ γὰρ τοιαῦτα γίνεται·	ὅς δέ ἄν ἐν γαστήρ εἰμί ἐξαρθρέω οὗτος ὁ ἄρθρον ἤ ἔτι ἐν αὐξάνω εἰμί βία  ἤδη μή  τίη καί ὑπό νόσος ἐξαρθρέω οὗτος ὁ ἄρθρον καί ἐκπαλέω , πολύς γάρ τοιοῦτος γίγνομαι ·
186649	tlg0057.tlg095.1st1K-grc1	καὶ ἐνίων μὲν τῶν τοιούτων, ἢν ἐπισφακελίσῃ ὁ μηρὸς, ἐκπυήματα χρόνια καὶ ἔμμοτα γίνεται καὶ ὀστέων ψιλώσιες ἐνίοισιν.	καί ἔνιοι μέν ὁ τοιοῦτος , ἐάν ἐπισφακελίζω ὁ μηρός ,   καί ἔμμοτος γίγνομαι καί  ψίλωσις ἔνιοι .
186650	tlg0057.tlg095.1st1K-grc1	ὁμοίως δὲ καὶ οἷσιν ἐπισφακελίζει καὶ οἷσι μὴ ἐπισφακελίζει τοῦ μηροῦ τὸ ὀστέον πολλῷ βραχύτερον γίνεται καὶ οὐκ ἐθέλει ξυναύξεσθαι, ὥσπερ τοῦ ὑγιέος.	ὅμοιος δέ καί ὅς ἐπισφακελίζω καί ὅς μή ἐπισφακελίζω ὁ μηρός ὁ ὀστέον πολύς βραχύς γίγνομαι καί οὐ ἐθέλω συναυξάνω , ὥσπερ ὁ ὑγιής .
186651	tlg0057.tlg095.1st1K-grc1	τὰ μέντοι τῆς κνήμης βραχύτερα μὲν γίνεται ἢ τὰ τῆς ἑτέρης, ὀλίγῳ δὲ διὰ τὰς αὐτὰς προφάσιας αἳ καὶ πρόσθεν εἴρηνται ὁδοιπορέειν τε δύνανται οἱ τοιοῦτοι.	ὁ  ὁ κνήμη βραχύς μέν γίγνομαι τίη ὁ ὁ ἕτερος , ὀλίγος δέ διά ὁ αὐτός πρόφασις ὁ καί πρόσθεν λέγω ὁδοιπορέω τε δύναμαι ὁ τοιοῦτος .
186652	tlg0057.tlg095.1st1K-grc1	οἱ μέν τινες αὐτῶν τοῦτον τὸν τρόπον, ὥσπερ τοῖς τετελειωμένοισιν ἐξέπεσε καὶ μὴ ἐνέπεσεν, οἱ δὲ καὶ βαίνουσι μὲν παντὶ τῷ ποδί.	ὁ μέν τις αὐτός οὗτος ὁ τρόπος , ὥσπερ ὁ  ἐκπίπτω καί μή ἐμπίπτω , ὁ δέ καί βαίνω μέν πᾶς ὁ πούς .
186653	tlg0057.tlg095.1st1K-grc1	Κατὰ μεταφορὰν εἴρηκε τρίβον ἀπὸ τῶν τετριμμένων χωρίων ὑπὸ τῶν ὁδοιπορούντων.	κατά μεταφορά λέγω τρίβω ἀπό ὁ   ὑπό ὁ ὁδοιπορέω .
186654	tlg0057.tlg095.1st1K-grc1	ἔστι δὲ ὁ λόγος αὐτοῦ οὗτος·	εἰμί δέ ὁ λόγος αὐτός οὗτος ·
186655	tlg0057.tlg095.1st1K-grc1	ἡ κεφαλὴ τοῦ μηροῦ τῆς οἰκείας χώρας μεταστᾶσα ἐν τοῖς ἔξω μέρεσι τῆς διαρθρώσεως ἐν σαρκὶ στηρίζεται.	ὁ κεφαλή ὁ μηρός ὁ οἰκεῖος χώρα μεθίστημι ἐν ὁ ἔξω μέρος ὁ  ἐν σάρξ στηρίζω .
186656	tlg0057.tlg095.1st1K-grc1	κατ’ ἀρχὰς μὲν οὖν οἱ οὕτω παθόντες ὀδυνῶνται τὴν θλιβομένην ὑπ’ αὐτοῦ σάρκα, τῷ χρόνῳ δὲ τυλοῦται καθάπερ αἱ τῶν σκαπτόντων χεῖρες.	κατά ἀρχή μέν οὖν ὁ οὕτως πάσχω  ὁ  ὑπό αὐτός σάρξ , τῷ χρόνος δέ τυλόω καθά ὁ ὁ σκάπτω χείρ .
186657	tlg0057.tlg095.1st1K-grc1	ὅταν δὲ τοῦτο γένηται, παραπλησίον τῇ διαρθρώσει κατασκευάζεται χρωμένου τῇ γεγενημένῃ τρίβῳ καθάπερ ἔμπροσθεν ἐχρῆτο τῇ κοτύλῃ τοῦ ἰσχίου·	ὅταν δέ οὗτος γίγνομαι ,  ὁ διάρθρωσις κατασκευάζω χράω2 ὁ  τρίβος καθά ἔμπροσθεν χράω2 ὁ κοτύλη ὁ  ·
186658	tlg0057.tlg095.1st1K-grc1	τά τε γὰρ ἄλλα καὶ ὑγρότης τις αὕτη γίγνεται, κατ’ ἀρχὰς μὲν διὰ τὴν φλεγμονὴν ἀθροιζομένη πλείων, ἐν δὲ τῷ χρόνῳ τοῦ λεπτοτέρου τε καὶ ὑδατώδους ἐν αὐτῇ διατμηθέντος ὑπὸ τῶν συμπιπτόντων ἐπιτιθεμένων ἔξωθεν φαρμάκων καταλειπομένου τε τοῦ γλίσχρου τε καὶ μυξώδους ὃ πρὸς τὴν κίνησιν τῇ κεφαλῇ τοῦ μηροῦ συμφορώτατόν ἐστι.	ὁ τε γάρ  καί  τις οὗτος γίγνομαι , κατά ἀρχή μέν διά ὁ φλεγμονή  πολύς , ἐν δέ τῷ χρόνος ὁ  τε καί  ἐν αὐτός  ὑπό ὁ συμπίπτω ἐπιτίθημι ἔξωθεν φάρμακον καταλείπω τε ὁ  τε καί  ὅς πρός ὁ κίνησις ὁ κεφαλή ὁ μηρός  εἰμί .
186659	tlg0057.tlg095.1st1K-grc1	καὶ διὰ ταύτην οὖν τὴν ὑγρότητα καθάπερ ἄρθρῳ χρῶνται τῇ τρίβῳ, μᾶλλον δὲ ἐπικλίνονται κατὰ τὸ ἔξω μέρος ἢ κατὰ τὸ ἔσω·	καί διά οὗτος οὖν ὁ ὑγρότης καθά  χράω2 ὁ τρίβος , μᾶλλον δέ  κατά ὁ ἔξω μέρος ἤ κατά ὁ εἴσω ·
186660	tlg0057.tlg095.1st1K-grc1	εἴρηται δὲ καὶ πρόσθεν ὡς καὶ τἀναντία μέρη τῶν ὑποδεξαμένων τὸ ἐκπεπτωκὸς ἄρθρον ἀτροφώτερά τε καὶ μαλακώτερα γίνεται κατὰ τὸ μᾶλλον ἀργεῖν.	λέγω δέ καί πρόσθεν ὡς καί ἐναντίος μέρος ὁ  ὁ ἐκπίπτω ἄρθρον  τε καί μαλακός γίγνομαι κατά ὁ μᾶλλον ἀργέω .
186661	tlg0057.tlg095.1st1K-grc1	ἐν οἷςδ’ ἂν μᾶλλον στηριχθῇ τὸ ἐκπεπτωκὸς καὶ παρὰ φύσιν·	ἐν  δ’ ἐάν μᾶλλον  ὁ ἐκπίπτω καί παρά φύσις ·
186662	tlg0057.tlg095.1st1K-grc1	ὅμως γοῦν γίνονταί τινες κινήσεις ὅθεν ἀπεχώρησε.	ὅμως γοῦν  τις κίνησις ὅθεν ἀποχωρέω .
186663	tlg0057.tlg095.1st1K-grc1	πρῶτον μὲν οὖν γίγνονται, κατὰ συμβεβηκὸς δέ τινες βραχεῖαι ἕπονται τοῖς πρώτοις κινουμένοις θηλυνομένων τῶν μορίων ἐν τοῖς νῦν, τουτέστι τὸ μαρτύριον ὃ ἐν τοῖς ἐφεξῆς λόγοις ἐρεῖν ἐπηγγείλατο, περὶ τῶν μᾶλλον ἢ ἧττον ἀτροφούντων τε καὶ καταλεπτυνομένων μερῶν.	πρῶτος μέν οὖν γίγνομαι , κατά συμβαίνω δέ τις   ὁ πρῶτος κινέω θηλύνω ὁ μόριος ἐν ὁ νῦν ,  ὁ μαρτύριον  ἐν ὁ ἐφεξῆς λόγος ἐρέω ἐπαγγέλλω , περί ὁ μᾶλλον ἤ ἥσσων  τε καί  μέρος .
186664	tlg0057.tlg095.1st1K-grc1	Διαῤῥέπουσι δὲ ἐν τῇσιν ὁδοιπορίῃσιν ἀναγκαζόμενοι διὰ τὴν βραχύτητα τοῦ σκέλεος.	δέ ἐν ὁ ὁδοιπορία ἀναγκάζω διά ὁ βραχύτης ὁ σκέλος .
186665	tlg0057.tlg095.1st1K-grc1	ταῦτα δὲ τοιαῦτα γίνεται, ἢν ἐπιμελῶς μὲν παιδαγωγηθῶσιν ἐν τοῖσι σχήμασι καὶ ὀρθῶς ἐν οἷσι δεῖ πρὶν κρατηθῆναι ἐς τὴν ὁδοιπορίην, ἐπιμελῶς δὲ καὶ ὀρθῶς ἐπὴν κρατηθῶσιν.	οὗτος δέ τοιοῦτος γίγνομαι , ἐάν ἐπιμελής μέν παιδαγωγέω ἐν ὁ σχῆμα καί ὀρθός ἐν ὅς δέω πρίν κρατέω εἰς ὁ ὁδοιπορία , ἐπιμελής δέ καί ὀρθός ἐπεί κρατέω .
186666	tlg0057.tlg095.1st1K-grc1	πλείστης δὲ ἐπιμελείης δέονται οἷσιν ἂν νηπιωτάτοισιν ἐοῦσιν αὕτη ἡ ξυμφορὴ γένηται·	δέ ἐπιμέλεια δέω ὅς ἀνά  εἰμί οὗτος ὁ συμφορά γίγνομαι ·
186667	tlg0057.tlg095.1st1K-grc1	ἢν γὰρ ἀμεληθῶσι νήπιοι ἔοντες ἀχρήϊον παντάπασιν καὶ ἀναυξὲς ὅλον τὸ σκέλος γίνεται, αἵ τε σάρκες τοῦ ξύμπαντος σκέλεος μινύθουσι μᾶλλον ἢ τοῦ ὑγιέος.	ἐάν γάρ ἀμελέω νήπιος   παντάπασι καί ἀναυξής ὅλος ὁ σκέλος γίγνομαι , ὁ τε σάρξ ὁ  σκέλος μινύθω μᾶλλον ἤ ὁ ὑγιής .
186668	tlg0057.tlg095.1st1K-grc1	πάνυ μὴν πολλῷ ἧσσον τούτοισι μινύθουσιν ἢ οἷσιν ἂν εἴσω ἐκπεπτώκῃ διὰ τὴν χρῆσιν καὶ τὴν ταλαιπωρίην.	πάνυ μήν πολύς ἥσσων οὗτος μινύθω ἤ ὅς ἄν εἴσω  διά ὁ χρῆσις καί ὁ ταλαιπωρία .
186669	tlg0057.tlg095.1st1K-grc1	οἷον εὐθέως δύνασθαι χρέεσθαι τῷ σκέλεϊ, ὡς καὶ πρόσθεν ὀλίγον ἐπὶ τῶν γαλιαγκώνων εἴρηται.	οἷος εὐθύς δύναμαι χράομαι τῷ σκέλος , ὡς καί πρόσθεν ὀλίγος ἐπί ὁ γαλιάγκων λέγω .
186670	tlg0057.tlg095.1st1K-grc1	εἰσὶ δέ τινες ὧν τοῖσι μὲν ἐκ γενεῆς αὐτίκα, τοῖσι δὲ καὶ ὑπὸ νόσου ἀμφοτέρων τῶν σκέλεων ἐξέστη τὰ ἄρθρα ἐς τὸ ἔξω μέρος.	εἰμί δέ τις ὅς ὁ μέν ἐκ γενεά αὐτίκα , ὁ δέ καί ὑπό  ἀμφότερος ὁ  ἐξίστημι ὁ ἄρθρον εἰς ὁ ἔξω μέρος .
186671	tlg0057.tlg095.1st1K-grc1	τούτοισιν οὖν τὰ μὲν ὀστέα ταὐτὰ παθήματα πάσχει·	οὗτος οὖν ὁ μέν ὀστέον αὐτός πάθημα πάσχω ·
186672	tlg0057.tlg095.1st1K-grc1	αἱ μέντοι σάρκες ἥκιστα ἐκθηλύνονται, ἄσαρκα δὲ καὶ τὰ σκέλεα γίνονται, πλὴν εἴ τι ἄρα κατὰ τὸ εἴσω μέρος ἐκλείποι ὀλίγον.	ὁ  σάρξ ἥκιστος ἐκθηλύνω ,  δέ καί ὁ  γίγνομαι , πλήν εἰ τι ἄρα κατά ὁ εἴσω μέρος  ὀλίγος .
186673	tlg0057.tlg095.1st1K-grc1	διὰ τοῦτο δὲ εὔσαρκά ἐστιν, ὅτι ἀμφοτέροισι τοῖσι σκέλεσιν ὁμοίως ἡ χρῆσις γίνεται.	διά οὗτος δέ  εἰμί , ὅτι2 ἀμφότερος ὁ  ὅμοιος ὁ χρῆσις γίγνομαι .
186674	tlg0057.tlg095.1st1K-grc1	Ὁποῖόν τι σημαίνει τὸ διαῤῥέπουσιν εἴρηται μὲν μοι καὶ πρόσθεν·	τις σημαίνω ὁ  λέγω μέν ἐγώ καί πρόσθεν ·
186675	tlg0057.tlg095.1st1K-grc1	εἰρήσεται δ’ οὐδὲν ἧττον ἔτι καὶ νῦν, ὅτι γὰρ ἐξήρθρησεν ὁ μηρὸς εἰς τὴν ἕσω χώραν ἀνασπώμενος ὑπὸ τῶν ταύτῃ μυῶν, ὡς ὀλίγον ἔμπροσθεν ἐλέχθη, τὸ συνεχὲς σκέλος αὐτῷ ὅλον ὑψηλότερον ἐργάζεται καὶ διὰ τοῦτο μόγις ἁπτόμενος γῆς ἐῤῥήθη διὰ ταύτην τὴν αἰτίαν ἀναγκάζονται τῷ στήθει μόνῳ τοῦ ποδὸς χρῆσθαι κατὰ τῆς γῆς ἐπιβαίνοντες ἅμα τῷ καὶ συνεπινεύειν ὅλῳ τῷ σώματι πρὸς τὸ πεπονθὸς σκέλος, ὅταν ἐπ’ αὐτοῦ στηρίζωνται.	ἔρομαι   ἥσσων ἔτι καί νῦν , ὅτι2 γάρ  ὁ μηρός εἰς ὁ ἕννυμι χώρα  ὑπό ὁ οὗτος μῦς , ὡς ὀλίγος ἔμπροσθεν λέγω , ὁ συνεχής σκέλος αὐτός ὅλος  ἐργάζομαι καί διά οὗτος μόγις ἅπτω γῆ  διά οὗτος ὁ αἰτία ἀναγκάζω τῷ στῆθος μόνος ὁ πούς χράω2 κατά ὁ γῆ ἐπιβαίνω ἅμα τῷ καί  ὅλος τῷ σῶμα πρός ὁ  σκέλος , ὅταν ἐπί αὐτός  .
186676	tlg0057.tlg095.1st1K-grc1	ἀναγκαῖον οὖν ἐστιν, ἐπειδὰν θατέρου τοῦ ὑγιοῦς ἐργάζεσθαι δεηθῶσιν ἐν τῷ μεταφέρειν ἕσω τὸ πεπονθὸς ἐπ’ ἐκεῖνο πάλον αὐτοὺς ῥέπειν ὀρθούμενον τοῦ μηροῦ, ὥστε κατὰ τὴν ὁδοιπορίαν ἀμείβειν ἀεὶ καὶ μεταβάλλειν εἰς ἄλληλα τὰ δύο σχήματα.	ἀναγκαῖον οὖν εἰμί , ἐπεί ἕτερος ὁ ὑγιής ἐργάζομαι δέω2 ἐν τῷ μεταφέρω  ὁ πάσχω ἐπί ἐκεῖνος πάλος αὐτός ῥέπω  ὁ μηρός , ὥστε κατά ὁ ὁδοιπορία ἀμείβω ἀεί καί μεταβάλλω εἰς ἀλλήλων ὁ γε σχῆμα .
186677	tlg0057.tlg095.1st1K-grc1	καθ’ ὃν μὲν χρόνον ἔτι κατὰ φύσιν ἔχοντες σκέλη στηρίζοντές τε καὶ ὀρθοῦντες τὸ σῶμα μετεωρίζονταί τε ἅμα καὶ ὁδοιποροῦσι.	κατά ὅς μέν χρόνος ἔτι κατά φύσις ἔχω σκέλος  τε καί ὀρθόω ὁ σῶμα  τε ἅμα καί ὁδοιπορέω .
186678	tlg0057.tlg095.1st1K-grc1	καθ’ ὃνδ’ αὖ πάλιν ἐπὶ τοῦ πεπονθότος καμπτόμενοι ἐν τῇ κατ’ ἐκεῖνο τὸ μέρος.	κατά ὅς δ’ αὖ πάλιν ἐπί ὁ πάσχω  ἐν ὁ κατά ἐκεῖνος ὁ μέρος .
186679	tlg0057.tlg095.1st1K-grc1	ὑψηλὸν οὖν εἰς τὸ μεταβάλλειν τὸ σῶμα ποτὲ μὲν ἐξ ὀρθοῦ καὶ ἀκλινοῦς ἐπὶ τὸ πεπονθός τε καὶ κεκαμμένον, αὖθις δὲ ἀπὸ τοῦ πεπονθότος καὶ κεκαμμένου πρὸς ὑψηλόν τε καὶ ὀρθὸν ὠνόμασε διαῤῥέπειν ἑνὶ ῥήματι τὴν εἰρημένην μεταβολὴν τῶν σχημάτων ἐνδειξάμενος.	ὑψηλός οὖν εἰς ὁ μεταβάλλω ὁ σῶμα ποτε μέν ἐκ  καί  ἐπί ὁ  τε καί  , αὖθις δέ ἀπό ὁ πάσχω καί  πρός ὑψηλός τε καί ὀρθός ὀνομάζω   ῥῆμα ὁ λέγω μεταβολή ὁ σχῆμα  .
186680	tlg0057.tlg095.1st1K-grc1	Ὁμοίως γὰρ σαλεύουσιν ἐν τῇ ὁδοιπορίῃ ἔνθα καὶ ἔνθα, ἐξεχέγλουτοι δὲ οὗτοι ἰσχυρῶς φαίνονται διὰ τὴν ἔκστασιν τῶν ἄρθρων.	ὅμοιος γάρ σαλεύω ἐν ὁ ὁδοιπορία ἔνθα καί ἔνθα , ἐξεχέγλουτος δέ οὗτος ἰσχυρός φαίνω διά ὁ ἔκστασις ὁ ἄρθρον .
186681	tlg0057.tlg095.1st1K-grc1	Οἶσιν ἀμφότερα τὰ ἄρθρα παθόντων σκελῶν ἑκατέρων τὴν εἰς τοὐκτὸς ἐξάρθρησιν ἢ μεταβολὴν τῶν γινομένων σχημάτων ὅλου τοῦ σώματος ὁδοιποροῦσιν αὐτοῖς ὅμοια γίνεται καθ’ ἕτερον τὸ σκέλος, ὅταν ἐπ’ αὐτῷ στηρίζωνται ταπεινουμένων τε καὶ κοιλαινομένων κατὰ τὸν κενεῶνα, θατέρου μόνον ἐξαρθρήσαντος.	ἀμφότερος ὁ ἄρθρον πάσχω  ἑκάτερος ὁ εἰς   τίη μεταβολή ὁ  σχῆμα  ὁ σῶμα ὁδοιπορέω αὐτός ὅμοιος γίγνομαι κατά ἕτερος ὁ σκέλος , ὅταν ἐπί αὐτός   τε καί  κατά ὁ κενεών , ἕτερος μόνος  .
186682	tlg0057.tlg095.1st1K-grc1	ἡνίκα μὲν οὖν τοῦ πεπονθότος ἐστηρίζοντο, τὸν εἰρημένον νῦν τρόπον ἐσχημάτιζον αὐτό·	ἡνίκα μέν οὖν ὁ πάσχω  , ὁ λέγω νῦν τρόπος   ·
186683	tlg0057.tlg095.1st1K-grc1	ὁπότε δὲ ἐπὶ θατέρου, τὸν ἐναντίον ἀνατεταμένον μὲν ἔχοντες σῶμα ὑψηλὸν, εὐθεῖαν δὲ τὴν λαγόνα·	δέ ἐπί ἕτερος , ὁ ἐναντίος ἀνατείνω μέν ἔχω σῶμα ὑψηλός , εὐθύς δέ ὁ λαγών ·
186684	tlg0057.tlg095.1st1K-grc1	πρόδηλον οὖν ὡς τεταμένον ὁμοίως ἐσχηματίζοντο.	πρόδηλος οὖν ὡς τείνω ὅμοιος σχηματίζω .
186685	tlg0057.tlg095.1st1K-grc1	νυνὶ δ’ ὁμοίως καθ’ ἕτερα τὰ μέρη τό τε δεξιὸν καὶ τὸ ἀριστερόν.	νυνί  ὅμοιος κατά ἕτερος ὁ μέρος ὁ τε δεξιός καί ὁ  .
186686	tlg0057.tlg095.1st1K-grc1	διαῤῥέπουσι δὲ καὶ νῦν οὐδὲν ἧττον τῇ μεταβολῇ τῶν στηριζόντων ποδῶν, ὅπερ ὠνόμασε σαλεύειν ἐν τῇ ὁδοιπορίῃ, δύναμιν δὲ τὴν αὐτὴν ἔχει τὸ σαλεύουσι τῷ διαῤῥέπουσιν, ἀλλ’ ἐπὶ τῷ κοινῷ τὸ διαῤῥέπειν.	διαρρέπω δέ καί νῦν  ἥσσων ὁ μεταβολή ὁ  πούς , ὅς ὀνομάζω σαλεύω ἐν ὁ ὁδοιπορία , δύναμις δέ ὁ αὐτός ἔχω ὁ  τῷ  , ἀλλά ἐπί τῷ κοινός ὁ  .
186687	tlg0057.tlg095.1st1K-grc1	ἐνταῦθα δὲ ὁμοίως ἀμφοτέροις τοῖς τοῦ σώματος μέρεσι συμβαίνει σχηματίζεσθαι στηριζομένου τοῦ σκέλους ἑκατέρου παρὰ μέρος ἐπὶ τῆς γῆς, ἔμπροσθεν δὲ οὐ τοῦθ’ ὑπῆρχεν αὐτοῖς, ὡς δέδεικται.	ἐνταῦθα δέ ὅμοιος ἀμφότερος ὁ ὁ σῶμα μέρος συμβαίνω σχηματίζω  ὁ σκέλος ἑκάτερος παρά μέρος ἐπί ὁ γῆ ,  δέ οὐ  ὑπάρχω αὐτός , ὡς δείκνυμι .
186688	tlg0057.tlg095.1st1K-grc1	Ἢν δὲ μὴ ἐπισφακελίσῃ αὐτοῖσι τὰ ὀστέα μηδὲ κυφοὶ ἀνωτέρω τῶν ἰσχίων γένωνται·	δέ μή ἐπισφακελίζω αὐτός ὁ ὀστέον μηδέ  ἄνω ὁ  γίγνομαι ·
186689	tlg0057.tlg095.1st1K-grc1	ἐνίους γὰρ καὶ τὰ τοιαῦτα καταλαμβάνει·	ἔνιοι γάρ καί ὁ τοιοῦτος καταλαμβάνω ·
186690	tlg0057.tlg095.1st1K-grc1	ἢν οὖν μὴ τοιοῦτόν τι γένηται, ἱκανῶς ὑγιηροὶ τἄλλα διαφέρονται.	ἐάν οὖν μή τοιοῦτος τις γίγνομαι , ἱκανός ὑγιηρός  διαφέρω .
186691	tlg0057.tlg095.1st1K-grc1	Κατὰ συμπάθειαν δῆλον ὅτι οὕτω τῶν ἐξαρθρήσεων τῶν σκελῶν ἔνιαι κυφοῦνται, φλεγμονῆς μὲν τὸ πρῶτον ἐν τοῖς συνδέσμοις τῶν σφονδύλων γενομένης, ὕστερον δὲ καὶ σκιῤῥώδους τινὸς ἀπολειφθέντος λειψάνου.	κατά συμπάθεια δῆλος ὅτι2 οὕτως ὁ  ὁ  ἔνιοι  , φλεγμονή μέν ὁ πρῶτος ἐν ὁ σύνδεσμος ὁ  γίγνομαι , ὕστερον δέ καί   ἀπολείπω  .
186692	tlg0057.tlg095.1st1K-grc1	φαίνεται γὰρ καὶ ἐπὶ τῶν ἐκτὸς τοῦτο γιγνόμενον ἐν ἰγνύϊ τε καὶ τῇ κατ’ ἀγκῶνα διαρθρώσει κἀπὶ τῶν δακτύλων οὐκ ὀλίγον, ὅπερ ὀνομάζουσιν ἀγκύλην.	φαίνω γάρ καί ἐπί ὁ ἐκτός οὗτος  ἐν ἰγνύα τε καί ὁ κατά ἀγκών διαρθρόω ἐπί ὁ δάκτυλος οὐ ὀλίγος , ὅς ὀνομάζω ἀγκύλη .
186693	tlg0057.tlg095.1st1K-grc1	καὶ πρόδηλός ἐστιν ἐν ταῖς τοιαύταις διαθέσεσιν ἡ ἀγκύλη γινομένη διὰ τὸν σκίῤῥον, οὐχ ἑπομένου τοῦ τένοντος τοῖς ἐκτείνουσι τὸ μόριον μυσὶν, ὥσπερ οὐδ’ ὅταν τις τῶν ἐκτεινόντων σκιῤῥωθῇ.	καί πρόδηλος εἰμί ἐν ὁ τοιοῦτος  ὁ ἀγκύλη  διά ὁ  , οὐ  ὁ  ὁ ἐκτείνω ὁ μόριον μῦς , ὥσπερ οὐδέ ὅταν τις ὁ ἐκτείνω  .
186694	tlg0057.tlg095.1st1K-grc1	τοῖς κάμπτουσιν ἑπομένου τὸ καλούμενον ὀρθόκωλον σχῆμα περὶ τὴν οὕτω πεπονθυῖαν ἀποτελεῖται διάρθρωσιν.	ὁ κάμπτω  ὁ καλέω  σχῆμα περί ὁ οὕτως πάσχω ἀποτελέω  .
186695	tlg0057.tlg095.1st1K-grc1	δύναται μὲν οὖν καὶ διὰ τοιοῦτόν τινα σκίῤῥον ἡ ῥάχις διαστραφῆναι, δύναται δὲ καὶ τῷ λόγῳ τῆς συμπαθείας φύματος ἀπέπτου καὶ κακοῦ γενέσθαι στέγνωσις ἐπ’ αὐτῆς.	δύναμαι μέν οὖν καί διά τοιοῦτος τις  ὁ ῥάχις διαστρέφω , δύναμαι δέ καί τῷ λόγος ὁ συμπάθεια φῦμα ἄπεπτος καί κακός γίγνομαι  ἐπί αὐτός .
186696	tlg0057.tlg095.1st1K-grc1	ὅπως δὲ ἕπεται ταῖς τοιαύταις διαθέσεσιν ἡ διαστροφὴ τῆς ῥάχεως, ἔμπροσθεν εἴρηται κατὰ τὸν ἴδιον ὑπὲρ αὐτῆς λόγον.	ὅπως δέ  ὁ τοιοῦτος  ὁ διαστροφή ὁ ῥάχις , ἔμπροσθεν λέγω κατά ὁ ἴδιος ὑπέρ αὐτός λόγος .
186697	tlg0057.tlg095.1st1K-grc1	Ἀναυξέστεροι μέντοι τὸ πᾶν σῶμα οὗτοι γίνονται πλὴν τῆς κεφαλῆς.	ὁ πᾶς σῶμα οὗτος γίγνομαι πλήν ὁ κεφαλή .
186698	tlg0057.tlg095.1st1K-grc1	Ἢν ἔξω τὸ κατ’ ἰσχίον ἄρθρον ἐκπέσῃ, βέλτιον μὲν βαδίζουσιν οἱ τοιοῦτοι τῶν ἔσω τὴν μετάστασιν τοῦ ἄρθρου ἐχόντων, ὅταν ἐκφύγωσι τοὺς ἐκ τῆς φλεγμονῆς τε καὶ συμπαθείας τῶν ἐπικαίρων μορίων κινδύνους, αὐτὰ δὲ ταῦτα μᾶλλον ἐκείνων πάσχουσιν·	ἔξω ὁ κατά ἰσχίον ἄρθρον ἐκπίπτω , βελτίων μέν βαδίζω ὁ τοιοῦτος ὁ εἴσω ὁ μετάστασις ὁ  ἔχω , ὅταν ἐκφεύγω ὁ ἐκ ὁ φλεγμονή τε καί συμπάθεια ὁ ἐπίκαιρος μόριον κίνδυνος , αὐτός δέ οὗτος μᾶλλον ἐκεῖνος πάσχω ·
186699	tlg0057.tlg095.1st1K-grc1	ἡ μὲν γὰρ εἰς τὴν ἔσω χώραν μετάστασις τοῦ ἄρθρου·	ὁ μέν γάρ εἰς ὁ εἴσω χώρα μετάστασις ὁ  ·
186700	tlg0057.tlg095.1st1K-grc1	κἀκ τούτου οὖν ἐπίβασιν ἔχει, μήτε θλιβόμενος διὰ τὴν σκληρότητα μήτε καὶ τούτου αὐτῷ συμβαίνεσθαι δυναμένου.	ἐκ οὗτος οὖν ἐπίβασις ἔχω ,  θλίβω διά ὁ σκληρότης  καί οὗτος αὐτός   .
186701	tlg0057.tlg095.1st1K-grc1	τὸ δ’ ἔξω τοῦ μηροῦ χωρίον, ὅτι ὑπὸ μεγίστων μυῶν κατειλημμένον εἰς ὀδύνην ἰσχυρὰν ἀφίκωνται.	ὁ  ἔξω ὁ μηρός χωρίον , ὅτι2 ὑπό μέγας μῦς καταλαμβάνω εἰς ὀδύνη ἰσχυρός ἀφικνέομαι .
186702	tlg0057.tlg095.1st1K-grc1	καὶ γὰρ θλίβονται πρὸς τοῦ μεταστάντος εἰς αὐτοὺς ὀστοῦ καὶ θλῶνται καὶ περιτείνονται τῷ παρὰ φύσιν ὄγκῳ τῆς τοῦ μηροῦ κεφαλῆς, αἰσθάνονται τούτων ἁπάντων ὡς πάσχουσι καὶ διὰ τοῦτο ὀδυνῶνται.	καί γάρ  πρός ὁ μεθίστημι εἰς αὐτός  καί  καί  τῷ παρά φύσις ὄγκος ὁ ὁ μηρός κεφαλή ,  οὗτος ἅπας ὡς πάσχω καί διά οὗτος ὀδυνάω .
186703	tlg0057.tlg095.1st1K-grc1	διά τε οὖν τὴν θλάσιν καὶ τὴν θλίψιν τὴν γινομένην φλεγμοναῖς ἐν τοῖς ὑποδεξαμένοις τὸ ἄρθρον μυσὶν, εἰς συμπάθειαν ἔρχονται τὰ ὑποκείμενα μόρια τά τε ἄλλα καὶ τὰ κατὰ τὴν ῥάχιν.	διά τε οὖν ὁ  καί ὁ θλῖψις ὁ  φλεγμονή ἐν ὁ  ὁ ἄρθρον μῦς , εἰς συμπάθεια ἔρχομαι ὁ  μόριον ὁ τε  καί ὁ κατά ὁ ῥάχις .
186704	tlg0057.tlg095.1st1K-grc1	ἢν δ’ ἅπαξ οὖν νοσήσῃ ταῦτα, καθάπερ ὁ μηρὸς, οὕτω καὶ ταῦτα γίνεται τοῖς τε ἐν αὐξήσει σώμασι παθοῦσι τὸ τοιοῦτον πάθος, ἀναυξέστερά τε καὶ μικρότερα καὶ πάντα φαυλότερα.	ἐάν  ἅπαξ οὖν νοσέω οὗτος , καθά ὁ μηρός , οὕτως καί οὗτος γίγνομαι ὁ τε ἐν αὐξάνω σῶμα πάσχω ὁ  πάθος ,  τε καί μικρός καί πᾶς  .
186705	tlg0057.tlg095.1st1K-grc1	μεμνῆσθαι γάρ σε χρὴ καὶ τοιούτου διὰ παντὸς ἤδη πολλάκις εἰρημένου καὶ τοιούτου μαρτυροῦντος τοῖς ὀλίγον ἔμπροσθεν, ὡς τοῖς μὲν αὐξήσει παθοῦσιν, οὕτως ἐνδεέστερον αὔξεται τὰ μόρια, τοῖς δὲ τελειωμένοις ἀτροφώτερα γίνεται καὶ μαλακώτερα, τῆς ῥάχεως δὲ ἀναυξεστέρας γενομένης ἀκόλουθόν ἐστι καὶ τὸ σύμπαν σῶμα τοῖς οὕτω παθοῦσιν ἔλαττον γίνεσθαι.	μιμνήσκω γάρ  χρή καί τοιοῦτος διά πᾶς ἤδη πολλάκις  καί τοιοῦτος μαρτυρέω ὁ ὀλίγος ἔμπροσθεν , ὡς ὁ μέν αὐξάνω  , οὕτως ἐνδεής αὐξάνω ὁ μόριον , ὁ δέ   γίγνομαι καί μαλακός , ὁ ῥάχις δέ  γίγνομαι ἀκόλουθος εἰμί καί ὁ σύμπας σῶμα ὁ οὕτως πάσχω  γίγνομαι .
186706	tlg0057.tlg095.1st1K-grc1	κάτω μὲν γὰρ τὰ σκέλη συμπάσχει, τὸ δὲ ἄνω τῶν σκελῶν ἄχρι τῆς κεφαλῆς ἡ ῥάχις ἐστίν.	κάτω μέν γάρ  σκέλος συμπάσχω , ὁ δέ ἄνω2 ὁ  ἄχρι ὁ κεφαλή ὁ ῥάχις εἰμί .
186707	tlg0057.tlg095.1st1K-grc1	ὅταν οὖν αὕτη τε μικροτέρα γένηται καὶ σύμπαν τὸ σκέλος, εἰκότως ἐπὶ τῶν τοιούτων ἐρεῖ, πλὴν τῆς κεφαλῆς, ἀναυξεστέρους τοὺς ἀνθρώπους γεγονέναι τὸ πᾶν σῶμα.	ὅταν οὖν οὗτος τε  γίγνομαι καί σύμπας ὁ σκέλος , εἰκός ἐπί ὁ τοιοῦτος λέγω , πλήν ὁ κεφαλή ,  ὁ ἄνθρωπος γίγνομαι ὁ πᾶς σῶμα .
186708	tlg0057.tlg095.1st1K-grc1	Ὅσοισι δ’ ἂν εἰς τοὔπισθεν ἡ κεφαλὴ τοῦ μηροῦ ἐκπέσοι, ὀλίγοισι δὲ ἐκπίπτει, οὗτοι ἐκτανύειν οὐ δύνανται τὸ σκέλος, οὔτε κατὰ τὸ ἄρθρον τὸ ἐκπεσὸν οὔτε τι κάρτα κατὰ τὴν ἰγνύην, ἀλλ’ ἥκιστα τῶν ἐκ παλαιῶν, οὗτοι μᾶλλον ἐκταννύουσι καὶ τὸ κατὰ τὸν βουβῶνα καὶ τὸ κατὰ τὴν ἰγνύην ἄρθρον.	ἐάν εἰς ὄπισθεν ὁ κεφαλή ὁ μηρός ἐκπίπτω ,  δέ ἐκπίπτω , οὗτος ἐκτανύω οὐ δύναμαι ὁ σκέλος , οὔτε κατά ὁ ἄρθρον ὁ  οὔτε τι κάρτα κατά ὁ ἰγνύα , ἀλλά ἥκιστος ὁ ἐκ παλαιός , οὗτος μᾶλλον  καί ὁ κατά ὁ βουβών καί ὁ κατά ὁ ἰγνύα ἄρθρον .
186709	tlg0057.tlg095.1st1K-grc1	Ὀλίγοις μὲν διαρθρεῖ τὸν νῦν προκείμενον τρόπον ἡ κεφαλὴ τοῦ μηροῦ δι’ ἣν εἴπομεν ἔμπροσθεν αἰτίαν, ὅτι τὸ βάθος τῆς κοτύλης ἄνισόν ἐστιν.	μέν  ὁ νῦν  τρόπος ὁ κεφαλή ὁ μηρός διά ὅς λέγω ἔμπροσθεν αἰτία , ὅτι2 ὁ βάθος ὁ κοτύλη ἄνισος εἰμί .
186710	tlg0057.tlg095.1st1K-grc1	ἔνθα μὲν οὖν βραχύτερον μᾶλ λον ἐκπίπτει καὶ διὰ τοῦτ’ ἔσω μᾶλλον, ἔνθα δὲ ὑψηλότερον, ὀλίγοις, ἐνταῦθα δὲ ἐξανίσταται τοῦτο σπανίως ὀπίσω.	ἔνθα μέν οὖν βραχύς   ἐκπίπτω καί διά  εἴσω μᾶλλον , ἔνθα δέ ὑψηλός , ὀλίγος , ἐνταῦθα δέ ἐξανίστημι οὗτος σπάνιος ὀπίσω .
186711	tlg0057.tlg095.1st1K-grc1	συμβαίνει δὲ ἐν τούτῳ τῷ τρόπῳ τῆς ἐξαρθρήσεως κατὰ μὲν τὸν βουβῶνα μηδ’ ὅλως ἐκτείνεσθαι τῷ σκέλει, κατὰ δὲ τὸ γόνυ μὴ τελέως.	συμβαίνω δέ ἐν οὗτος ὁ τρόπος ὁ  κατά μέν ὁ βουβών  ὅλος ἐκτείνω τῷ σκέλος , κατά δέ ὁ γόνυ μή τέλειος .
186712	tlg0057.tlg095.1st1K-grc1	αἰτία δ’ ἑκατέρου τῶν μυῶν ἡ θέσις, ἣν ἅπασαν ἀκριβῶς τὴν φύσιν ἔν τε τῇ τῶν μυῶν ἀνατομῇ κἀν τῷ δευτέρῳ τῶν ἀνατομικῶν ἐγχειρήσεων ἔχετε γεγραμμένην, ὑπομνήσεωςδ’ ἕνεκα ὧν ἐθεάσασθε πολλάκις ἀνατεμνομένου πιθήκου, διότι τὰ πολλὰ τὸ ζῶον τοῦτο παραπλησίως ἀνθρώπῳ παρεσκεύασται.	αἰτία  ἑκάτερος ὁ μῦς ὁ θέσις , ὅς ἅπας ἀκριβής ὁ φύσις ἐν τε ὁ ὁ μῦς  ἐν τῷ δεύτερος ὁ  ἐγχείρησις ἔχω γράφω , ὑπόμνησις δ’ ἕνεκα ὅς  πολλάκις   , διότι ὁ πολύς ὁ  οὗτος παραπλήσιος ἄνθρωπος παρασκευάζω .
186713	tlg0057.tlg095.1st1K-grc1	πρῶτον οὖν ἀναμνήσθητε νῦν ἐκ τῆς ψόας εἰς τὸν μικρὸν ἥκοντα τροχαντῆρα, δεύτερον δὲ ἐκ τοῦ τῆς ἥβης ὀστοῦ συνεχῆ.	πρῶτος οὖν  νῦν ἐκ ὁ  εἰς ὁ μικρός   , δεύτερος δέ ἐκ ὁ ὁ ἥβη  συνεχής .
186714	tlg0057.tlg095.1st1K-grc1	τὸ δὲ κατὰ φύσιν εἰς τὸν αὐτὸν τροχαντῆρα ποιούμενον οὕτω μεταστήσεις ὀπίσω τῆς κεφαλῆς τείνονται βιαίως, ἐκεῖσε περιελιττόμενοι καὶ περικλώμενοι τῇ κοτύλῃ καὶ εἰ ἐπιχειρήσειεν ὁ οὕτω πεπονθὼς ἄνθρωπος ἐκτείνειν τοῦτο τὸ ἄρθρον, δεήσει τὸν μηρὸν ὅλον ἑλιχθῆναι πρὸς τοὐπίσω, μειζόνως πονήσουσιν οἱ προειρημένοι δύο μύες ἐπὶ πλεῖστον ἑλκόμενοί τε καὶ τεινόμενοι καὶ ὅτι μείζονες εἴπερ ἦσαν, ἀνώδυνοι πλείονα τάσιν ἀνέχουσιν.	ὁ δέ κατά φύσις εἰς ὁ αὐτός  ποιέω οὕτως  ὀπίσω ὁ κεφαλή τείνω βίαιος , ἐκεῖσε  καί  ὁ κοτύλη καί εἰ ἐπιχειρέω ὁ οὕτως πάσχω ἄνθρωπος ἐκτείνω οὗτος ὁ ἄρθρον , δέω2 ὁ μηρός ὅλος  πρός ὀπίσω , μέγας  ὁ προαγορεύω γε μῦς ἐπί πλεῖστος  τε καί  καί ὅτι2 μέγας εἴπερ εἰμί , ἀνώδυνος πολύς τάσις ἀνέχω .
186715	tlg0057.tlg095.1st1K-grc1	εἰ δ’ ἡδύναται πρᾶξαι τοῦτο διὰ τὴν κεφαλὴν τοῦ μηροῦ τῆς κοτύλης ἐκπεσοῦσαν ἐκ τῶν ὀπίσω μερῶν τοῦ περιέχοντος αὐτὴν ὀστοῦ τετάχθαι.	εἰ   πράσσω οὗτος διά ὁ κεφαλή ὁ μηρός ὁ κοτύλη  ἐκ ὁ ὀπίσω μέρος ὁ περιέχω αὐτός  τάσσω .
186716	tlg0057.tlg095.1st1K-grc1	εἴπερ οὖν ἔμελλε τὸ κατὰ γόνυ πέρας τοῦ μηροῦ καμψάντων τελέως τὸν βουβῶνα μετέωρον ἱκανῶς ἔσεσθαι τὴν κεφαλὴν τοῦ ἰσχίου πρὸς τὴν ἔσω χώραν ἀναγκαῖον ἦν, ὅπερ οὐκ ἐνδέχεται γενέσθαι χωρὶς τοῦ διασπασθῆναι τὸν ὑποδεξάμενον αὐτὴν μῦν, ὃν ἔξεστιν ἐν τῇ διαρθρώσει, ἣν εἶχε κατὰ φύσιν, οὔθ’ ἕτερον ὑπάρχειν τῇ κατὰ βουβῶνα διαρθρώσει τῶν ἔμπροσθεν ὑπαρχόντων, πρὶν ἐκπαλαῖσαι τὸ ἄρθρον·	εἴπερ οὖν μέλλω ὁ κατά γόνυ πέρας ὁ μηρός  τέλειος ὁ βουβών μετέωρος ἱκανός εἰμί ὁ κεφαλή ὁ ἰσχίον πρός ὁ εἴσω χώρα ἀναγκαῖον εἰμί , ὅς οὐ ἐνδέχομαι γίγνομαι χωρίς ὁ διασπάω ὁ  αὐτός μῦς , ὅς ἔξεστι ἐν ὁ διαρθρόω , ὅς ἔχω κατά φύσις ,  ἕτερος ὑπάρχω ὁ κατά βουβών διαρθρόω ὁ ἔμπροσθεν ὑπάρχω , πρίν  ὁ ἄρθρον ·
186717	tlg0057.tlg095.1st1K-grc1	οὔτε γὰρ ἐκτείνεσθαι τελέως οὔτε κάμπτεσθαι δύναται.	οὔτε γάρ ἐκτείνω τέλειος οὔτε κάμπτω δύναμαι .
186718	tlg0057.tlg095.1st1K-grc1	τί δή ποτ’ οὖν ὁ Ἱπποκράτης τὸ ἕτερον αὐτῶν εἶπε μόνον;	τι δή  οὖν ὁ Ἱπποκράτης ὁ ἕτερος αὐτός λέγω μόνος ;
186719	tlg0057.tlg095.1st1K-grc1	ὅτι μετὰ τὴν ἔκπτωσιν εὐθέως φαίνεται κεκομμένος ὁ μηρὸς, ὡς ἂν πρὸς τῷ γόνατι πέρατος αὐτὸ τὸ σῶσον ἀποχωροῦντος εἰς τὸ πρόσω μέρος, ὅσον ἡ κεφαλὴ μετέστη εἰς τοὐπίσω.	ὅτι2 μετά ὁ ἔκπτωσις εὐθύς φαίνω κόπτω ὁ μηρός , ὡς ἄν πρός ὁ γόνυ πέρας αὐτός ὁ  ἀποχωρέω εἰς ὁ πρόσω μέρος , ὅσος ὁ κεφαλή μεθίστημι εἰς ὀπίσω .
186720	tlg0057.tlg095.1st1K-grc1	ὅσον δ’ ἐν τῇ κατὰ τὸν βουβῶνα φαίνεται καμφθὲν τὸ σκέλος, οὕτω καὶ κατὰ τὴν ἰγνύαν ἐντείνονται οἱ ὄπισθεν μύες ἅπαντες ἐν ταῖς ἄνωθεν ἀρχαῖς, ὀπίσω μεταχωρήσαντος κατὰ ταῦτα τοῦ μηροῦ.	ὅσος  ἐν ὁ κατά ὁ βουβών φαίνω  ὁ σκέλος , οὕτως καί κατά ὁ ἰγνύα  ὁ ὄπισθεν μῦς ἅπας ἐν ὁ ἄνωθεν ἀρχή , ὀπίσω  κατά οὗτος ὁ μηρός .
186721	tlg0057.tlg095.1st1K-grc1	τεινομένων δὴ τούτων αὐτοῖς τῶν μερῶν συνεντείνεται καὶ τὸ λοιπὸν σῶμα ἅπαν ἄχρι τῶν εἰς τὴν κνήμην καθηκόντων τενόντων·	τείνω δή οὗτος αὐτός ὁ μέρος  καί ὁ λοιπός σῶμα ἅπας ἄχρι ὁ εἰς ὁ κνήμη καθήκω τένων ·
186722	tlg0057.tlg095.1st1K-grc1	ἡ δὲ τούτων ἔντασις κάμπτει τὴν ἰγνύαν, ὥστε οἱ οὕτως ἐκπαλαίσαντες εὐλόγως ἀμφοτέρας τὰς διαρθρώσεις ὁρῶνται κεκαμμένας ἔχοντες.	ὁ δέ οὗτος ἔντασις κάμπτω ὁ ἰγνύα , ὥστε ἕ οὕτως  εὔλογος ἀμφότερος ὁ διάρθρωσις ὁράω  ἔχω .
186723	tlg0057.tlg095.1st1K-grc1	ἐπεὶ τοίνυν ἐκτείνονται ἑαυτὰς ἀδυνατοῦσιν ἂν καὶ μάλιστα τὴν κατὰ βουβῶνα, διὰ δὴ τοῦθ’ Ἱπποκράτης τοῦτο μόνον εἶπε, τὸ μὴ δύνασθαι τὰς διαρθρώσεις ταύτας ἐκτείνειν.	ἐπεί τοίνυν  ἑαυτοῦ ἀδυνατέω ἐάν καί μάλιστα ὁ κατά βουβών , διά δή  Ἱπποκράτης οὗτος μόνος λέγω ,  μή δύναμαι ὁ διάρθρωσις οὗτος ἐκτείνω .
186724	tlg0057.tlg095.1st1K-grc1	ἀλλ’ ἐπὶ τῆς κατ’ ἰσχίον ἁπλῶς εἶπεν·	ἀλλά ἐπί ὁ κατά  ἁπλόος λέγω ·
186725	tlg0057.tlg095.1st1K-grc1	ἐπὶ δὲ τῆς κατὰ γόνυ προσέθηκε τὸ κάρτα, τουτέστι τὸ λίαν, ὡς ἐκτείνεσθαι τῆς δυνάμεως, οὐ μὴν λίαν γε τοῦτο πασχούσης, ἐπεὶ δύναται τὸ τελέως μηδὲν ἀπολείπεσθαι τοῦ κατὰ φύσιν·	ἐπί δέ ὁ κατά γόνυ προστίθημι ὁ κάρτα ,  ὁ λίαν , ὡς ἐκτείνω ὁ δύναμις , οὐ μήν λίαν γε οὗτος πάσχω , ἐπεί δύναμαι ὁ τέλειος  ἀπολείπω ὁ κατά φύσις ·
186726	tlg0057.tlg095.1st1K-grc1	αὐτὸ δὲ τὸ σύμπτωμα γίνεται διὰ τὴν αὐτὴν αἰτίαν, δι’ ἣν καταπίπτεται μετὰ τὴν ἐξάρθρησιν αὐτίκα τὸ κατὰ τὴν ἰγνύαν ἄρθρον.	αὐτός δέ ὁ σύμπτωμα γίγνομαι διά ὁ αὐτός αἰτία , διά ὅς  μετά ὁ  αὐτίκα ὁ κατά ὁ ἰγνύα ἄρθρον .
186727	tlg0057.tlg095.1st1K-grc1	ἐπὶ πασῶν γάρ σε χρὴ τοῦτο γιγνώσκειν τῶν διαστροφῶν κοινὸν, ὡς ἐκτεινομένων μερῶν αἱ πρὸς ἐκεῖνο ῥοπαὶ γίγνονται, συνακολουθούντων αὐτοῖς τῶν συνεχῶν.	ἐπί πᾶς γάρ σύ χρή οὗτος γιγνώσκω ὁ  κοινός , ὡς  μέρος ὁ πρός ἐκεῖνος ῥοπή γίγνομαι , συνακολουθέω αὐτός ὁ  .
186728	tlg0057.tlg095.1st1K-grc1	οὐδὲν γὰρ τῶν μεθισταμένων οὕτως ἰδίῳ πάθει καὶ τὴν οἰκείαν ἀπολείπει χώραν, ἀλλ’ ἀπὸ τοῦ συνεχοῦς ἑλκόμενον ἕλκει μὲν τὸ συνεχὲς ἑνὶ μὲν λόγῳ κοινῷ τεινόμενον, οὐχ ὑπὸ μιᾶς δὲ προφάσεως τοῦτο πάσχει·	οὐδείς γάρ ὁ μεθίστημι οὕτως ἴδιος πάθος καί ὁ οἰκεῖος ἀπολείπω χώρα , ἀλλά ἀπό ὁ συνεχής ἕλκω ἕλκω μέν ὁ συνεχής  μέν λόγος κοινός τείνω , οὐ ὑπό  δέ πρόφασις οὗτος πάσχω ·
186729	tlg0057.tlg095.1st1K-grc1	καὶ γὰρ ὑγρανθέντι πόῤῥω τοῦ προσήκοντος αὐτῷ καὶ ξηρανθέντι, φλεγμαίνοντί τε καὶ σκιῤῥωθέντι καὶ τῆς οἰκείας χώρας μεταστάντι κοινὸν ὑπάρχει τὸ γίνεσθαι πάθημα.	καί γάρ   ὁ προσήκω αὐτός καί  ,  τε καί  καί ὁ οἰκεῖος χώρα  κοινός ὑπάρχω ὁ γίγνομαι πάθημα .
186730	tlg0057.tlg095.1st1K-grc1	διὸ περὶ πάντων τῶν τοιούτων ἐπὶ πλέον ἑξῆς ὁ Ἱπποκράτης ἐδίδαξε.	διό περί πᾶς ὁ τοιοῦτος ἐπί πολύς ἑξῆς ὁ Ἱπποκράτης διδάσκω .
186731	tlg0057.tlg095.1st1K-grc1	καὶ ἡμεῖς ἀκολουθήσαντες αὐτοῦ ταῖς ῥήσεσιν ἁπάσας τὰς λέξεις ἐξηγησάμεθα.	καί  ἀκολουθέω αὐτός ὁ  ἅπας ὁ λέγω  .
186732	tlg0057.tlg095.1st1K-grc1	Προσξυνιέναι μὲν οὖν καὶ τόδε χρή·	μέν οὖν καί ὅδε χρή ·
186733	tlg0057.tlg095.1st1K-grc1	εὔχρηστον γὰρ καὶ πολλοῦ ἄξιόν ἐστι καὶ τοὺς πλείστους λήθει ὅτι οὔτε ὑγιαίνοντες δύνανται κατὰ τὴν ἰγνύην ἐκταννύειν τὸ ἄρθρον, εἰ μὴ ξυνεκταννύουσι καὶ τὸ κατὰ τὸν βουβῶνα ἄρθρον, πλὴν ἢν μὴ πάνυ ἄνω ἀείρωσι τὸν πόδα, οὕτωδ’ ἂν δύναιντο.	εὔχρηστος γάρ καί πολύς ἄξιος εἰμί καί ὁ πλεῖστος λανθάνω ὅτι2 οὔτε ὑγιαίνω δύναμαι κατά ὁ ἰγνύα  ὁ ἄρθρον , εἰ μή  καί ὁ κατά ὁ βουβών ἄρθρον , πλήν ἐάν μή πάνυ ἄνω2 ἀείρω ὁ πούς , οὕτως δ’ ἄν δύναμαι .
186734	tlg0057.tlg095.1st1K-grc1	οὗτοι τοίνυν οὐδὲ ξυγκάμπτειν δύνανται τὸ κατὰ τὴν ἰγνύην ἄρθρον ὁμοίως, ἀλλὰ πολὺ χαλεπώτερον, ἢν μὴ συγκάμψωσι καὶ τὸ κατὰ τὸν βουβῶνα ἄρθρον.	οὗτος τοίνυν οὐδέ συγκάμπτω δύναμαι ὁ κατά ὁ ἰγνύα ἄρθρον ὅμοιος , ἀλλά πολύς χαλεπός , ἐάν μή  καί ὁ κατά ὁ βουβών ἄρθρον .
186735	tlg0057.tlg095.1st1K-grc1	Ἣν ἔφη εἶναι κοινότητά τινα τῶν ἀποστερουμένων τινὰς κινήσεις μορίων, οὐ δι’ ἴδιον πάθος, ἀλλά τινα τῶν κοινωνούντων σωμάτων γιγνομένην ἐντεῦθεν ἤρξατο διδάσκειν, ἐπὶ τῶν κατὰ φύσιν μυῶν οὐδὲν ἐκφύεσθαι τοῦ μηροῦ, καίτοι πολλῶν ὄντων.	φημί εἰμί   ὁ ἀποστερέω  κίνησις μόριον , οὐ διά ἴδιος πάθος , ἀλλά τις ὁ κοινωνέω σῶμα  ἐντεῦθεν ἄρχω διδάσκω , ἐπί ὁ κατά φύσις μῦς οὐδείς  ὁ μηρός ,  πολύς εἰμί .
186736	tlg0057.tlg095.1st1K-grc1	ἔνιοι μὲν ἐκ τοῦ τῆς λαγόνος ὀστοῦ κατέρχονται, τινὲς δὲ ἐξ ἰσχίου πεφύκασιν, εἷς δὲ μόνος τοῦ ἐκ τῆς ἥβης ὀστοῦ.	ἔνιοι μέν ἐκ ὁ ὁ   κατέρχομαι ,  δέ ἐκ ἰσχίον φύω ,  δέ μόνος ὁ ἐκ ὁ ἥβη  .
186737	tlg0057.tlg095.1st1K-grc1	διὰ τοῦτ’ ἀναγκαῖόν ἐστι συγκινεῖσθαι τὰς διαρθρώσεις ἀλλήλαις, ὥσπερ ἀρτίως ἐπὶ τῆς κατὰ τὸν πόδα καὶ τὴν ἰγνύαν ἐδείχθη, συμφαινομένης ἅμα καὶ τῆς κατὰ τὸν βουβῶνα κοινωνίας αὐτῶν.	διά  ἀναγκαῖος εἰμί συγκινέω ὁ διάρθρωσις ἀλλήλων , ὥσπερ ἄρτιος ἐπί ὁ κατά ὁ πούς καί ὁ ἰγνύα δείκνυμι ,  ἅμα καί ὁ κατά ὁ βουβών κοινωνία αὐτός .
186738	tlg0057.tlg095.1st1K-grc1	ὥσπερ γὰρ ἐδείχθησαν οἱ κινοῦντες τὸ ὄπισθεν αὐτῶν ἥκοντες, ὡς ἔφην, ἐκπεφυκέναι τῶν κάτω περάτων τοῦ μηροῦ κατὰ τὰς ῥίζας τῶν κονδύλων, οὕτω καὶ νῦν ἄνω τοῦ ποδὸς εἰς τὴν κνήμην καθήκοντας ἐκ τῶν εἰρημένων ἀρχῶν ἀναγκαῖόν ἐστι τείνεσθαι, τοὺς μὲν ὄπισθεν ἐκτεινομένης τῆς ἰγνύας, τοὺς δὲ πρόσω καμπτομένης.	ὥσπερ γάρ δείκνυμι ὁ κινέω ὁ ὄπισθεν αὐτός ἥκω , ὡς φημί , ἐκφύω ὁ κάτω πέρας ὁ μηρός κατά ὁ ῥίζα ὁ  , οὕτως καί νῦν ἄνω2 ὁ πούς εἰς ὁ κνήμη καθήκω ἐκ ὁ λέγω ἀρχός ἀναγκαῖος εἰμί τείνω , ὁ μέν ὄπισθεν  ὁ ἰγνύα , ὁ δέ πρόσω  .
186739	tlg0057.tlg095.1st1K-grc1	ὅταν οὖν ἐπὶ πλέον πεφύκασι, τείνονται ἀντιτεταγμένοι αὐτοῖς ἀντισπῶσί τε καὶ οὐχ ἕπονται.	ὅταν οὖν ἐπί πολύς φύω , τείνω ἀντιτάσσω αὐτός  τε καί οὐ  .
186740	tlg0057.tlg095.1st1K-grc1	λέγω δὲ ἀντιτεταγμένους τοὺς ἐκτείνοντας τοῖς κάμπτουσι, τουτέστι τοὺς προσθίους τοῖς ὄπισθεν ἐπὶ δυσὶ μυοῖν ὡς ἐπὶ παραδείγματος ἕνεκα σαφηνείας τὸν λόγον ποιησάμενος ἀρκεσθήσομαι.	λέγω δέ ἀντιτάσσω ὁ  ὁ  ,  ὁ πρόσθιος ὁ ὄπισθεν ἐπί   ὡς ἐπί παράδειγμα ἕνεκα σαφήνεια ὁ λόγος ποιέω  .
186741	tlg0057.tlg095.1st1K-grc1	τοῖς γὰρ ἑωρακόσιν ἐν ταῖς ἀνατομαῖς ἅπαντας τοὺς κατὰ σκέλη μύας ἐκ τῶν εἰρημένων ἐστὶ καὶ περὶ τῶν ἄλλων ταῦτα λογίζεσθαι.	ὁ γάρ ὁράω ἐν ὁ ἀνατομή ἅπας ὁ κατά σκέλος μῦς ἐκ ὁ λέγω εἰμί καί περί ὁ ἄλλος οὗτος λογίζομαι .
186742	tlg0057.tlg095.1st1K-grc1	τοῖς δ’ οὐδ’ ὅλως ἑωρακόσιν οὐδ’ ὁ περὶ τὰ δύο λόγος ἔσται σαφής.	ὁ  οὐδέ ὅλος ὁράω οὐδέ ὁ περί ὁ γε λόγος εἰμί σαφής .
186743	tlg0057.tlg095.1st1K-grc1	οὗτοι οὖν ἐκ τοῦ τῆς λαγόνος ὀστοῦ πεφυκότες ὑπερβαίνουσι καταφερόμενοι πρώτην μὲν τὴν κατὰ τὸν βουβῶνα τοῦ μηροῦ διάρθρωσιν, εἶτα διελθόντες ὅλον τὸν μηρὸν, ἐφεξῆς δευτέραν τὴν κατὰ γόνυ.	οὗτος οὖν ἐκ ὁ ὁ   φύω ὑπερβαίνω  πρῶτος μέν ὁ κατά ὁ βουβών ὁ μηρός  , εἶτα διέρχομαι ὅλος ὁ μηρός , ἐφεξῆς δεύτερος ὁ κατά γόνυ .
186744	tlg0057.tlg095.1st1K-grc1	φέρεται δὲ ὁ μὲν ἕτερος αὐτῶν ὁ στενὸς παρὰ τὸν ἕνα κόνδυλον τοῦ μηροῦ ταπεινότερον αὐτοῦ, κἄπειτα ἀνανεύσας πάλιν ἐπὶ τὸ καλούμενον ἀντικνήμιον εἰς τὴν ἐντὸς χώραν αὐτοῦ καταφύεται.	φέρω δέ ὁ μέν ἕτερος αὐτός ὁ στενός παρά ὁ  κόνδυλος ὁ μηρός ταπεινός αὐτός ,   πάλιν ἐπί ὁ καλέω  εἰς ὁ ἐντός χώρα αὐτός καταφύω .
186745	tlg0057.tlg095.1st1K-grc1	ὁ δ’ ἕτερος ὁ μέγας ἰσχυρότατον ἐπιφύεται τένοντα πλατὺν ἀναμιγνύμενον ἑτέρῳ τένοντι τὴν γένεσιν ἐκ τοῦ μεγίστου μυὸς ἔχοντι τῶν προσθίων, ὃς ἀπὸ τοῦ γλουτοῦ καταφέρεται.	ὁ  ἕτερος ὁ μέγας ἰσχυρός   πλατύς  ἕτερος  ὁ γένεσις ἐκ ὁ μέγας  ἔχω ὁ  , ὅς ἀπό ὁ  καταφέρω .
186746	tlg0057.tlg095.1st1K-grc1	πρῶτον μὲν ἐπιφύεται τῇ μύλῃ, μετὰ ταῦτα ἐμφύεται τῇ κνήμῃ.	πρῶτος μέν  ὁ μύλη , μετά οὗτος ἐμφύω ὁ κνήμη .
186747	tlg0057.tlg095.1st1K-grc1	ἐὰν μὲν οὖν κάμπτηται κατὰ βουβῶνα τὸ σκέλος, ἦττον γίνεται τὸ μῆκος ἐνταῦθα τῶν μυῶν, ἐὰν δὲ ἐκτείνηται, μεῖζον.	ἐάν μέν οὖν κάμπτω κατά βουβών ὁ σκέλος , ἀΐσσω γίγνομαι ὁ μῆκος ἐνταῦθα ὁ μῦς , ἐάν δέ  , μέγας .
186748	tlg0057.tlg095.1st1K-grc1	ἐπὶ δὲ τοῦ γόνατός τε καὶ τῆς ἰγνύας ἐκτεινομένης μὲν τῆς διαρθρώσεως ὁ μὲν τὴν μύλην ἐπιβαίνων βραχύτερος, ὁ δὲ ἐκ τῶν ἔνδον μερῶν φερόμενος μακρότερος γίγνεται, ὥσθ’ ὁ μὲν πρόσθιος ἄκραν ἔκτασιν ἀναγκασθήσεται λαμβάνειν, ἐὰν κατὰ βουβῶνα τὸ σκέλος ἐκτείναντες ἐπιχειρῶμεν κάμπτειν τὴν ἰγνύαν.	ἐπί δέ ὁ  τε καί ὁ ἰγνύα  μέν ὁ  ὁ μέν ὁ μύλη ἐπιβαίνω βραχύς , ὁ δέ ἐκ ὁ ἔνδον μέρος φέρω μακρός γίγνομαι ,  ὁ μέν πρόσθιος ἄκρα ἔκτασις  λαμβάνω , ἐάν κατά βουβών ὁ σκέλος ἐκτείνω ἐπιχειρέω κάμπτω ὁ ἰγνύα .
186749	tlg0057.tlg095.1st1K-grc1	ὁ δ’ ὀπίσθιος, ἐὰν ἐκτείνηται τὴν ἰγνύαν, κάμπτομεν τὸν βουβῶνα.	ὁ  ὀπίσθιος , ἐάν  ὁ ἰγνύα ,  ὁ βουβών .
186750	tlg0057.tlg095.1st1K-grc1	καταφερόμενος γὰρ ἐξ ὑψηλοῦ χωρίου διὰ τῶν πρόσω τοῦ μηροῦ κάμπτεται ἐντεῦθεν ἐπιστρεφόμενος λοξὸς, ἀνανεύεται πρὸς τὸ καλούμενον ἀντικνήμιον.	γάρ ἐκ ὑψηλός χωρίον διά ὁ πρόσω ὁ μηρός κάμπτω ἐντεῦθεν ἐπιστρέφω λοξός ,  πρός ὁ καλέω  .
186751	tlg0057.tlg095.1st1K-grc1	εἰκότως οὖν αὐτὸς μακρότερα ἐργάζεται τὰ πρῶτα μέρη καὶ τοῦ μηροῦ καὶ τῆς κνήμης ὑψούμενα μακρότερος γινόμενος.	εἰκός οὖν αὐτός μακρός ἐργάζομαι ὁ πρῶτος μέρος καί ὁ μηρός καί ὁ κνήμη  μακρός  .
186752	tlg0057.tlg095.1st1K-grc1	ἐδείχθη γὰρ ἐν τοῖς περὶ μυῶν κινήσεως ἡ ἐσχάτη συστολή τε καὶ ἔκτασις ὀδυνῶσα, ὧν τὴν μὲν συστολὴν ἐνεργοῦντες αὐτοὶ, τὴν δ’ ἔκτασιν ὑπὸ τῶν ἀντιτεταγμένων ἑλκόμενοι πάσχουσιν.	δείκνυμι γάρ ἐν ὁ περί μῦς κίνησις ὁ ἔσχατος συστολή τε καί ἔκτασις  , ὅς ὁ μέν συστολή ἐνεργέω αὐτός , ὁ  ἔκτασις ὑπό ὁ  ἕλκω πάσχω .
186753	tlg0057.tlg095.1st1K-grc1	ἐὰν οὖν ποτε τοῖς εἰς τὴν αὐτῶν σύνοδον ἐνεργοῦσι μυσὶν οἱ ἀντιτεταγμένοι μὴ ὀδυνῶνται, συνεκτείνεται κατὰ φύσιν μὲν ἐν ταῖς εἰρημέναις ἄρτι κοινωνίαις τῶν διαρθρώσεων, παρὰ φύσινδ’ ἐν ταῖς ἐφεξῆς εἰρησομέναις.	ἐάν οὖν ποτε ὁ εἰς ὁ αὐτός σύνοδος2 ἐνεργέω  ὁ ἀντιτάσσω μή ὀδυνάω ,  κατά φύσις μέν ἐν ὁ  ἄρτι κοινωνία ὁ  , παρά φύσις δ’ ἐν ὁ ἐφεξῆς  .
186754	tlg0057.tlg095.1st1K-grc1	τηνικαῦτα συμβαίνει πολλοὺς τῶν ἰατρῶν ἀπατᾶσθαι καὶ νομίζειν πεπονθέναι τοὺς μύας ἐκείνους, ὧν ὁρῶσι τὴν ἐνέργειαν ἐμποδιζομένην.	τηνικαῦτα συμβαίνω πολύς ὁ ἰατρός ἀπατάω καί νομίζω πάσχω ὁ μῦς ἐκεῖνος , ὅς ὁράω ὁ ἐνέργεια  .
186755	tlg0057.tlg095.1st1K-grc1	ἔτι δὲ ἐναργέστερον τοῦτο γνωσθήσεται διὰ τῶν ἐφεξῆς εἰρησομένων.	ἔτι δέ ἐναργής οὗτος  διά ὁ ἐφεξῆς  .
186756	tlg0057.tlg095.1st1K-grc1	Πολλὰ δὲ καὶ ἄλλα κατὰ τὸ σῶμα τοιαύτας ἀδελφίξιας ἔχει καὶ κατὰ νεύρων ξυντάσεας καὶ κατὰ μυῶν σχήματα καὶ πλεῖστά τε καὶ πλείστου ἄξια γινώσκεσθαι ἢ ὅστις οἴεται καὶ κατὰ τὴν τοῦ ἐντέρου φύσιν καὶ τὴν τῆς ξυμπάσης κοιλίης καὶ κατὰ τὰς τῶν ὑστερέων πλάνας καὶ ξυντάσιας.	πολύς δέ καί ἄλλος κατά ὁ σῶμα τοιοῦτος ἀδέλφιξις ἔχω καί κατά   καί κατά μῦς σχῆμα καί  τε καί πλεῖστος ἄξιος γιγνώσκω ἤ ὅστις οἴομαι καί κατά ὁ ὁ  φύσις καί ὁ ὁ σύμπας κοιλία καί κατά ὁ ὁ  πλάνη καί  .
186757	tlg0057.tlg095.1st1K-grc1	ἀλλὰ περὶ μὲν τούτων ἑτέρωθι λόγος ἔσται ἠδελφισμένος τοῖσι νῦν λεγομένοισι.	ἀλλά περί μέν οὗτος ἕτερος λόγος εἰμί ἀδελφίζω ὁ νῦν λέγω .
186758	tlg0057.tlg095.1st1K-grc1	περὶ οὗ δὲ ὁ λόγος ἐστὶν, οὔτε ἐκταννύειν δύναται, ὥσπερ ἤδη εἴρηται, βραχύτερόν τε τὸ σκέλος φαίνεται διὰ δισσὰς προφάσιας, ὅτι τε οὐκ ἐκταννύεται, ὅτι τε πρὸς τὴν σάρκα ὠλίσθηκε τὴν τοῦ πυγαίου.	περί οὗ δέ ὁ λόγος εἰμί , οὔτε  δύναμαι , ὥσπερ ἤδη λέγω , βραχύς τε ὁ σκέλος φαίνω διά δισσός πρόφασις , ὅτι2 τε οὐ  , ὅτι2 τε πρός ὁ σάρξ  ὁ ὁ πυγαῖος .
186759	tlg0057.tlg095.1st1K-grc1	Εἴρηταί μοι καὶ πρόσθεν, ὡς τὰς κοινωνίας καὶ οἷον συγγενείας τῶν μορίων ἀδελφίξιας εἴωθεν ὀνομάζειν, ὡσεὶ καὶ ἀδελφότητας εἶπεν.	καί πρόσθεν , ὡς ὁ κοινωνία καί οἷος συγγένεια ὁ μόριον   ὀνομάζω ,  καί  λέγω .
186760	tlg0057.tlg095.1st1K-grc1	ἔστι δὲ αὐτῶν τὸ κεφάλαιον ἑτέρου μορίου πεπονθότος ἐν ἄλλῳ φαίνεσθαι τὴν βλάβην ἤτοι τῆς ἐνεργείας ἢ τῆς θέσεως ἢ τοῦ σχήματος ἢ τοῦ μεγέθους.	εἰμί δέ αὐτός ὁ κεφάλαιος ἕτερος μόριον πάσχω ἐν ἄλλος φαίνω ὁ βλάβη ἤτοι ὁ ἐνέργεια ἤ ὁ θέσις τίη ὁ σχῆμα ἤ ὁ μέγεθος .
186761	tlg0057.tlg095.1st1K-grc1	κοινὴ δὲ ἐπὶ πάντων αἰτία τάσις εἰς τὸν ἀντικείμενον τόπον·	κοινός δέ ἐπί πᾶς αἰτία τάσις εἰς ὁ  τόπος ·
186762	tlg0057.tlg095.1st1K-grc1	οἷον ἐκθέσεως, ἵν’ ἀπὸ τῶν προφανεστάτων ἄρξωμαι, πολλοὺς τῶν ἐπιπηδώντων τῇ τέχνῃ χωρὶς τοῦ νομίμως αὐτὴν ἐκμαθεῖν, ἐθεασάμην ἐξαίφνης συσταθέντος τινὸς μορίου καὶ τῷ τε μεγέθει βραχύ τι φαινομένου καὶ τὴν ἀρχαίαν θέσιν οὐκ ἀκριβῶς φυλάττοντος αὐτῷ τούτῳ τῷ μορίῳ προσφέροντας τὰ βοηθήματα, καίτοι μηδεμίαν ἔχοντι διάθεσιν ἰάσεως δεομένην.	οἷος  ,  ἀπό ὁ  ἄρχω , πολύς ὁ  ὁ τέχνη χωρίς ὁ νόμιμος αὐτός ἐκμανθάνω , θεάομαι ἐξαίφνης συνίστημι  μόριον καί ὁ τε μέγεθος βραχύς τι φαίνω καί ὁ ἀρχαῖος θέσις οὐ ἀκριβής φυλάσσω αὐτός οὗτος τῷ μόριον προσφέρω ὁ βοήθημα , καίτοι μηδείς ἔχω διάθεσις ἴασις δέω .
186763	tlg0057.tlg095.1st1K-grc1	παραλυθέντων γοῦν τῶν κατὰ τὴν ἑτέραν γνάθον μυῶν συμβαίνει τὴν μὲν ἀντικειμένην αὐτῇ βραχυτέραν φαίνεσθαι καὶ οἷον συνεσπασμένην τὴν πεπονθυῖαν δι’ αὐτὴν ἐκτείνεσθαι συνεπομένην ἐκείνην.	γοῦν ὁ κατά ὁ ἕτερος γνάθος μῦς συμβαίνω ὁ μέν  αὐτός βραχύς φαίνω καί οἷος  ὁ πάσχω διά αὐτός ἐκτείνω  ἐκεῖνος .
186764	tlg0057.tlg095.1st1K-grc1	διὰ γὰρ τὸ τοὺς μύας ἅπαντας οἰκείαν ἔχειν μίαν ἐνέργειαν, ἐπὶ τὰς ἰδίας κε φαλὰς ἀνατεινομένους ὅταν οἱ κατὰ τὴν ἀριστερὰν γνάθον ἀπολέσωσι τὴν ἐνέργειαν οἱ κατὰ τὴν δεξιὰν ἐῤῥωμένοι τε καὶ κατὰ φύσιν ἔχοντες ἐνεργήσαντες ἕλκουσιν ὅλην ἐφ’ ἑαυτοὺς τὴν δεξιὰν γνάθον καὶ τὰ χείλη·	διά γάρ ὁ ὁ μῦς ἅπας οἰκεῖος ἔχω  ἐνέργεια , ἐπί ὁ ἴδιος ἄν   ὅταν ὁ κατά ὁ ἀριστερός γνάθος ἀπόλλυμι ὁ ἐνέργεια ὁ κατά ὁ δεξιά  τε καί κατά φύσις ἔχω ἐνεργέω ἕλκω ὅλος ἐπί ἑαυτοῦ ὁ δεξιός γνάθος καί ὁ χεῖλος ·
186765	tlg0057.tlg095.1st1K-grc1	καὶ οὕτω φαίνεται τὸ μὲν ἀριστερὸν χεῖλος ἐκτεταμένον τε καὶ μακρότερον αὐτοῦ γεγονὸς, τὸ δεξιὸν δὲ ἔλαττόν τε καὶ συντεταμένον.	καί οὕτως φαίνω ὁ μέν ἀριστερός χεῖλος ἐκτείνω τε καί  αὐτός γίγνομαι , ὁ δεξιός δέ  τε καί συντείνω .
186766	tlg0057.tlg095.1st1K-grc1	ἐνταῦθα μὲν οὖν ἔλαττον γίνεται τὸ ἀπαθὲς ἀντισπῶν ἐφ’ ἑαυτὸ θάτερον μέρος τῆς γνάθου τὸ παραλυθέν.	ἐνταῦθα μέν οὖν  γίγνομαι ὁ ἀπαθής  ἐπί ἑαυτοῦ ἕτερος μέρος ὁ γνάθος ὁ  .
186767	tlg0057.tlg095.1st1K-grc1	ἑτέρωθι δ’ ὑπὸ τοῦ πεπονθότος ἕλκεταί τε καὶ σπᾶται τὸ ἀπαθὲς, ὥσπερ ὅταν ἢ τένων ἢ μῦς σκιῤῥωθεὶς ὅλως ἀδυνατεῖ συνεπεκτείνεσθαι τοῖς ἀντιτεταγμένοις ἐνεργοῦσι.	ἕτερος  ὑπό ὁ πάσχω  τε καί σπάω ὁ ἀπαθής , ὥσπερ ὅταν τίη  τίη   ὅλος ἀδυνατέω  ὁ  ἐνεργέω .
186768	tlg0057.tlg095.1st1K-grc1	πολλὰ δὲ τοιαῦτα φαίνεται γιγνόμενα, κατὰ δὲ τοὺς δακτύλους τῆς χειρὸς καὶ κατ’ ἀγκῶνα τὴν ἰγνύαν ἀγκυλουμένων μὲν αὐτῶν ἐπὶ τοῖς τῶν ἔνδον μυῶν ἢ τενόντων πάθεσιν.	πολύς δέ τοιοῦτος φαίνω  , κατά δέ ὁ δάκτυλος ὁ χείρ καί κατά ἀγκών ὁ ἰγνύα  μέν αὐτός ἐπί ὁ ὁ ἔνδον μῦς ἤ  πάθος .
186769	tlg0057.tlg095.1st1K-grc1	ὀρθοκύλλων δὲ γινομένων ἐπὶ τοῖς τῶν ἐκτὸς, οὕτως γὰρ ὀνομάζειν ἔθος ἐστὶ τοῖς ἰατροῖς, ὅταν ἐκτεταμένον τι μὴ δυνάμενον κάμπτεσθαι.	δέ  ἐπί ὁ ὁ ἐκτός , οὕτως γάρ ὀνομάζω ἔθος εἰμί ὁ ἰατρός , ὅταν ἐκτείνω τι μή  κάμπτω .
186770	tlg0057.tlg095.1st1K-grc1	ὅμοιον δὲ τούτῳ συμβαίνειν εἴωθεν ἐπὶ ταῖς μεγάλαις τε καὶ σκληραῖς οὐλαῖς·	ὅμοιος δέ οὗτος συμβαίνω  ἐπί ὁ μέγας τε καί σκληρός οὐλαί ·
186771	tlg0057.tlg095.1st1K-grc1	καὶ γὰρ καὶ αὗται κατὰ μὲν τὴν ἔνδον χώραν γενόμεναι κυλλοῦσι τὸ μέρος, κατὰ δὲ τὴν ἔξω τὸ καλούμενον, ὡς ἔφην, ὀρθόκυλλον ἐργάζονται καὶ διὰ ξηρότητος καὶ διαπλήρους ἐξ ὑγρῶν ἐπιῤῥοῆς ἢ φυσώδους πνεύματος ταὐτὸ συμβαίνειν εἴωθε.	καί γάρ καί οὗτος κατά μέν ὁ ἔνδον χώρα γίγνομαι  ὁ μέρος , κατά δέ ὁ ἔξω ὁ καλέω , ὡς φημί ,  ἐργάζομαι καί διά ξηρότης καί  ἐκ ὑγρός  ἤ  πνεῦμα αὐτός συμβαίνω εἴωθα .
186772	tlg0057.tlg095.1st1K-grc1	συναγομένων γὰρ εἰς ἑαυτὰ τῶν οὕτω πεπονθότων μορίων ἀκόλουθόν ἐστι τοὺς ἀντιτεταγμένους μύας ἀδυνάτους ἐνεργεῖν, ἀντισπώντων τὰ μόρια τῶν συντεταμένων.	συνάγω γάρ εἰς  ὁ οὕτως πάσχω μόριος  εἰμί ὁ  μῦς ἀδύνατος ἐνεργέω ,  ὁ μόριον ὁ  .
186773	tlg0057.tlg095.1st1K-grc1	οὕτως δὲ καὶ οἱ σπασμοὶ γίγνονται τῶν τε μυῶν αὐτῶν ἑλκομένων ἐπὶ τὴν ἰδίαν ἀρχὴν αὐτῶν πρώτων καὶ μάλιστα καὶ δι’ αὐτοὺς τῶν μορίων εἰς ἃ καθήκουσιν·	οὕτως δέ καί ὁ σπασμός γίγνομαι ὁ τε μῦς αὐτός ἕλκω ἐπί ὁ ἴδιος ἀρχή αὐτός πρῶτος καί μάλιστα καί διά αὐτός ὁ μόριος εἰς ὅς καθήκω ·
186774	tlg0057.tlg095.1st1K-grc1	οὕτω καὶ ἡ μήτρα ποτὲ μὲν ἄνω χωρεῖ, ποτὲ δὲ εἰς τὰ πλάγια μέρη καθίσταται, οὐκ αὐτὴ κατ’ ἰδίαν ἐνέργειαν ἀποχωροῦσα τῆς οἰκείας χώρας, ἀλλ’ ὑφ’ ἑτέρων ἑλκομένη.	οὕτως καί ὁ μήτρα ποτε μέν ἄνω2 χωρέω , ποτε δέ εἰς ὁ πλάγιον μέρος καθίστημι , οὐ αὐτός κατά ἴδιος ἐνέργεια  ὁ οἰκεῖος χώρα , ἀλλά ὑπό ἕτερος ἕλκω .
186775	tlg0057.tlg095.1st1K-grc1	τὰ δ’ ἕλκοντα πολλά·	ὁ  ἕλκω πολύς ·
186776	tlg0057.tlg095.1st1K-grc1	καὶ γὰρ ἀρτήματα καὶ νεῦρα καὶ ἀρτηρίαι καὶ φλέβες αἱ εἰς αὐτὴν καθήκουσαι τοῦτο ποιεῖν πεφύκασιν, ὅταν εἰς ὄγκον ἀρθεῖσαι τοῦ μήκους ἀφαιρῶσι τοσοῦτον ὅσον εἰς εὖρος ἐπέδωκε, κοινὸν γὰρ τούτων πάντων ἐστὶ τῶν ἐκτάσεις τε καὶ συστολὰς ἐχόντων σωμάτων, οὐ τῶν ζώντων μόνον, ἀλλὰ καὶ τῶν ἀψύχων, οἷον ἀσκῶν τε καὶ θυλάκων καὶ πλοκάμων.	καί γάρ ἄρτημα καί νεῦρον καί ἀρτηρία καί  ὁ εἰς αὐτός καθήκω οὗτος ποιέω φύω , ὅταν εἰς ὄγκος  ὁ   τοσοῦτος ὅσος εἰς εὖρος ἐπιδίδωμι , κοινός γάρ οὗτος πᾶς εἰμί ὁ ἔκτασις τε καί  ἔχω σῶμα , οὐ ὁ ζήω μόνος , ἀλλά καί ὁ ἄψυχος , οἷος  τε καί θύλακος καί πλόκαμος .
186777	tlg0057.tlg095.1st1K-grc1	ἥ τε οὖν μήτρα κατὰ τοιαύτην αἰτίαν ἀνασπᾶταί τε καὶ κατασπᾶται καὶ τῶν ἐντέρων ἔνια καὶ μύες πολλοὶ καὶ δι’ αὐτοὺς τά τε κῶλα καὶ αἱ γένυες.	ὁ τε οὖν μήτρα κατά τοιοῦτος αἰτία  τε καί κατασπάω καί ὁ   καί μῦς πολύς καί διά αὐτός ὁ τε κῶλον καί ὁ γένυς .
186778	tlg0057.tlg095.1st1K-grc1	ἀνάλογον δέ τι τούτῳ κἀπὶ τῶν τῆς ῥάχεως παθῶν ἔμπροσθεν ἐδείκνυτο κυφώσεώς τε καὶ λορδώσεως καὶ σκολιώσεως.	ἀνάλογος δέ τις οὗτος ἐπί ὁ ὁ ῥάχις πάθος ἔμπροσθεν δείκνυμι  τε καί  καί  .
186779	tlg0057.tlg095.1st1K-grc1	Ἡ γὰρ φύσις τοῦ ἰσχίου τοῦ ὀστέου ταύτῃ, ᾗ καὶ ἡ κεφαλὴ καὶ ὁ αὐχὴν τοῦ μηροῦ γίνεται, ὅταν δὲ ἐξαρθρήσῃ, καταφερής τε πέφυκεν ἐπὶ τοῦ πυγαίου τὸ ἔξω μέρος ξυγκάμπτειν μέντοι δύνανται, ὅταν μὴ ὀδύνη κωλύοι.	Ἡ γάρ φύσις ὁ  ὁ  οὗτος , ὅς καί ὁ κεφαλή καί ὁ αὐχήν ὁ μηρός γίγνομαι , ὅταν δέ ἐξαρθρέω , καταφερής τε φύω ἐπί ὁ πυγαῖος ὁ ἔξω μέρος συγκάμπτω  δύναμαι , ὅταν μή ὀδύνη κωλύω .
186780	tlg0057.tlg095.1st1K-grc1	Φύσις ὀστοῦ λεπτοῦ κατὰ τὸ ἰσχίον, ἐν ᾧ καὶ ἡ κοτύλη, πρόδηλον γὰρ ὅτι τὴν ὀπίσω τοῦ μηροῦ τῆς κεφαλῆς μετάστασιν ἐπὶ τῆς ὀπίσω χώρας ὀχεῖσθαι τῆς κοτύλης ἀναγκαῖόν ἐστιν ὡς εἶναι μεταξὺ τῆς κοιλότητος καὶ τῆς τοῦ μηροῦ κεφαλῆς τὸ περιλαμβάνον ἐκ τῶν ὀπίσω μερῶν ὀστοῦ τὴν κοτύλην.	λεπτός κατά ὁ ἰσχίον , ἐν ὅς καί ὁ κοτύλη , πρόδηλος γάρ ὅτι2 ὁ ὀπίσω ὁ μηρός ὁ κεφαλή μετάστασις ἐπί ὁ ὀπίσω χώρα ὀχέω ὁ κοτύλη ἀναγκαῖος εἰμί ὡς εἰμί  ὁ κοιλότης καί ὁ ὁ μηρός κεφαλή ὁ  ἐκ ὁ ὀπίσω μέρος  ὁ κοτύλη .
186781	tlg0057.tlg095.1st1K-grc1	ἔστι δὲ τοῦτο τὸ μέρος αὐτοῦ τοῦ ἰσχίου·	εἰμί δέ οὗτος ὁ μέρος αὐτός ὁ  ·
186782	tlg0057.tlg095.1st1K-grc1	καὶ νῦν ποιούμενος τὸν λόγον καταφερὴς, φησὶ, πέφυκε αὐτὸ πρὸς τὸ ἔξω μέρος τοῦ πυγαίου.	καί νῦν ποιέω ὁ λόγος καταφερής , φημί , φύω αὐτός πρός ὁ ἔξω μέρος ὁ πυγαῖος .
186783	tlg0057.tlg095.1st1K-grc1	πρόδηλον οὖν ἐστι τοῖς ἑωρακόσιν, ἀνατεμνόμενα ταυτὶ τὰ χωρία τὴν κεφαλὴν τοῦ μηροῦ μεθ’ ὅλου τοῦ αὐχένος ἐκπεπτωκέναι βιαίως τῷ κατὰ τὴν πυγὴν μυὶ τῷ μεγάλῳ τῷ τὴν ἔκτασιν ἐργαζομένῳ τῆς κατὰ τοῦτο διαρθρώσεως.	πρόδηλος οὖν εἰμί ὁ ὁράω ,   ὁ χωρίον ὁ κεφαλή ὁ μηρός μετά ὅλος ὁ αὐχήν ἐκπίπτω βίαιος τῷ κατά ὁ πυγή  τῷ μέγας τῷ ὁ ἔκτασις  ὁ κατά οὗτος  .
186784	tlg0057.tlg095.1st1K-grc1	ἀποφύεται δέ τις τοῦ μυὸς τοῦδε τένων ὑμενώδης ἑνούμενος τῷ μικρὸν ἔμπροσθεν εἰρημένῳ τένοντι τὴν γένεσιν ἔχοντι ἐκ τῶν προσθίων τοῦ μηροῦ δυοῖν μυοῖν, ὃν καὶ τὴν μύλην ἔφην ὑπερβαίνοντα καταφύεσθαι τῇ κεφαλῇ τῆς κνήμης.	δέ τις ὁ μῦς ὅδε    τῷ μικρός ἔμπροσθεν λέγω  ὁ γένεσις ἔχω ἐκ ὁ  ὁ μηρός   , ὅς καί ὁ μύλη φημί ὑπερβαίνω  ὁ κεφαλή ὁ κνήμη .
186785	tlg0057.tlg095.1st1K-grc1	οὗτος οὖν ὁ μῦς ὁ τὴν τοῦ μηροῦ κεφαλὴν ἐκπεσοῦσαν δεχόμενος ὀδυνᾶται μάλιστα πάντων ὑπ’ αὐτῆς θλιβόμενός τε καὶ διατεινόμενος, ὥστε καὶ φλεγμαίνειν ἀναγκαῖόν ἐστιν αὐτὸν ἕλκειν τε πρὸς ἑαυτὸν ἄνω τὸν ὀλίγον ἔμπροσθεν εἰρημένον ὑμενώδη τένοντα.	οὗτος οὖν ὁ μῦς ὁ ὁ ὁ μηρός κεφαλή ἐκπίπτω  ὀδυνάω μάλιστα πᾶς ὑπό αὐτός  τε καί διατείνω , ὥστε καί φλεγμαίνω ἀναγκαῖος εἰμί αὐτός ἕλκω τε πρός ἑαυτοῦ ἄνω2 ὁ ὀλίγος ἔμπροσθεν λέγω   .
186786	tlg0057.tlg095.1st1K-grc1	τούτου δὲ συμβαίνοντος ἀκόλουθόν ἐστιν ὀδυνᾶσθαι τὸν κάμνοντα καμπτομένης τῆς ἰγνύας·	οὗτος δέ συμβαίνω ἀκόλουθος εἰμί ὀδυνάω ὁ κάμνω κάμπτω ὁ ἰγνύα ·
186787	tlg0057.tlg095.1st1K-grc1	εἰς ὅσον γὰρ αὕτη κάμπτεται, περιτείνεσθαί τε καὶ περιθλᾶσθαι τῇ μύλῃ τὸν τένοντα.	εἰς ὅσος γάρ οὗτος κάμπτω ,  τε καί  ὁ μύλη ὁ  .
186788	tlg0057.tlg095.1st1K-grc1	τεινόμενος δ’ οὗτος ἀναπέμπει τὴν τάσιν ἐπὶ τὸν μῦν αὐτὸν, ὅθεν ἀπέφυ, τὸν μέγαν ἐκεῖνον, ἐν ᾧ τὴν κεφαλὴν ἔφην ἐστηρίχθαι τοῦ μηροῦ.	τείνω  οὗτος ἀναπέμπω ὁ τάσις ἐπί ὁ μῦς αὐτός , ὅθεν  , ὁ μέγας ἐκεῖνος , ἐν ὅς ὁ κεφαλή   ὁ μηρός .
186789	tlg0057.tlg095.1st1K-grc1	τοῦ χωρίου μὲν τούτου προϊόντος, ὅταν ἥ τε φλεγμονὴ παύσηται τούτου τοῦ μυὸς ὑγρότητά τέ τινα ἴσχει γλίσχραν καὶ τύλον ἐν ἑαυτῷ κτήσεται τὸ ψαῦον τοῦ ἄρθρου μέρος μυὸς, ἀνώδυνος ἡ κατ’ ἰγνύαν γίνεται καμπή.	ὁ  μέν οὗτος πρόειμι , ὅταν ὁ τε φλεγμονή παύω οὗτος ὁ μῦς   τις ἴσχω  καί  ἐν ἑαυτοῦ κτάομαι ὁ ψαύω ὁ  μέρος μῦς , ἀνώδυνος ὁ κατά ἰγνύα γίγνομαι καμπή .
186790	tlg0057.tlg095.1st1K-grc1	συντελεῖ δὲ εἰς τοῦτο καὶ τὰ ἄλλα τὰ πρόσθεν εἰρημένα περὶ τῶν κατὰ τὸ σκέλος μυῶν.	συντελέω δέ εἰς οὗτος καί ὁ ἄλλος ὁ πρόσθεν λέγω περί ὁ κατά ὁ σκέλος μῦς .
186791	tlg0057.tlg095.1st1K-grc1	Καὶ ἡ κνήμη τε καὶ ὁ ποὺς ὀρθὰ ἐπιεικέως φαίνονται καὶ οὔτε τῇ οὔτε τῇ πολὺ ἐγκεκλιμένα.	καί ὁ κνήμη τε καί ὁ  ὀρθός ἐπιεικής φαίνω καί οὔτε ὁ οὔτε ὁ πολύς  .
186792	tlg0057.tlg095.1st1K-grc1	Ὅτι μήτε τελείως καὶ πάνυ σφοδρῶς μήτε παντελῶς ἐκ τῆς ἐπιεικέως δηλοῦται φωνῆς, ἀλλὰ τὸ μετρίως, εὔδηλόν ἐστι κατ’ αὐτῆς τῆς λέξεως.	ὅτι2  τέλειος καί πάνυ σφοδρός μήτε παντελής ἐκ ὁ ἐπιεικής δηλόω φωνή , ἀλλά ὁ μέτριος , εὔδηλος εἰμί κατά αὐτός ὁ λέξις .
186793	tlg0057.tlg095.1st1K-grc1	αὐτὸς γὰρ ἐφεξῆς ὁ Ἱπποκράτης εἶπε καὶ οὔτε τῇ οὔτε τῇ πολὺ ἐγκεκλιμένα σαφῶς ἐνδεικνύμενος δι’ αὐτοῦ προσγράψαι τὸ πολὺ μὴ παρεῖναι τῷ σκέλει, τὸ δ’ ἐπ’ ὀλίγον ἐκτετράφθαι τε καὶ διεστράφθαι παρεῖναι.	αὐτός γάρ ἐφεξῆς ὁ Ἱπποκράτης λέγω καί οὔτε ὁ οὔτε ὁ πολύς  σαφής ἐνδείκνυμι διά αὐτός προσγράφω ὁ πολύς μή πάρειμι τῷ σκέλος , ὁ  ἐπί ὀλίγος  τε καί διαστρέφω πάρειμι .
186794	tlg0057.tlg095.1st1K-grc1	διὰ τοῦτ’ οὖν ἔφη καὶ ἡ κνήμη τε καὶ ὁ ποὺς ὀρθὰ ἐπιεικῶς φαίνεσθαι, ὡς εἰ καὶ μετρίως ὀρθὰ φαίνεσθαι τὰ μόρια ταῦτ’ εἰρήκει.	διά  οὖν φημί καί ὁ κνήμη τε καί ὁ  ὀρθός ἐπιεικής φαίνω , ὡς εἰ καί μέτριος ὀρθός φαίνω ὁ μόριον  λέγω .
186795	tlg0057.tlg095.1st1K-grc1	Κατὰ δὲ τὸν βουβῶνα δοκέει τι ἡ σὰρξ λαπαρωτέρα εἶναι, ποτὶ καὶ ψαυομένη, ἅτε τοῦ ἄρθρου εἰς τὰ ἐπὶ θάτερα μέρη ὠλισθηκότος, κατὰ δὲ τὸ αὐτὸ πυγαῖον διαψαυομένη ἡ κεφαλὴ τοῦ μηροῦ δοκέει τι ἐξογκέειν καὶ μᾶλλον.	δέ ὁ βουβών δοκέω τι ὁ σάρξ  εἰμί ,  καί ψαύω ,  ὁ  εἰς ὁ ἐπί ἕτερος μέρος ὀλισθάνω , κατά δέ ὁ αὐτός πυγαῖος διαψαύω ὁ κεφαλή ὁ μηρός δοκέω τι ἐξογκέω καί μᾶλλον .
186796	tlg0057.tlg095.1st1K-grc1	τὰ μὲν οὖν σημήϊα ταῦτα, ᾧ ἂν ἐς τὸ ὄπισθεν ἐκπεπτώκῃ ὁ μηρός.	ὁ μέν οὖν  οὗτος , ὅς ἄν εἰς ὁ ὄπισθεν  ὁ μηρός .
186797	tlg0057.tlg095.1st1K-grc1	ὅτῳ μὲν οὖν τετελειωμένῳ ἤδη ἐκπεσὼν μὴ ἐμπέσῃ, ὁδοιπορέειν μὲν δύναται, ὅταν ὁ χρόνος ἐγγένηται καὶ ἡ ὀδύνη παύσηται καὶ ἐθισθῇ τὸ ἄρθρον ἐν τῇ σαρκὶ ἐνστροφᾶσθαι.	ὅστις μέν οὖν  ἤδη ἐκπίπτω μή ἐμπίπτω , ὁδοιπορέω μέν δύναμαι , ὅταν ὁ χρόνος  καί ὁ ὀδύνη παύω καί ἐθίζω ὁ ἄρθρον ἐν ὁ σάρξ  .
186798	tlg0057.tlg095.1st1K-grc1	ἀναγκάζεται μέντοι ἰσχυρῶς ξυγκάμπτειν κατὰ τοὺς βουβῶνας ὁδοιπορέων διὰ δισσὰς προφάσιας, ἅμα μὲν ὅτι πολλῷ βραχύτερον τὸ σκέλος γίνεται.	ἀναγκάζω  ἰσχυρός συγκάμπτω κατά ὁ βουβών ὁδοιπορέω διά δισσός πρόφασις , ἅμα μέν ὅτι2 πολύς βραχύς ὁ σκέλος γίγνομαι .
186799	tlg0057.tlg095.1st1K-grc1	διὰ τὰ προειρημένα καὶ τῇ μὲν πτέρνῃ καὶ πάνυ πολλῷ δέεται ψαύειν τῆς γῆς.	διά ὁ προαγορεύω καί ὁ μέν πτέρνη καί πάνυ πολύς δέω2 ψαύω ὁ γῆ .
186800	tlg0057.tlg095.1st1K-grc1	ἢν γὰρ πειριᾶτο καὶ ἐπ’ ὀλίγον τοῦ ποδὸς ὀχηθῆναι, μηδενὶ ἄλλῳ ἀντιστηριζόμενος ἐς τὸ ὀπίσω ἂν πέσοι.	γάρ  καί ἐπί ὀλίγος ὁ πούς ὀχέω , μηδείς ἄλλος ἀντιστηρίζω εἰς ὁ ὀπίσω ἄν πίπτω .
186801	tlg0057.tlg095.1st1K-grc1	ἡ γὰρ ῥοπὴ πολλὴ ἂν εἴη τῶν ἰσχίων ἐπὶ πολὺ ἐς τοὐπίσω ὑπερεχόντων ὑπὲρ τοῦ ποδὸς τῆς βάσιος καὶ τῆς ῥάχιος ἐς τὰ ἰσχία ῥεπούσης.	ὁ γάρ ῥοπή πολύς ἐάν εἰμί ὁ  ἐπί πολύς εἰς ὀπίσω ὑπερέχω ὑπέρ ὁ πούς ὁ βάσις καί ὁ  εἰς ὁ ἰσχίον ῥέπω .
186802	tlg0057.tlg095.1st1K-grc1	μόλις δὲ τῷ στήθει τοῦ ποδὸς καθικνέεται καὶ οὐδὲ οὕτως, ἢν μὴ κάμψῃ αὐτὸς ἑωυτὸν κατὰ τοὺς βουβῶνας καὶ τῷ ἑτέρῳ σκέλει κατὰ τὴν ἰγνύαν ἐπιξυγκάμψῃ.	μόλις δέ τῷ στῆθος ὁ πούς καθικνέομαι καί οὐδέ οὕτως , ἐάν μή κάμπτω αὐτός ἑαυτοῦ κατά ὁ βουβών καί τῷ ἕτερος σκέλος κατά ὁ ἰγνύα ἐπισυγκάμπτω .
186803	tlg0057.tlg095.1st1K-grc1	ἐπειδὴ τούτοισιν ἀναγκάζεται, ὥστε τῇ χειρὶ τῇ κατὰ τὸ σιναρὸν σκέλος ἐρείδεσθαι ἐς τὸ ἄνω τοῦ μηροῦ ἐφ’ ἑκάστῃ ξυμβάσει.	ἐπεί οὗτος ἀναγκάζω , ὥστε ὁ χείρ ὁ κατά ὁ σιναρός σκέλος ἐρείδω εἰς ὁ ἄνω2 ὁ μηρός ἐπί ἕκαστος  .
186804	tlg0057.tlg095.1st1K-grc1	ἀναγκάζει οὖν τι τοῦτο αὐτὸ, ὥστε κάμπτεσθαι κατὰ τοὺς βουβῶνας.	ἀναγκάζω οὖν τις οὗτος αὐτός , ὥστε κάμπτω κατά ὁ βουβών .
186805	tlg0057.tlg095.1st1K-grc1	ἐν γὰρ τῇ μεταλλαγῇ τῶν σκελέων ἐν τῇ ὁδοιπορίῃ οὐ δύναται τὸ σῶμα ὀχέεσθαι ἐπὶ τοῦ σιναροῦ σκέλεος, εἰ μὴ προσκατερείδεται τὸ σιναρὸν πρὸς τὴν γῆν ὑπὸ τῆς χειρὸς, ἅτε οὐχ ὑφεστῶτος τοῦ ἄρθρου ὑπὸ τῷ σώματι, ἀλλ’ ἐς τὸ ὄπισθεν ἐξεστεῶτος κατὰ τὸ ἰσχίον.	ἐν γάρ ὁ μεταλλαγή ὁ σκέλος ἐν ὁ ὁδοιπορία οὐ δύναμαι ὁ σῶμα ὀχέω ἐπί ὁ σιναρός σκέλος , εἰ μή  ὁ σιναρός πρός ὁ γῆ ὑπό ὁ χείρ ,  οὐ  ὁ  ὑπό ὁ σῶμα , ἀλλά εἰς ὁ ὄπισθεν ἐξίστημι κατά ὁ ἰσχίον .
186806	tlg0057.tlg095.1st1K-grc1	ἄνευ μέντοι τοῦ ξύλου δύνανται ὁδοιπορέειν οἱ τοιοῦτοι, ἢν ἄλλως ἐθισθῶσι, διὰ τοῦτο ὅτι ἡ βάσις τοῦ ποδὸς κατὰ τὴν ἀρχαίην ἰθυωρίην ἐστὶν, ἀλλ’ οὐκ εἰς τὸ ἔξω ἐγκεκλιμένη, διὰ τοῦτο οὖν οὐδὲν δέονται τῆς ἀντικοντώσιος.	ἄνευ  ὁ  δύναμαι ὁδοιπορέω ὁ τοιοῦτος , ἐάν ἄλλος  , διά οὗτος ὅτι2 ὁ βάσις ὁ πούς κατά ὁ  εὐθυωρία εἰμί , ἀλλά οὐ εἰς ὁ ἔξω  , διά οὗτος οὖν  δέω ὁ ἀντικόντωσις .
186807	tlg0057.tlg095.1st1K-grc1	ὅσοι μέντοι βούλονται ἀντὶ τῆς τοῦ μηροῦ ἐπιλαβῆς ὑπὸ τὴν μασχάλην τῶν κατὰ τὸ σιναρὸν σκέλος ὑποτιθέμενοι σκίπωνα ἀντερείδειν, κεῖνοι, ἢν μὲν μακρότερον τὸν σκίπωνα ὑποτιθέοιντο, ὀρθότεροι μὲν ὁδοιπορήσουσι, τῷ δὲ ποδὶ πρὸς τὴν γῆν οὐκ ἐρείδονται.	ὅσος  βούλομαι ἀντί ὁ ὁ μηρός ἐπιλαβή ὑπό ὁ μασχάλη ὁ κατά ὁ σιναρός σκέλος ὑποτίθημι σκίπων ἀντερείδω ,  , ἐάν μέν μακρός ὁ σκίπων  ,  μέν ὁδοιπορέω , τῷ δέ πούς πρός ὁ γῆ  ἐρείδω .
186808	tlg0057.tlg095.1st1K-grc1	εἰ δ’ αὖ βούλονται ἐρείδεσθαι τῷ ποδὶ, βραχύτερον μὲν τὸ ξύλον ποιητέον, κατὰ δὲ τοὺς βουβῶνας ἐπιξυγκάμπτεσθαι ἂν δέοι αὐτούς.	εἰ  αὖ βούλομαι ἐρείδω τῷ πούς , βραχύς μέν ὁ ξύλον ποιέω , κατά δέ ὁ βουβών ἐπισυγκάμπτω ἐάν δέω αὐτός .
186809	tlg0057.tlg095.1st1K-grc1	τῶν δὲ σαρκῶν αἱ.	ὁ δέ σάρξ ὁ .
186810	tlg0057.tlg095.1st1K-grc1	μινυθήσιες κατὰ λόγον γίνονται καὶ τούτοισιν, ὥσπερ καὶ πρόσθεν εἴρηται, τοῖσι μὲν γὰρ μετέωρον ἔχουσι τὸ σκέλος οὐκ ὠφελέεται, ἀλλὰ μᾶλλον καὶ ἀσχημονέστερον γίνεται, ἢν χρέωνται τῷ σιναρῷ σκέλει ἐπὶ τὴν γῆν.	μινύθησις κατά λόγος γίγνομαι καί οὗτος , ὥσπερ καί πρόσθεν λέγω , ὁ μέν γάρ μετέωρος ἔχω ὁ σκέλος οὐ ὠφελέω , ἀλλά μᾶλλον καί ἀσχήμων γίγνομαι , ἐάν χράω2 τῷ σιναρός σκέλος ἐπί ὁ γῆ .
186811	tlg0057.tlg095.1st1K-grc1	συνυπουργέον γὰρ ἐκείνῳ ἐξίσχιόν τε ἐπαναγκάζεται εἶναι καὶ κατὰ τὴν ἰγνύην ξυγκάμπτειν, ἢν δὲ μὴ προσχρέηται τῷ σιναρῷ ἐπὶ τὴν γῆν, ἀλλὰ μετέωρον ἔχων σκίπωνι ἀντερείδηται, οὕτω δὲ καρτερὸν γένηται τὸ ὑγιὲς σκέλος·	γάρ ἐκεῖνος ἐξίσχιος τε  εἰμί καί κατά ὁ ἰγνύα συγκάμπτω , ἐάν δέ μή  τῷ σιναρός ἐπί ὁ γῆ , ἀλλά μετέωρος ἔχω σκίπων ἀντερείδω , οὕτως δέ καρτερός γίγνομαι ὁ ὑγιής σκέλος ·
186812	tlg0057.tlg095.1st1K-grc1	ἔν τε γὰρ τῇ φύσει διαιτᾶται καὶ τὰ γυμνάσια προσκρατύνει αὐτό.	ἐν τε γάρ ὁ φύσις διαιτάω καί ὁ γυμνάσιον προσκρατύνω αὐτός .
186813	tlg0057.tlg095.1st1K-grc1	φαίη μὲν οὖν ἄν τις ἔξω ἰατρικῆς τὰ τοιαῦτα εἶναι·	φημί μέν οὖν ἄν τις ἔξω ἰατρικός ὁ τοιοῦτος εἰμί ·
186814	tlg0057.tlg095.1st1K-grc1	τί γὰρ δῆθεν δεῖ περὶ τῶν ἤδη ἀνηκέστων γεγονότων ἔτι προσξυνιέναι;	τι γάρ δῆθεν δέω περί ὁ ἤδη ἀνήκεστος γίγνομαι ἔτι προσσυνίημι ;
186815	tlg0057.tlg095.1st1K-grc1	πολλοῦ δὲ δεῖ οὕτως ἔχειν, τῆς γὰρ αὐτῆς γνώμης καὶ ταῦτα ξυνιέναι.	πολύς δέ δέω οὕτως ἔχω , ὁ γάρ αὐτός γνώμη καί οὗτος σύνειμι2 .
186816	tlg0057.tlg095.1st1K-grc1	οὐ γὰρ οἷόν τε ἀπαλλοτριωθῆναι ἀπ’ ἀλλήλων.	οὐ γάρ  τε ἀπαλλοτριόω ἀπό ἀλλήλων .
186817	tlg0057.tlg095.1st1K-grc1	δεῖ μὲν γὰρ τὰ ἀκεστὰ μηχανάεσθαι, ὅκως μὴ ἀνήκεστά ἐστι, ξυνιέντα ὅπῃ ἂν μάλιστα κωλυτέα εἰς τὸ ἀνήκεστον ἐλθεῖν·	δέω μέν γάρ ὁ ἀκεστός  , ὅπως μή  εἰμί ,  ὅπῃ ἄν μάλιστα  εἰς ὁ ἀνήκεστος ἔρχομαι ·
186818	tlg0057.tlg095.1st1K-grc1	δεῖ δὲ καὶ τὰ ἀνήκεστα ξυνιέναι, ὡς μὴ μάλιστα λυμαίνηται.	δέω δέ καί ὁ ἀνήκεστος σύνειμι2 , ὡς μή μάλιστα λυμαίνομαι .
186819	tlg0057.tlg095.1st1K-grc1	τὰ δὲ προῤῥήματα λαμπρὰ καὶ ἀγωνιστικὰ ἀπὸ τοῦ διαγινώσκειν, ὅπῃ ἕκαστον καὶ οἵως καὶ ὁπότε τελευτήσει, ἤν τε εἰς τὸ ἀκεστὸν τράπηται, ἤν τε εἰς τὸ ἀνήκεστον.	ὁ δέ πρόρρημα λαμπρός καί ἀγωνιστικός ἀπό ὁ διαγιγνώσκω , ὅπῃ ἕκαστος καί οἷος καί ὁπότε τελευτάω , ἐάν τε εἰς ὁ ἀκεστός τραπέω , ἐάν τε εἰς ὁ ἀνήκεστος .
186820	tlg0057.tlg095.1st1K-grc1	ὁκόσοισι δ’ ἂν ἐκ γενεῆς ἢ ἄλλως ἐν αὐξήσει ἐοῦσιν οὕτως ὀλισθῇ τὸ ἄρθρον ὀπίσω καὶ μὴ ἐμπέσῃ, ἤν τε βίῃ ὀλισθῇ ἤν τε ὑπὸ νόσου.	ὁπόσος  ἄν ἐκ γενεά τίη ἄλλος ἐν αὐξάνω  οὕτως  ὁ ἄρθρον ὀπίσω καί μή ἐμπίπτω , ἐάν τε βία  ἐάν τε ὑπό νόσος .
186821	tlg0057.tlg095.1st1K-grc1	πολλὰ γὰρ τοιαῦτα ἐξαρθρήματα γίνεται ἐν νούσοισιν, οἷαι δέ τινές εἰσιν αἱ νοῦσοι ἐν ᾗσιν ἐξαρθρέεται τὰ τοιαῦτα ὕστερον γεγράψεται·	πολύς γάρ τοιοῦτος ἐξάρθρημα γίγνομαι ἐν  , οἷος δέ τις εἰμί ὁ νόσος ἐν ὅς ἐξαρθρέω ὁ τοιοῦτος ὕστερον  ·
186822	tlg0057.tlg095.1st1K-grc1	ἢν γοῦν ἐκστὰν μὴ ἐμπέσοι, τοῦ μὲν μηροῦ τὸ ὀστέον βραχὺ γίνεται, κακοῦται δὲ πᾶν τὸ σκέλος καὶ ἀναυξέστερον γίνεται καὶ ἀσαρκότερον πολλῷ διὰ τὸ μηδὲν προσχρέεσθαι αὐτῷ.	ἐάν γοῦν  μή ἐμπίπτω , ὁ μέν μηρός ὁ ὀστέον βραχύς γίγνομαι , κακόω δέ πᾶς ὁ σκέλος καί ἀναυξής γίγνομαι καί ἄσαρκος πολύς διά ὁ   αὐτός .
186823	tlg0057.tlg095.1st1K-grc1	Εἴρηται καὶ πρόσθεν ὅτι τῇ φωνῇ χρῆται ὁ Ἱπποκράτης, ὅταν αὐξῆσαί ποτε βουληθῇ τὸ λεγόμενον.	καί πρόσθεν ὅτι2 ὁ φωνή χράω2 ὁ Ἱπποκράτης , ὅταν  ποτε βούλομαι ὁ λέγω .
186824	tlg0057.tlg095.1st1K-grc1	ἔστι γὰρ ὁ λόγος τοιόσδε·	εἰμί γάρ ὁ λόγος τοιόσδε ·
186825	tlg0057.tlg095.1st1K-grc1	κατὰ βουβῶνα δοκεῖ τι ἡ σὰρξ λαπαρωτέρα θεωμένοις καὶ πολὺ μᾶλλον, εἰ ψαύσειέ τις τοῦ χωρίου.	κατά βουβών δοκέω τι ὁ σάρξ   καί πολύς μᾶλλον , εἰ ψαύω τις ὁ χωρίον .
186826	tlg0057.tlg095.1st1K-grc1	τὰ δ’ ἐφεξῆς πάντα τοῖς μεμνημένοις τῶν ἔμπροσθεν εἰρημένων ἐστὶ δῆλα.	ὁ  ἐφεξῆς πᾶς ὁ  ὁ ἔμπροσθεν λέγω εἰμί δῆλος .
186827	tlg0057.tlg095.1st1K-grc1	Κακοῦται γὰρ τούτοισι καὶ τὸ κατὰ τὴν ἰγνύην ἄρθρον·	γάρ οὗτος καί ὁ κατά ὁ ἰγνύα ἄρθρον ·
186828	tlg0057.tlg095.1st1K-grc1	τὰ γὰρ νεῦρα ἐντεταμένα γίνεται διὰ τὰ πρόσθεν εἰρημένα, διὸ οὐ δύνανται τὸ κατὰ τὴν ἰγνύην ἄρθρον ἐκταννύειν, οἷσιν ἂν οὕτως ἰσχίον ἐκπέσῃ.	ὁ γάρ νεῦρον ἐντείνω γίγνομαι διά ὁ πρόσθεν λέγω , διό οὐ δύναμαι ὁ κατά ὁ ἰγνύα   , ὅς ἄν οὕτως ἰσχίον ἐκπίπτω .
186829	tlg0057.tlg095.1st1K-grc1	ὡς γὰρ ἐν κεφαλαίῳ εἶπε, πάντα τὰ ἐν τῷ σώματι, ὁκόσα ἐπὶ χρήσει γέγονε, χρεομένοισι μὲν μέτρια καὶ γυμναζομένοισιν ἐν τῇσι ταλαιπωρίῃσιν ἐν ᾗσιν ἕκαστα εἴθισται, οὕτω μὲν ὑγιεινὰ καὶ αὔξημα καὶ εὔγηρα γίνεται, μὴ χρεομένοισι δὲ, ἀλλ’ ἐλινύουσι νοσηρότερα γίνεται καὶ ἀναυξέα καὶ ταχύγηρα.	ὡς γάρ ἐν κεφάλαιος λέγω , πᾶς ὁ ἐν ὁ σῶμα , ὁπόσος ἐπί χρῆσις γίγνομαι ,  μέν μέτριος καί  ἐν ὁ ταλαιπωρία ἐν ὅς ἕκαστος ἐθίζω , οὕτως μέν ὑγιεινός καί  καί  γίγνομαι , μή  δέ , ἀλλά ἐλινύω νοσηρός γίγνομαι καί ἀναυξής καί ταχύγηρος .
186830	tlg0057.tlg095.1st1K-grc1	ἐν δὲ τούτοισιν οὐχ ἥκιστα τὰ ἄρθρα τοῦτο πέπονθε καὶ τὰ νεῦρα, ἢν μή τις αὐτοῖσι χρέηται.	ἐν δέ οὗτος οὐ ἥκιστος ὁ ἄρθρον οὗτος πάσχω καί ὁ νεῦρον , ἐάν μή τις αὐτός χράω2 .
186831	tlg0057.tlg095.1st1K-grc1	κακοῦται οὖν διὰ ταύτας τὰς προφάσιας μᾶλλόν τι ἐν τούτῳ τῷ τρόπῳ τοῦ ὀλισθήματος ἢ ἐν τοῖσιν ἄλλοισιν.	κακόω οὖν διά οὗτος ὁ πρόφασις  τι ἐν οὗτος ὁ τρόπος ὁ ὀλίσθημα ἤ ἐν ὁ ἄλλος .
186832	tlg0057.tlg095.1st1K-grc1	ὅλον γὰρ τὸ σκέλος ἀναυξὲς γίνεται καὶ τῇ ἀπὸ τῶν ὀστέων φύσει καὶ τῇ ἀπὸ τῶν σαρκῶν.	ὅλος γάρ ὁ σκέλος ἀναυξής γίγνομαι καί ὁ ἀπό ὁ ὀστέον φύσις καί ὁ ἀπό ὁ  .
186833	tlg0057.tlg095.1st1K-grc1	οἱ οὖν τοιοῦτοι ὁκόταν ἀνδρωθῶσι, μετέωρον καὶ συγκεκλιμένον τὸ σκέλος ἴσχουσιν, ἐπὶ δὲ τοῦ ἑτέρου ὀχέονται καὶ τῷ ξύλῳ ἀντιστηριζόμενοι οἱ μὲν ἑνὶ, οἱ δὲ δυσί.	ἕ οὖν τοιοῦτος  ἀνδρόω , μετέωρος καί  ὁ σκέλος ἴσχω , ἐπί δέ ὁ ἕτερος ὀχέω καί τῷ ξύλον ἀντιστηρίζω ὁ μέν  , ὁ δέ  .
186834	tlg0057.tlg095.1st1K-grc1	Δῆλον ὅτι μὲν ἰσχίον εἴρηκεν ἐκπίπτειν ἀντὶ τοῦ κατ’ ἰσχίον ἄρθρου.	Δῆλος ὅτι μέν ἰσχίον λέγω ἐκπίπτω ἀντί ὁ κατά ἰσχίον  .
186835	tlg0057.tlg095.1st1K-grc1	εἴρηται γὰρ ἡμῖν πολλάκις, ὡς οἱ παλαιοὶ πάντες, οὔπω τὴν ὕστερον ἀσκηθεῖσαν εἴδεσαν ἀκριβολογίαν τε καὶ λεπτολογίαν ἐν τοῖς ὀνόμασιν, ἀλλ’ ἱκανὸν ἦν αὐτοῖς ἑρμηνεύειν, ἑνὸς μόνου στοχαζομένοις τὸ παρακολουθεῖν τοῖς λεγομένοις τοὺς ἀκούοντας.	λέγω γάρ  πολλάκις , ὡς ἕ παλαιός πᾶς , οὔπω ὁ ὕστερον   ἀκριβολογία τε καί  ἐν ὁ ὄνομα , ἀλλά ἱκανός εἰμί αὐτός ἑρμηνεύω ,  μόνος στοχάζομαι ὁ παρακολουθέω ὁ λέγω ὁ ἀκούω .
186836	tlg0057.tlg095.1st1K-grc1	ὃ δ’ οὖν λέγει τοιόνδε ἐστὶν, οἷς ἂν εἰς τὴν ὀπίσω χώραν ὁ μηρὸς ἐκπέσῃ κακοῦσθαί φησιν οὐ μόνον ἐκεῖνο τὸ ἐκπεσὸν ἄρθρον, ἀλλὰ πρὸς αὐτῷ καὶ τὸ κατὰ τὴν ἰγνύην.	ὅς  οὖν λέγω τοιόσδε εἰμί , ὅς ἐάν εἰς ὁ ὀπίσω χώρα ὁ μηρός ἐκπίπτω  φημί οὐ μόνος ἐκεῖνος ὁ  ἄρθρον , ἀλλά πρός αὐτός καί ὁ κατά ὁ ἰγνύα .
186837	tlg0057.tlg095.1st1K-grc1	διὰ τοῦτο οὖν προσέθηκε τὸν καί σύνδεσμον οὐχ ἁπλῶς εἰπών·	διά οὗτος οὖν προστίθημι ὁ καί σύνδεσμος οὐ ἁπλόος λέγω ·
186838	tlg0057.tlg095.1st1K-grc1	κακοῦται γὰρ τὸ κατὰ τὴν ἰγνύην ἄρθρον.	κακόω γάρ ὁ κατά ὁ ἰγνύα ἄρθρον .
186839	tlg0057.tlg095.1st1K-grc1	ἥντινα δὲ κάκωσιν κακοῦται σαφῶς αὐτὸς ἐδήλωσεν εἰπὼν, τὰ γὰρ νεῦρα ἐντεταμένα γίνεται, νεῦραδ’ εἴτε κυρίως τὰ λεγόμενα τὰ ἐκ νωτιαίου πεφυκότα νῦν ἐβουλήθη δηλοῦν, εἴτε τὰς ἀπονευρώσεις τῶν μυῶν ὅσαι καθήκουσιν εἰς τὴν κνήμην, οὐδὲν εἰς τὰ παρόντα διαφέρει.	ὅστις δέ κακόω κακόω σαφής αὐτός δηλόω λέγω , ὁ γάρ νεῦρον ἐντείνω γίγνομαι , νεῦρον δ’ εἴτε κύριος ὁ λέγω ὁ ἐκ νωτιαῖος φύω νῦν βούλομαι δηλόω , εἴτε ὁ  ὁ  ὅσος καθήκω εἰς ὁ κνήμη , οὐδείς εἰς ὁ πάρειμι διαφέρω .
186840	tlg0057.tlg095.1st1K-grc1	μαρτύρια γὰρ ἡμῖν ἑκάτερα καλῶς ἐξηγουμένοις τὰ εἰρημένα κατὰ τὸν ἔμπροσθεν ὑπ’ αὐτοῦ λόγον, ἐν οἷς ἔφασκε κατὰ τὴν ἰγνύαν ἄρθρον ἀδυνατεῖν ἐκτείνειν, οἷς οὕτως ἐξήρθρησε μηρὸς, ἔτι τε κοινόν τινα προσετίθει λόγον, ὡς πολλαὶ βλάβαι περὶ τινα μόρια γίνονται καὶ σχημάτων καὶ μεγεθῶν καὶ θέσεων καὶ κινήσεων, οὐδὲν αὐτῶν ἐκείνων τῶν μορίων ἴδιον πάθος πεπονθότων, ἀλλὰ δι’ ἕτερά τινα τῶν κοινωνούντων αὐτοῖς·	μαρτύριον γάρ  ἑκάτερος καλός  ὁ λέγω κατά ὁ ἔμπροσθεν ὑπό αὐτός λόγος , ἐν ὅς φάσκω κατά ὁ ἰγνύα  ἀδυνατέω ἐκτείνω , ὅς οὕτως  μηρός , ἔτι τε κοινός τις προστίθημι λόγος , ὡς πολύς βλάβη περί τις μόριον γίγνομαι καί σχῆμα καί  καί θέσις καί κίνησις , οὐδείς αὐτός ἐκεῖνος ὁ μόριος ἴδιος πάθος πάσχω , ἀλλά διά  τις ὁ κοινωνέω αὐτός ·
186841	tlg0057.tlg095.1st1K-grc1	καὶ μάλιστά γε τὰς τάσεις αἰτίαν εἶναί φησι τῶν τοιούτων συμπαθειῶν, ὑπὲρ ὧν ἐδήλουν διελθὼν, ὡς τριχῶς αἴτια γίνεται.	καί  γε ὁ τάσις αἰτία εἰμί φημί ὁ τοιοῦτος συμπάθεια , ὑπέρ ὅς δηλόω διέρχομαι , ὡς τριχῶς  γίγνομαι .
186842	tlg0057.tlg095.1st1K-grc1	καθ’ ἕνα μὲν λόγον ὅταν παραλυθῇ τις μῦς, οὐ γὰρ ὑγιής τις συνεσπασμένος·	κατά  μέν λόγος ὅταν παραλύω τις  , οὐ γάρ ὑγιής τις  ·
186843	tlg0057.tlg095.1st1K-grc1	φαίνεται, καθ’ ἕτερονδ’ ὅταν ὁ ἀντικείμενος ταθῇ, κατ’ ἄλλον δὲ τρίτον ὅτε ἑλχθῇ τὸ ὑγιὲς ὑπό τινος τῶν συνεχῶν, ὡς ἐπὶ τῶν τῆς ἑτέρας μεταστάσεως.	φαίνω , κατά ἕτερος δ’ ὅταν ὁ  τείνω , κατά ἄλλος δέ τρίτος ὅτε  ὁ ὑγιής ὑπό  ὁ  , ὡς ἐπί ὁ ὁ ἕτερος μετάστασις .
186844	tlg0057.tlg095.1st1K-grc1	νῦν οὖν τῶν ὄπισθεν νεύρων καὶ μυῶν καὶ τενόντων τεταμένων ἰγνύα καμφθεῖσα τοῖς ἐκτείνουσιν οὐχ ἕπεται μυσί.	νῦν οὖν ὁ ὄπισθεν  καί μῦς καί τένων  ἰγνύς  ὁ ἐκτείνω οὐ   .
186845	tlg0057.tlg095.1st1K-grc1	περὶ μὲν οὖν τῶν τενόντων τε καὶ μυῶν τῆς τάσεως ἔμπροσθεν εἰπών·	περί μέν οὖν ὁ  τε καί μῦς ὁ τάσις ἔμπροσθεν λέγω ·
186846	tlg0057.tlg095.1st1K-grc1	ἐν δὲ τῷδε τῷ λόγῳ περὶ τῶν νεύρων τῶν ἀπὸ τοῦ νωτιαίου πεφυκότων ἐπὶ τὰ σκέλη.	ἐν δέ  τῷ λόγος περί ὁ  ὁ ἀπό ὁ νωτιαῖος φύω ἐπί ὁ σκέλος .
186847	tlg0057.tlg095.1st1K-grc1	τρεῖς δέ εἰσιν αὐτῶν ἀρχαί·	δέ εἰμί αὐτός ἀρχή ·
186848	tlg0057.tlg095.1st1K-grc1	μία μὲν ἐν τοῖς πρόσω κατὰ τὸ μέγα τρῆμα τοῦ τῆς ἥβης ὀστοῦ.	μέν ἐν ὁ πρόσω κατά ὁ μέγας τρῆμα ὁ ὁ ἥβη  .
186849	tlg0057.tlg095.1st1K-grc1	μία δ’ ἄλλη κατὰ βουβῶνα τοῦ τε συμφερομένου τῇ μεγάλῃ φλεβὶ νεύρου καὶ τοῦ ταύτης ἔξωθεν ἐν τοῖς πρόσω τοῦ μηροῦ.	ἄλλος κατά βουβών ὁ τε  ὁ μέγας φλέψ  καί ὁ οὗτος ἔξωθεν ἐν ὁ πρόσω ὁ μηρός .
186850	tlg0057.tlg095.1st1K-grc1	μικραὶ μὲν αὗται, μεγίστη δ’ ἀρχὴ νεύρων εἰς ὅλον ἀφικνεῖται τὸ σκέλος ἐπὶ τὴν ὀπίσω χώραν πρῶτον ἐξερχομένη μεταξὺ τοῦ τε πλατέος ὀστοῦ καὶ τοῦ καλουμένου κόκκυγος.	μέν οὗτος , μέγας  ἀρχή νεῦρον εἰς ὅλος ἀφικνέομαι ὁ σκέλος ἐπί ὁ ὀπίσω χώρα πρῶτος   ὁ τε πλατύς  καί ὁ καλέω  .
186851	tlg0057.tlg095.1st1K-grc1	αὕτη τοίνυν ἡ ἀρχὴ μεταστάντος ὀπίσω τοῦ ἄρθρου θλίβεται καὶ τείνεται·	οὗτος τοίνυν ὁ ἀρχή μεθίστημι ὀπίσω ὁ  θλίβω καί τείνω ·
186852	tlg0057.tlg095.1st1K-grc1	καὶ διὰ τοῦτ’ ἔφην ἐν τῇ προκειμένῃ ῥήσει δύνασθαι τὸν Ἱπποκράτην καὶ τὰ κυρίως καλούμενα νεῦρα τείνεσθαι λέγειν.	καί διά  φημί ἐν ὁ  ῥῆσις δύναμαι ὁ Ἱπποκράτης καί ὁ κύριος καλέω νεῦρον τείνω λέγω .
186853	tlg0057.tlg095.1st1K-grc1	Οἷσι δ’ ἂν ἐς τοὔμπροσθεν ἡ κεφαλὴ μηροῦ ἐκπέσῃ, ὀλίγοισι δὲ τοῦτο γίνεται, οὗτοι ἐκταννύειν μὲν τὸ σκέλος δύνανται τελείως, ξυγκάμπτειν δὲ ἥκιστα οὗτοι δύνανται τὰ κατὰ τὸν βουβῶνα.	ἐάν εἰς ἔμπροσθεν ὁ κεφαλή μηρός ἐκπίπτω ,  δέ οὗτος γίγνομαι , οὗτος  μέν ὁ σκέλος δύναμαι τέλειος , συγκάμπτω δέ ἥκιστος οὗτος δύναμαι ὁ κατά ὁ βουβών .
186854	tlg0057.tlg095.1st1K-grc1	πονέουσι δὲ καὶ ἢν κατὰ τὴν ἰγνύην ἀναγκάζωνται ξυγκάμπτειν, μῆκος δὲ τοῦ σκέλεος παραπλήσιον φαίνεται κατὰ μὲν τὴν πτέρνην καὶ πάνυ.	πονέω δέ καί ἐάν κατά ὁ ἰγνύα ἀναγκάζω συγκάμπτω , μῆκος δέ ὁ σκέλος παραπλήσιος φαίνω κατά μέν ὁ πτέρνη καί πάνυ .
186855	tlg0057.tlg095.1st1K-grc1	Ὅτι μὲν τὸ βάθος τῆς κοτύλης οὐκ ἴσον ἐν ἅπασι τοῖς μέρεσιν αἴτιον μέν ἐστι τοῦ κατά τινα μὲν ὀλιστάκις ἐκπίπτειν, ἐν ἄλλοις δὲ τόποις πλειστάκις ἔμπροσθεν εἴρηται.	ὅτι μέν ὁ βάθος ὁ κοτύλη οὐ ἴσος ἐν ἅπας ὁ μέρος αἴτιος μέν εἰμί ὁ κατά τις μέν  ἐκπίπτω , ἐν ἄλλος δέ τόπος πλειστάκις ἔμπροσθεν λέγω .
186856	tlg0057.tlg095.1st1K-grc1	νυνὶ δὲ περὶ τῆς εἰς τὸ πρόσω γιγνομένης ὀλισθήσεως τοῦ μηροῦ διαλεγόμενος ἐναντία φησὶ πάσχειν τοὺς οὕτω διακειμένους τοῖς ὀπίσω τὴν ἐξάρθρησιν ἐσχηκόσιν.	νυνί δέ περί ὁ εἰς ὁ πρόσω   ὁ μηρός  ἐναντίος φημί πάσχω ὁ οὕτως  ὁ ὀπίσω ὁ  ἔχω .
186857	tlg0057.tlg095.1st1K-grc1	ἐκεῖνοι μὲν γὰρ ἐκταννύειν τὸ σκέλος οὐκ ἠδύναντο, κάμπτειν δ’ οὗτοι κατὰ μὲν τὸν βουβῶνα.	ἐκεῖνος μέν γάρ  ὁ σκέλος οὐ  , κάμπτω  οὗτος κατά μέν ὁ βουβών .
186858	tlg0057.tlg095.1st1K-grc1	διότι κατ’ αὐτὴν τὴν καμπτὴν ἡ κεφαλὴ τοῦ μηροῦ νῦν ἐστιν ἅμα τῷ αὐχένι, κατὰ δὲ τὸ γόνυ διὰ τὸν ἀπὸ τοῦ τῆς λαγόνος ὀστοῦ καταφερόμενον μῦν πρόσθιον, ὃν ἡ κεφαλὴ τοῦ μηροῦ θλίβεται καὶ διατείνεται κυρτοῦσα περὶ αὐτήν.	διότι κατά αὐτός ὁ  ὁ κεφαλή ὁ μηρός νῦν εἰμί ἅμα ὁ αὐχήν , κατά δέ ὁ γόνυ διά ὁ ἀπό ὁ ὁ   καταφέρω μῦς πρόσθιος , ὅς ὁ κεφαλή ὁ μηρός θλίβω καί   περί αὐτός .
186859	tlg0057.tlg095.1st1K-grc1	ἐκτείνεσθαι τοιγαροῦν ἐπὶ πλεῖον οὐκ ἄρα δυναμένη ἀντιβαίνει τοῖς κάμπτειν ἐπιχειροῦσι τὴν ἰγνύαν.	ἐκτείνω  ἐπί πλέως οὐ ἄρα  ἀντιβαίνω ὁ κάμπτω ἐπιχειρέω ὁ ἰγνύα .
186860	tlg0057.tlg095.1st1K-grc1	μῆκος δὲ σκέλεος παρα πλησίως φαίνεται ἐπὶ μὲν τῆς εἰς τὴν ἔσω χώραν ἐκπτώσεως αὐτὸς εἶπε κατὰ λέξιν οὕτως·	μῆκος δέ σκέλος   φαίνω ἐπί μέν ὁ εἰς ὁ εἴσω χώρα ἔκπτωσις αὐτός λέγω κατά λέξις οὕτως ·
186861	tlg0057.tlg095.1st1K-grc1	ἐπὶ τε γὰρ τὸ ἀπὸ τοῦ ἰσχίου πέφυκεν ὀστοῦν τὸ ἀναφερόμενον πρὸς τὸν κτένα, ἐπὶ τοῦτον ἡ ἐπίβασις τῆς κεφαλῆς τοῦ μηροῦ γίνεται καὶ ὁ αὐχὴν τοῦ ἄρθρου ἐπὶ τῆς κοτύλης ὀχέεται κατὰ τὸν ἔμπροσθεν χρόνον οὐχ ὅλως ἐπ’ αὐτῆς ὀχούμενος, ἀλλὰ τῷ πλείστῳ κατὰ τοῦ βάθους αὐτῆς ὀχούμενος.	ἐπί τε γάρ ὁ ἀπό ὁ ἰσχίον φύω  ὁ ἀναφέρω πρός ὁ κτείς , ἐπί οὗτος ὁ ἐπίβασις ὁ κεφαλή ὁ μηρός γίγνομαι καί ὁ αὐχήν ὁ  ἐπί ὁ κοτύλη ὀχέω κατά ὁ ἔμπροσθεν χρόνος οὐ ὅλος ἐπί αὐτός ὀχέω , ἀλλά τῷ  κατά ὁ βάθος αὐτός ὀχέω .
186862	tlg0057.tlg095.1st1K-grc1	ἐν δὲ τῷ νῦν λόγῳ φησί·	ἐν δέ τῷ νῦν λόγος φημί ·
186863	tlg0057.tlg095.1st1K-grc1	κατὰ μὲν τὸν βουβῶνα ἐξογκέονται καὶ κατατεταμένον τὸ χωρίον φαίνεται, ὥστε ἀποκεχώρηκε νῦν ἐκείνης τῆς ἐξαρθρήσεως ὁ μηρὸς εἴς τε τὸ πρόσω καὶ τὸ κατωτέρω βραχὺ καὶ διὰ τοῦτ’ ἴσον φαίνεται τὸ πεπονθὸς σκέλος τῷ ὑγιεῖ καὶ τοῦτο μάλιστα αὐτοῖς ὑπάρχει κατὰ τὴν πτέρναν.	κατά μέν ὁ βουβών  καί κατατείνω ὁ χωρίον φαίνω , ὥστε  νῦν ἐκεῖνος ὁ  ὁ μηρός εἰμί τε ὁ πρόσω καί ὁ κάτω βραχύς καί διά  ἴσος φαίνω ὁ   τῷ  καί οὗτος μάλιστα αὐτός ὑπάρχω κατά ὁ πτέρνα .
186864	tlg0057.tlg095.1st1K-grc1	ἄρκος γὰρ ὁ ποὺς ἧσσον ἐπινεύειν δύναται πρὸς τὴν γῆν.	γάρ ὁ  ἥσσων ἐπινεύω δύναμαι πρός ὁ γῆ .
186865	tlg0057.tlg095.1st1K-grc1	εἴρηται δ’ ἡμῖν τούτου πρόσθεν ἡ αἰτία καὶ νῦνδ’ ἐφεξῆς εἰρήσεται διὰ κεφαλαίων.	λέγω   οὗτος πρόσθεν ὁ αἰτία καί νῦν δ’ ἐφεξῆς  διά κεφάλαιος .
186866	tlg0057.tlg095.1st1K-grc1	Ἄκρος δὲ ὁ ποὺς ἧσσόν τι προκύπτειν ἐθέλει ἐς τοὔμπροσθεν.	δέ ὁ   τις προκύπτω ἐθέλω εἰς  .
186867	tlg0057.tlg095.1st1K-grc1	ὅλον δὲ τὸ σκέλος ἔχει τὴν ἰθυωρίην κατὰ τὴν φύσιν καὶ οὔτε τῇ οὔτε τῇ ῥέπει.	ὅλος δέ ὁ σκέλος ἔχω ὁ εὐθυωρία κατά ὁ φύσις καί οὔτε ὁ οὔτε ὁ ῥέπω .
186868	tlg0057.tlg095.1st1K-grc1	Τὸ μὲν ἐθέλειν αὐτὸ σημαίνει τὸ δύνασθαι, καθάπερ που καὶ παρὰ τῷ ποιητῇ·	μέν ἐθέλω αὐτός σημαίνω ὁ δύναμαι , καθά που καί παρά ὁ ποιητής ·
186869	tlg0057.tlg095.1st1K-grc1	οὐδ’ ἔθελε προρέειν.	οὐδέ ἐθέλω προρέω .
186870	tlg0057.tlg095.1st1K-grc1	ἐπὶ τῷ μὴ δύνασθαι λέλεκται·	ἐπί τῷ μή δύναμαι λέγω ·
186871	tlg0057.tlg095.1st1K-grc1	ποδὸς δὲ ἄκρον εἴρηκε τὸ ἀπὸ τοῦ πεδίου μέχρι τοῦ κατὰ τοὺς δακτύλους ὀνύχων τε μέρος τοῦ ποδός·	πούς δέ ἄκρον λέγω ὁ ἀπό ὁ πεδίον μέχρι ὁ κατά ὁ δάκτυλος ὄνυξ τε μέρος ὁ πούς ·
186872	tlg0057.tlg095.1st1K-grc1	συμβαίνει δ’, ὡς καὶ πρόσθεν ἐῤῥέθη, μὴ δύνασθαι καλῶς εἰς τοὐπίσω τὸ κατὰ τὸν ἀστράγαλον ἄρθρον ἐκτεταμένης τῆς ἰγνύος.	συμβαίνω  , ὡς καί πρόσθεν  , μή δύναμαι καλός εἰς ὀπίσω ὁ κατά ὁ ἀστράγαλος ἄρθρον  ὁ ἰγνύα .
186873	tlg0057.tlg095.1st1K-grc1	ταῦτ’ οὖν καὶ νῦν ἑρμηνεῦσαι θέλων εἶπεν·	οὖν καί νῦν ἑρμηνεύω ἐθέλω λέγω ·
186874	tlg0057.tlg095.1st1K-grc1	ἄκρος δὲ ὁ ποὺς ἧσσόν τι προκύπτειν ἐθέλει εἰς τοὔμπροσθεν, ἐνδεικνύμενος ὅτι τοὺς δακτύλους, οἵπερ ἦσαν ἄκρος ποὺς οὐχ οἷόν τε εὐκόλως κατατείνειν τε καὶ κατανεύειν καὶ καταφέρειν εἰς τοὔδαφος.	ἄκρος δέ ὁ   τι προκύπτω ἐθέλω εἰς ἔμπροσθεν , ἐνδείκνυμι ὅτι2 ὁ δάκτυλος , οἷπερ εἰμί ἄκρος  οὐ  τε εὔκολος κατατείνω τε καί κατανεύω καί καταφέρω εἰς ἔδαφος .
186875	tlg0057.tlg095.1st1K-grc1	Ὀδυνῶνται δὲ αὐτίκα οὗτοι μάλιστα καὶ οὖρον ἴσχεται τὸ πρῶτον μᾶλλόν τι ἢ τοῖσιν ἄλλοισιν ἐξαρθρήμασιν.	δέ αὐτίκα οὗτος μάλιστα καί ὅρος ἴσχω ὁ πρῶτος  τις ἤ ὁ ἄλλος ἐξάρθρημα .
186876	tlg0057.tlg095.1st1K-grc1	Αὐτὸς εἶπε τὴν αἰτίαν δι’ ἣν ταῦτα γίνεται.	λέγω ὁ αἰτία διά ὅς οὗτος γίγνομαι .
186877	tlg0057.tlg095.1st1K-grc1	Ἐγκέεται γὰρ ἡ κεφαλὴ τοῦ μηροῦ ἐγγυτάτω τούτοισι τῶν πόνων τῶν ἐπικαίρων καὶ κατὰ μὲν τὸν βουβῶνα ἐξογκέονται καὶ κατατεταμένον τὸ χωρίον φαίνεται, κατὰ δὲ τὸ πυγαῖον στολιδωδέστερον καὶ ἀσαρκότατον.	γάρ ὁ κεφαλή ὁ μηρός ἐγγύς οὗτος ὁ πόνος ὁ  καί κατά μέν ὁ βουβών  καί κατατείνω ὁ χωρίον φαίνω , κατά δέ ὁ πυγαῖος  καί  .
186878	tlg0057.tlg095.1st1K-grc1	ταῦτα μὲν οὖν σημήϊά ἐστι τὰ εἰρημένα, ὧν ἂν οὕτως ἐκπεπτώκῃ ὁ μηρός.	οὗτος μέν οὖν  εἰμί ὁ λέγω , ὅς ἐάν οὕτως  ὁ  .
186879	tlg0057.tlg095.1st1K-grc1	Ὠνόμασε δ’ οὕτω τὰ συγκαταφερόμενα διὰ τοῦ βουβῶνος νεῦρα τῇτ’ ἀρτηρίᾳ καὶ τῇ φλεβί.	οὕτως ὁ  διά ὁ βουβών νεῦρον ὁ τ’ ἀρτηρία καί ὁ  .
186880	tlg0057.tlg095.1st1K-grc1	κέκληκε δὲ ἐπίκαιρα ταῦτα τὰ νεῦρα, καθότι καὶ πρόσθεν ἐμάθομεν, ὅσοι μεγάλην οὕτως ἔχει δύναμιν αὐτὸν ὀνομάζειν.	καλέω δέ ἐπίκαιρος οὗτος ὁ νεῦρον ,  καί πρόσθεν μανθάνω , ὅσος μέγας οὕτως ἔχω δύναμις αὐτός ὀνομάζω .
186881	tlg0057.tlg095.1st1K-grc1	ἔχει δὲ ταῦτα μεγάλην δύναμιν ἐγγυτάτω τοῦ τε νωτιαίου κείμενα καὶ κατ’ ἐκεῖνα τὰ μέρη τὴν ἔκφυσιν αὐτῶν λαμβάνοντα, καθ’ ἃ καὶ εἰς τὴν κύστιν ἀποφύεται νεῦρα, διὸ καὶ ἡ συμπάθεια τῆς κύστεως ἀκολουθεῖ τοῖς τοιούτοις ἐξαρθρήμασι φλεγμαινούσης τε καὶ ἀδυνατούσης ἐκκρίνειν τὸ οὖρον.	ἔχω δέ οὗτος μέγας δύναμις ἐγγύς ὁ τε νωτιαῖος  καί κατά ἐκεῖνος ὁ μέρος ὁ ἔκφυσις αὐτός λαμβάνω , κατά  καί εἰς ὁ κύστις  νεῦρον , διό καί ὁ συμπάθεια ὁ κύστις ἀκολουθέω ὁ τοιοῦτος  φλεγμαίνω τε καί  ἐκκρίνω ὁ ὅρος .
186882	tlg0057.tlg095.1st1K-grc1	ἴσως δ’ ἄν ποτε καὶ διὰ μέγεθος φλεγμονῆς ἐν τῷ τραχήλῳ τῆς κύστεως γενόμενον, ἔνθα καὶ ὁ μῦς ἐστιν ὁ σφίγγων αὐτὸν ἐπισχεθῇ τὰ οὖρα τὴν κατὰ τὸν πόρον χώραν τῶν φλεγμαινόντων μορίων καταλαμβανόντων τε καὶ ἀποφραττόντων.	ἴσος  ἄν ποτε καί διά μέγεθος φλεγμονή ἐν ὁ τράχηλος ὁ κύστις γίγνομαι , ἔνθα καί ὁ μῦς εἰμί ὁ  αὐτός  ὁ  ὁ κατά ὁ πόρος χώρα ὁ  μόριος καταλαμβάνω τε καί  .
186883	tlg0057.tlg095.1st1K-grc1	Ὁκόσοισι μὲν οὖν ἂν ἤδη ἠνδρωμένοισι τοῦτο τὸ ἄρθρον ἐκπεσὸν μὴ ἐμπέσῃ, οὗτοι ὁκόταν αὐτοῖσιν ἡ ὀδύνη παύσηται καὶ τὸ ἄρθρον ἐθισθείη ἐν τῷ χωρίῳ τούτῳ στρωφᾶσθαι, ἵνα ἐξέπεσεν, οὗτοι δύνανται σχεδὸν εὐθὺς ὀρθοὶ ὁδοιπορέειν ἄνευ ξύλου καὶ πάνυ μέντοι εὐθέες, ἐπὶ δὲ τὸ σιναρὸν, ἅτε οὔτε κατὰ τὸν βουβῶνα εὔκαμπτοι ἐόντες οὔτε κατὰ τὴν ἰγνύην.	μέν οὖν ἐάν ἤδη  οὗτος ὁ ἄρθρον  μή ἐμπίπτω , οὗτος  αὐτός ὁ ὀδύνη παύω καί ὁ ἄρθρον ἐθίζω ἐν ὁ χωρίον οὗτος στρωφάω , ἵνα ἐκπίπτω , οὗτος δύναμαι σχεδόν εὐθύς ὀρθός ὁδοιπορέω ἄνευ ξύλον καί πάνυ  εὐθύς , ἐπί δέ ὁ σιναρός , ἅτε οὔτε κατά ὁ βουβών εὔκαμπτος εἰμί οὔτε κατά ὁ ἰγνύα .
186884	tlg0057.tlg095.1st1K-grc1	διὰ γοῦν τοῦ βουβῶνος τὴν ἀκαμπίην εὐθυτέρῳ ὅλῳ τῷ σκέλει ἐν τῇ ὁδοιπορίῃ χρέονται ἢ ὅτε ὑγίαινον.	διά γοῦν ὁ βουβών ὁ ἀκαμπία  ὅλος ὁ σκέλος ἐν ὁ ὁδοιπορία χράω τίη ὅτε ὑγιαίνω .
186885	tlg0057.tlg095.1st1K-grc1	Τὸ μὲν αὐτίκα, τουτέστι παραχρῆμα, κατὰ τὸν τῆς ἐκπτώσεως καιρὸν ὀδυνᾶσθαί τε αὐτοὺς εἶπε καὶ οὔρων ἐπίσχεσιν γίγνεσθαι.	μέν αὐτίκα ,  παραχρῆμα , κατά ὁ ὁ ἔκπτωσις καιρός ὀδυνάω τε αὐτός λέγω καί   γίγνομαι .
186886	tlg0057.tlg095.1st1K-grc1	τοῦ μέντοι χρόνου προϊόντος, ὅταν ταῦτα παύσηται, βαδίζειν δύνασθαι·	ὁ  χρόνος πρόειμι , ὅταν οὗτος παύω , βαδίζω δύναμαι ·
186887	tlg0057.tlg095.1st1K-grc1	διὰ τί δὲ ταῦτα πέπαυται, καίτοι κατὰ τὴν αὐτὴν χώραν μενούσης τῆς κεφαλῆς τοῦ μηροῦ καὶ θλιβούσης τε καὶ τεινούσης ὁμοίως τὰ νεῦρα διδάξει τε διὰ τοῦ προσθεῖναι τῇ λέξει τὸ ἐθισθείη ἐν τῷ χωρίῳ στροφᾶσθαι, ἕνα ἐξέπεσεν.	διά τίς δέ οὗτος παύω ,  κατά ὁ αὐτός χώρα μένω ὁ κεφαλή ὁ μηρός καί θλίβω τε καί τείνω ὅμοιος ὁ νεῦρον διδάσκω τε διά ὁ προστίθημι ὁ λέγω ὁ ἐθίζω ἐν ὁ χωρίον στροφάω ,  ἐκπίπτω .
186888	tlg0057.tlg095.1st1K-grc1	εἰς γὰρ τὸν ἐθισμὸν ἀναφέρειν φαίνεται τοῦ γινομένου τὴν αἰτίαν, ἐπειδὴ τά τε θλιβόμενα πρός τινων ἐν τῷ χρόνῳ τυλουμένων ῥᾷον αὐτῶν ἀνέχεται καὶ τὰ τεινόμενα κατὰ τὸν αὐτὸν χρόνον, ὅταν ἐθισθῇ τοῦτο πάσχειν, ἀνιώμενα παύεται.	εἰς γάρ ὁ ἐθισμός ἀναφέρω φαίνω ὁ  ὁ αἰτία , ἐπεί ὁ τε  πρός  ἐν ὁ χρόνος  ῥᾴδιος αὐτός ἀνέχω καί ὁ  κατά ὁ αὐτός χρόνος , ὅταν ἐθίζω οὗτος πάσχω ,  παύω .
186889	tlg0057.tlg095.1st1K-grc1	διὰ τί δ’ ὀρθοὶ δύνανται βαδίζειν ἄνευ ξύλου κατὰ τὴν ἐχομένην ῥῆσιν αὐτὸς ἐδίδαξε·	διά τι  ὀρθός δύναμαι βαδίζω ἄνευ  κατά ὁ ἔχω ῥῆσις αὐτός διδάσκω ·
186890	tlg0057.tlg095.1st1K-grc1	κεφάλαιον δ’ ἐστὶ τοῦ λόγου τό τε κατὰ τὴν εὐθυωρίαν φυλάττεσθαι τὸ σκέλος καὶ τὸ μηδέτερον κάμπτεσθαι τῶν ἄρθρων, μήτε τὸ κατὰ βουβῶνα, μήτε τὸ κατὰ γόνυ.	κεφάλαιος  εἰμί ὁ λόγος ὁ τε κατά ὁ εὐθυωρία φυλάσσω ὁ σκέλος καί ὁ μηδέτερος κάμπτω ὁ ἄρθρον , μήτε ὁ κατά βουβών ,  ὁ κατά γόνυ .
186891	tlg0057.tlg095.1st1K-grc1	Καὶ σύρουσι δὲ ἐνίοτε πρὸς τὴν γῆν τὸν πόδα, ἅτε οὐ ῥηϊδίως ξυγκάμπτοντες τὰ ἄνω ἄρθρα καὶ ἅτε παντὶ βαίνοντες τῷ ποδί.	καί σύρω δέ ἐνίοτε πρός ὁ γῆ ὁ πούς ,  οὐ ῥᾴδιος συγκάμπτω ὁ ἄνω2 ἄρθρον καί ἅτε πᾶς βαίνω τῷ πούς .
186892	tlg0057.tlg095.1st1K-grc1	οὐδὲν γὰρ ἧσσον τῇ πτέρνῃ οὗτοι βαίνουσιν ἢ τῷ ἔμπροσθεν.	οὐδείς γάρ ἥσσων ὁ πτέρνη οὗτος βαίνω ἤ τῷ ἔμπροσθεν .
186893	tlg0057.tlg095.1st1K-grc1	Τὰ ἄνω ἄρθρα λέγει τό τε κατ’ ἰγνύαν καὶ τὸ κατὰ βουβῶνα.	ἄνω2 ἄρθρον λέγω ὁ τε κατά ἰγνύα καί ὁ κατά βουβών .
186894	tlg0057.tlg095.1st1K-grc1	τέτταρα δ’ ἐστὶν ἄρθρα τὰ πρὸς τὸ βαδίζειν ὑπηρετοῦντα, τὸ κατὰ βουβῶνα, τὸ κατ’ ἰγνύαν, τὸ κατ’ ἀστράγαλον, τὸ κατὰ τοὺς δακτύλους.	τέσσαρες  εἰμί ἄρθρον ὁ πρός ὁ βαδίζω ὑπηρετέω , ὁ κατά βουβών , ὁ κατά ἰγνύα , ὁ κατά ἀστράγαλος , ὁ κατά ὁ δάκτυλος .
186895	tlg0057.tlg095.1st1K-grc1	ὡς ἓν γὰρ ἀριθμῷ τοῦτο, κἂν ᾖ πολλὰ, διὰ τὸ τῆς χρείας τε καὶ τῆς ἐνεργείας κοινόν.	ὡς  γάρ ἀριθμός οὗτος , ἐάν εἰμί  , διά ὁ ὁ χρεία τε καί ὁ ἐνέργεια κοινός .
186896	tlg0057.tlg095.1st1K-grc1	τοῦτο μὲν οὖν τὸ ἄρθρον ὀλίγον τι συντελεῖ, τὸ μέντοι κατὰ τῆς γῆς στηριζόμενον διὰ τοῦ ποδὸς ἐκ τοῦ μάλιστα ἡμῖν ὑπάρχει βραχύ τι συντελούντων αὐτῶν κατὰ τοὺς δα κτύλους ἄρθρων.	οὗτος μέν οὖν ὁ ἄρθρον ὀλίγος   , ὁ  κατά ὁ γῆ  διά ὁ πούς ἐκ ὁ μάλιστα  ὑπάρχω βραχύς τις συντελέω αὐτός κατά ὁ   ἄρθρον .
186897	tlg0057.tlg095.1st1K-grc1	ἥ γε μὴν ὅλη τῶν σκελῶν ἐνέργεια κατά τε τὸ βαδίζειν καὶ πολὺ μᾶλλον κατὰ τὸ θεῖν ἐκ τῆς κατὰ τὸν βουβῶνα καὶ τὸ γόνυ διαρθρώσεως τείνεται.	γε μήν  ὁ σκέλος  κατά τε ὁ βαδίζω καί πολύς μᾶλλον κατά ὁ θέω ἐκ ὁ κατά ὁ βουβών καί ὁ γόνυ  τείνω .
186898	tlg0057.tlg095.1st1K-grc1	καμπτομένων γὰρ αὐτῶν ὑψηλὸν ἀπὸ τῆς γῆς τὸ κῶλον εὐμαρῶς καταφέρεται.	γάρ αὐτός ὑψηλός ἀπό ὁ γῆ ὁ κῶλον εὐμαρής καταφέρω .
186899	tlg0057.tlg095.1st1K-grc1	νῦν οὖν εἰκότως οὐδετέρου καμπτομένου σύρειν αὐτοὺς ἐπὶ τῆς γῆς ἔφη τὸν πόδα.	νῦν οὖν εἰκός οὐδέτερος  σύρω αὐτός ἐπί ὁ γῆ φημί ὁ πούς .
186900	tlg0057.tlg095.1st1K-grc1	τὸ δ’ ἐνίοτε προσέθηκε διὰ τε τὴν ἐν τοῖς ἐδάφεσι διαφορὰν καὶ τὸ ποσὸν τῆς βλάβης.	ὁ  ἐνίοτε προστίθημι διά τε ὁ ἐν ὁ ἔδαφος διαφορά καί ὁ  ὁ βλάβη .
186901	tlg0057.tlg095.1st1K-grc1	οἱ μὲν γὰρ ἐν ὁμαλῷ τε καὶ κατάντει χωρίῳ βαδίζοντες·	ὁ μέν γάρ ἐν  τε καί καταντάω χωρίον βαδίζω ·
186902	tlg0057.tlg095.1st1K-grc1	εἰ βραχὺ γοῦν κάμπτοιεν ἐν τοῖς ὑψηλοῖς ἄρθροις τὸ σκέλος, οὐδ’ ὅλως σύρουσι τὸν πόδα, οἱ δ’ ἀνωμάλῳ τε καὶ ἀνάντει κάμπτειν ἱκανοὶ τοσοῦτον ἀποδέουσι τοῦ μὴ σύρειν, ὥστε καὶ προσκόπτουσι τοῖς ἐξέχουσι κατὰ τοὔδαφος καὶ ἅτε παντὶ βαίνοντες τῷ ποδὶ, ὅλῳ τῷ ποδὶ βαίνουσιν, οἱ καὶ τῇ πτέρνῃ καὶ τῷ πεδίῳ καὶ τοῖς ἄκροις δακτύλοις στηριζόμενοι κατὰ τῆς γῆς.	εἰ βραχύς γοῦν  ἐν ὁ ὑψηλός ἄρθρον ὁ σκέλος , οὐδέ ὅλος σύρω ὁ πούς , ὁ   τε καί  κάμπτω ἱκανός τοσοῦτος  ὁ μή σύρω , ὥστε καί  ὁ ἐξέχω κατά ἔδαφος καί ἅτε πᾶς βαίνω ὁ πούς , ὅλος ὁ πούς βαίνω , ὁ καί ὁ πτέρνη καί τῷ πεδίον καί ὁ ἄκρον δάκτυλος  κατά ὁ γῆ .
186903	tlg0057.tlg095.1st1K-grc1	οὐ γὰρ πρὸ τούτων οἷς ὀπίσω μετέστη τὸ ἄρθρον, ὡς ἂν μικρότερον ἔχοντες τὸ σκέλος οὐκ ἐχρῶντο τῇ πτέρνῃ βαδίζοντες, ἀλλ’ ἤρκει μόνον αὐτοῖς εἰς τοῦτο τοῦ ποδὸς τὸ στῆθος, ὅπερ ἔφην ὑπὸ τῶν ἀνατομικῶν ὀνομάζεσθαι πεδίον.	οὐ γάρ πρό οὗτος ὅς ὀπίσω μεθίστημι ὁ ἄρθρον , ὡς ἄν  ἔχω ὁ σκέλος οὐ χράω2 ὁ πτέρνη βαδίζω , ἀλλά ἀρκέω μόνος αὐτός εἰς οὗτος ὁ πούς ὁ στῆθος , ὅς φημί ὑπό ὁ  ὀνομάζω πεδίον .
186904	tlg0057.tlg095.1st1K-grc1	ἀλλ’ οἷς γε εἰς τὸ πρόσω τὸ κατ’ ἰσχίον ἄρθρον ἐξέπεσεν, ὡς ἂν τὴν πτέρναν ἐπὶ τῆς γῆς ἑδράζοντες διὰ τὸ μὴ δύνασθαι τῷ κατὰ τοὺς δακτύλους μέρει τοῦ ποδὸς ἐπιβαίνειν, ὧν ὑστέρῳ χρῶνται τῷ πρόσω κατ’ ἐκεῖνον τὸν καιρὸν, ἡνίκα ἤδη μέλλωσι στηριχθέντες ἐπὶ τοῦ πεπονθότος σκέλους ἐπιχειρεῖν τὸ ἕτερον μεταφέρειν.	ἀλλά ὅς γε εἰς ὁ πρόσω ὁ κατά ἰσχίον ἄρθρον ἐκπίπτω , ὡς ἄν ὁ πτέρνα ἐπί ὁ γῆ  διά ὁ μή δύναμαι τῷ κατά ὁ δάκτυλος μέρος ὁ πούς ἐπιβαίνω , ὅς ὕστερος χράω2 τῷ πρόσω κατά ἐκεῖνος ὁ καιρός ,  ἤδη μέλλω  ἐπί ὁ πάσχω  ἐπιχειρέω ὁ ἕτερος μεταφέρω .
186905	tlg0057.tlg095.1st1K-grc1	Εἰ δέ γε ἠδύναντο μέγα προβαίνειν, κἂν πάνυ πτερνοβάται ἦσαν.	εἰ δέ γε  μέγας προβαίνω , ἐάν πάνυ πτερνοβάτης εἰμί .
186906	tlg0057.tlg095.1st1K-grc1	καὶ γὰρ οἱ ὑγιαίνοντες, ὅσῳ ἂν μεῖζον προβαίνοντες ὁδοιπορέωσι, τοσούτῳ μᾶλλον πτερνοβάται εἰσὶ τιθέντες τὸν πόδα, αἴροντες δὲ τὸν ἐναντίον.	καί γάρ ὁ ὑγιαίνω , ὅσος ἐάν μέγας προβαίνω ὁδοιπορέω , τοσοῦτος μᾶλλον πτερνοβάτης εἰμί τίθημι ὁ πούς , αἴρω δέ ὁ ἐναντίος .
186907	tlg0057.tlg095.1st1K-grc1	Ὅτι μὲν οἱ μέγα προβαίνοντες τὴν πτέρναν ἐπὶ τῆς γῆς στηρίζουσιν, εἴρηταί μοι πρόσθεν ἐναργῶς τε φαίνεται.	ὅτι μέν ἕ μέγας προβαίνω ὁ πτέρνα ἐπί ὁ γῆ  , εἴρω  πρόσθεν  τε φαίνω .
186908	tlg0057.tlg095.1st1K-grc1	οὐδὲν δὲ ἧττον φαίνεται καὶ τὸ μὴ προβαίνειν μέγα πάντως, ὅσοι δύνανται κάμπτειν τὰ ἄνω ἄρθρα δι’ ἡντινοῦν αἰτίαν.	δέ ἥσσων φαίνω καί ὁ μή προβαίνω μέγας πᾶς , ὅσος δύναμαι κάμπτω ὁ ἄνω2 ἄρθρον διά  αἰτία .
186909	tlg0057.tlg095.1st1K-grc1	πάσχουσι δὲ τοῦτο τὴν ταλαιπωρίαν οὐ φέροντες, ἣν ἐν τῷ μεταφέρειν ἀποτεταμένον τὸ σκέλος ἴσχουσιν·	πάσχω δέ οὗτος ὁ ταλαιπωρία οὐ φέρω , ὅς ἐν τῷ μεταφέρω  ὁ σκέλος ἴσχω ·
186910	tlg0057.tlg095.1st1K-grc1	ὡς ἄλλοδ’ οὐδέν ἐστι τὸ κωλύον αὐτοὺς μέγιστον προβαίνειν ἐστηριγμένου τηνικαῦτα τοῦ ὑγιοῦς σκέλους, καὶ προελόμενοί γε πρᾶξαι τοῦτο, δύνανται ποιεῖν αὐτὸ μετὰ καμάτου, ὥστε ἄμεινον ἦν ἴσως οὕτως ἑρμηνεύεσθαι τὸν λόγον·	ὡς ἄλλος δ’ οὐδείς εἰμί ὁ  αὐτός μέγας προβαίνω  τηνικαῦτα ὁ ὑγιής  , καί  γε πράσσω οὗτος , δύναμαι ποιέω αὐτός μετά κάματος , ὥστε ἀμείνων εἰμί ἴσος οὕτως ἑρμηνεύω ὁ λόγος ·
186911	tlg0057.tlg095.1st1K-grc1	οἷς ἐξέπεσε τὸ κατ’ ἰσχίον ἄρθρον πρόσω, τούτοις κατὰ τὰς ὁδοιπορίας ὑπάρχει μηδὲν ἧττον τοῦ πεδίου τε καὶ τῶν δακτύλων τῇ πτέρνῃ χρῆσθαι.	ὅς ἐκπίπτω ὁ κατά ἰσχίον ἄρθρον πρόσω , οὗτος κατά ὁ ὁδοιπορία ὑπάρχω μηδείς ἥσσων ὁ πεδίον τε καί ὁ δάκτυλος ὁ πτέρνη χράω2 .
186912	tlg0057.tlg095.1st1K-grc1	εἰ δ’ ὑπέμενον μέγα διαβαίνειν τῷ πεπονθότι σκέλει, κἂν πάνυ πτερνοβάται ἦσαν·	εἰ  ὑπομένω μέγας διαβαίνω τῷ πάσχω σκέλος , ἐάν πάνυ πτερνοβάτης εἰμί ·
186913	tlg0057.tlg095.1st1K-grc1	ἀλλὰ γὰρ οὐ τολμῶσι πράττειν οὕτω, διότι ταλαιπωροῦνται μόγις μεταφέροντες ἄκαμπτόν γε τὸ σκέλος.	ἀλλά γάρ οὐ τολμάω πράσσω οὕτως , διότι ταλαιπωρέω μόγις μεταφέρω  γε ὁ σκέλος .
186914	tlg0057.tlg095.1st1K-grc1	Ὁκόσοισι δὲ δὴ οὕτως ἐκπέπτωκε καὶ ἔτι μᾶλλον τῇ πτέρνῃ προσεγχρίπτουσιν ἢ τὸ ἔμπροσθεν.	δέ δή οὕτως ἐκπίπτω καί ἔτι μᾶλλον ὁ πτέρνη  τίη ὁ ἔμπροσθεν .
186915	tlg0057.tlg095.1st1K-grc1	Τὸ ἐγχρίπτειν εἴωθε λέγειν ἐπὶ τῶν ἐρειδόντων ἄλληλα, καὶ τοῦτο γοῦν σημαινόμενον ὅτε συνεβούλευε διαπλάττειν τὰ κατάγματα διιστάντα πρότερον ἀπ’ ἀλλήλων τῇ τάσει τὰ κατεαγότα, οὕτως ἔφη ῥᾷον γίγνεσθαι τὴν ἐπανόρθωσιν αὐτῶν ἢ εἴ τις ἐγχρίπτοντα πρὸς ἄλληλα συνάγοι τὰ ὀστέα.	εἴωθα λέγω ἐπί ὁ  ἀλλήλων , καί οὗτος γοῦν σημαίνω ὅτε συμβουλεύω διαπλάσσω ὁ κάταγμα  πρότερος ἀπό ἀλλήλων ὁ τάσις ὁ κατάγνυμι , οὕτως φημί ῥαίω γίγνομαι ὁ ἐπανόρθωσις αὐτός τίη εἰ τις  πρός ἀλλήλων συνάγω ὁ ὀστέον .
186916	tlg0057.tlg095.1st1K-grc1	σαφῶς οὖν καὶ κατὰ τὴν νῦν προκειμένην ῥῆσιν ἐδήλωσεν ὃ μικρὸν ἔμπροσθεν εἶπεν.	σαφής οὖν καί κατά ὁ νῦν  ῥῆσις δηλόω ὁ μικρός ἔμπροσθεν λέγω .
186917	tlg0057.tlg095.1st1K-grc1	οὐδὲν γὰρ ἧσσον τῇ πτέρνῃ οὗτοι βαίνουσιν ἢ τὸ ἔμπροσθεν.	οὐδείς γάρ ἥσσων ὁ πτέρνη οὗτος βαίνω τίη ὁ ἔμπροσθεν .
186918	tlg0057.tlg095.1st1K-grc1	ὅτι σαφέστερον ἂν εἴρητο καὶ κάλλιον, εἴ τις αὐτὸ κατὰ τήνδε τὴν λέξιν ἡρμήνευσεν·	ὅτι2 σαφής ἄν λέγω καί καλός , εἰ τις αὐτός κατά ὅδε ὁ λέξις  ·
186919	tlg0057.tlg095.1st1K-grc1	οὐδὲν γὰρ ἧσσον τῇ πτέρνῃ οὗτοι βαίνουσιν ἢ τὸ ἔμπροσθεν, ἀλλ’ ἔτι μᾶλλον·	οὐδείς γάρ ἥσσων ὁ πτέρνη οὗτος βαίνω τίη ὁ ἔμπροσθεν , ἀλλά ἔτι μᾶλλον ·
186920	tlg0057.tlg095.1st1K-grc1	οὐ μὴν ἐκεῖ γε προσέθηκε τὸ ἔτι καὶ μᾶλλον.	οὐ μήν ἐκεῖ γε προστίθημι ὁ ἔτι καί μᾶλλον .
186921	tlg0057.tlg095.1st1K-grc1	Τὸ γὰρ ἔμπροσθεν τοῦ ποδὸς ὅταν ἐκτεταμένον ἔῃ τὸ ἄλλο σκέλος, οὐχ ὁμοίως δύναται ἐς τὸ πρόσω καμπυλέεσθαι, ὥσπερ ὅταν ξυγκεκαμμένον ἔῃ τὸ σκέλος, οὔτ’ αὖ σιμοῦσθαι δύναται ὁ ποὺς ξυγκεκλιμένου τοῦ σκέλεος, ὡς ὅταν ἐκτεταμένον ἔῃ τὸ σκέλος.	γάρ ἔμπροσθεν ὁ πούς ὅταν ἐκτείνω εἰμί ὁ ἄλλος σκέλος , οὐ ὅμοιος δύναμαι εἰς ὁ πρόσω  , ὥσπερ ὅταν συγκάμπτω εἰμί ὁ σκέλος ,  αὖ σιμόω δύναμαι ὁ   ὁ σκέλος , ὡς ὅταν ἐκτείνω εἰμί ὁ σκέλος .
186922	tlg0057.tlg095.1st1K-grc1	ὑγιαίνουσά τε οὖν ἡ φύσις οὕτω πέφυκεν, ὥσπερ εἴρηται.	τε οὖν ὁ φύσις οὕτως φύω , ὥσπερ λέγω .
186923	tlg0057.tlg095.1st1K-grc1	ὅταν δὲ ἐκπεσὸν μὴ ἐμπέσῃ τὸ ἄρθρον, οὕτως ὁδοιπορέουσιν, ὡς εἴρηται, διὰ τὰς προφάσιας ταύτας τὰς εἰρημένας, ἀσαρκότερον μέντοι τὸ σκέλος τοῦ ἑτέρου γίνεται, κατά τε τὸ πυγαῖον κατά τε τὴν γαστροκνημίην καὶ κατὰ τὴν ὄπισθεν ἴξιν.	ὅταν δέ  μή ἐμπίπτω ὁ ἄρθρον , οὕτως ὁδοιπορέω , ὡς λέγω , διά ὁ πρόφασις οὗτος ὁ  ,   ὁ σκέλος ὁ ἕτερος γίγνομαι , κατά τε ὁ πυγαῖος κατά τε ὁ γαστροκνημία καί κατά ὁ ὄπισθεν ἵξις .
186924	tlg0057.tlg095.1st1K-grc1	οἷσι δ’ ἂν νηπίοισιν ἔτι ἐοῦσι τὸ ἄρθρον οὕτως ὀλισθάνον μὴ ἐμπέσῃ ἢ καὶ ἐκ γενεῆς οὕτω γένηται καὶ τούτοισι τὸ τοῦ μηροῦ ὀστέον μᾶλλόν τι μινύθει ἢ τὰ τῆς κνήμης καὶ τὰ τοῦ ποδός.	ὅς  ἀνά νήπιος ἔτι εἰμί ὁ ἄρθρον οὕτως  μή ἐμπίπτω τίη καί ἐκ γενεά οὕτως γίγνομαι καί οὗτος ὁ ὁ μηρός ὀστέον  τι μινύθω τίη ὁ ὁ κνήμη καί ὁ ὁ πούς .
186925	tlg0057.tlg095.1st1K-grc1	Τὸ κατὰ τὸ πεδίον τε καὶ τοὺς δακτύλους μέρος τοῦ ποδὸς, ὅπερ ἔμπροσθεν εἶπον, αὐτὸ πρὸς τὴν γῆν ἐπινεύειν ἀδύνατόν ἐστι τῆς ἰγνύας ἐκτεταμένης.	κατά ὁ πεδίον τε καί ὁ δάκτυλος μέρος ὁ πούς , ὅς ἔμπροσθεν λέγω ,  πρός ὁ γῆ ἐπινεύω ἀδύνατος εἰμί ὁ ἰγνύα  .
186926	tlg0057.tlg095.1st1K-grc1	ὠνόμασε δὲ τὸ σχῆμα τοῦτο τοῦ ποδὸς καμπύλεσθαι διὰ τὸ μήτ’ ἔκτασιν εἰθίσθαι λέγεσθαι μήτε κάμψιν ἐπὶ τοῦ κατ’ ἀστράγαλον ἄρθρου, καθάπερ ἐπὶ τῆς ἰγνύας τε καὶ τοῦ βουβῶνος.	ὀνομάζω δέ ὁ σχῆμα οὗτος ὁ πούς  διά ὁ  ἔκτασις  λέγω μήτε κάμψις ἐπί ὁ κατά ἀστράγαλος  , καθά ἐπί ὁ ἰγνύα τε καί ὁ βουβών .
186927	tlg0057.tlg095.1st1K-grc1	ὅταν μὲν οὖν οἱ πρόσθιοι μύες ἀνατείνωσι τὸν ταρσὸν εἰθισμένον πώς ἐστι λέγειν σιμοῦσθαι τὸν πόδα.	ὅταν μέν οὖν ὁ πρόσθιος μῦς  ὁ ταρσός ἐθίζω πως εἰμί λέγω σιμόω ὁ πούς .
186928	tlg0057.tlg095.1st1K-grc1	τῶν δ’ ὄπισθεν εἰς ἑαυτοὺς ἑλκόντων τὴν πτέρναν καὶ τὸν ταρσὸν, οὐδὲν ὄνομα σύνηθές ἐστι τῷ τοιούτῳ σχήματι.	ὁ  ὄπισθεν εἰς ἑαυτοῦ ἕλκω ὁ πτέρνα καί ὁ ταρσός , οὐδείς ὄνομα συνήθης εἰμί ὁ τοιοῦτος σχῆμα .
186929	tlg0057.tlg095.1st1K-grc1	διόπερ ὁ Ἱπποκράτης, ὡς ἔφην, αὐτὸ καμπύλεσθαι προσηγόρευσεν, οἰκείαν τῷ δηλουμένῳ πράγματι φωνὴν ἐξευρών.	ὁ Ἱπποκράτης , ὡς φημί , αὐτός  προσαγορεύω , οἰκεῖος τῷ  πρᾶγμα φωνή ἐξευρίσκω .
186930	tlg0057.tlg095.1st1K-grc1	οὔτε γὰρ σιμοῦσθαι δύναται ὁ ποὺς συγκεκαμμένου τοῦ σκέλεος, ὡς ὅταν ἐκτεταμένον ᾖ τὸ σκέλος, ἀνατείνεσθαί τε διὰ τῶν ἔμπροσθεν μυῶν ὁ ποὺς οὐ δύναται.	οὔτε γάρ σιμόω δύναμαι ὁ   ὁ σκέλος , ὡς ὅταν ἐκτείνω εἰμί ὁ σκέλος ,  τε διά ὁ ἔμπροσθεν μῦς ὁ  οὐ δύναμαι .
186931	tlg0057.tlg095.1st1K-grc1	τοῦτο γάρ ἐστι τὸ σιμοῦσθαι κεκαμμένου τοῦ σκέλους, ὥσπερ ἐκτεταμένου, καθάπερ οὐδὲ καμπύλεσθαι χωρὶς τοῦ καμφθῆναι.	οὗτος γάρ εἰμί ὁ σιμόω  ὁ σκέλος , ὥσπερ  , καθά οὐδέ  χωρίς ὁ κάμπτω .
186932	tlg0057.tlg095.1st1K-grc1	ἐπ’ ὀλίγον μὲν γὰρ καὶ μετὰ βίας ἑκάτερον τῶν εἰρημένων πάσχῃ καὶ καθ’ ἑκάτερον τῶν σχημάτων, ἐπὶ πολὺ δὲ καὶ χωρὶς βίας οὐ δύνανται, ἔτι ὡς οἶδ’ ἔφην οἱ τῆς γαστροκνημίας μύες ἐκπεφυκότες, οὐκ ἐκ τῆς κνήμης, ὑφ’ ὧν ἡ πτέρνα καὶ ὁ ποὺς ὅλος ἕλκεται πρὸς τὴν ὀπίσω χώραν, ὅπερ ἔνιοι μὲν ὀνομάζουσι καμπὴν ποδὸς, ἔνιοι δ’ ἔκτασιν.	ἐπί ὀλίγος μέν γάρ καί μετά βία  ὁ λέγω πάσχω καί κατά  ὁ σχῆμα , ἐπί πολύς δέ καί χωρίς βία οὐ δύναμαι , ἔτι ὡς  φημί ὁ ὁ  μῦς  , οὐ ἐκ ὁ κνήμη , ὑπό ὅς ὁ πτέρνα καί ὁ  ὅλος ἕλκω πρός ὁ ὀπίσω χώρα , ὅς ἔνιοι μέν ὀνομάζω καμπή πούς , ἔνιοι  ἔκτασις .
186933	tlg0057.tlg095.1st1K-grc1	ὥσπερ γε καὶ τὴν ἀντικειμένην κίνησιν, ἣν διὰ τῶν προσθίων ἴσχει, ἔνιοι μὲν ἔκτασιν, ἔνιοι δὲ καμπὴν ὀνομάζουσιν, ἀλλ’ ἐπὶ μὲν ταύτης εἰθίσθαι τὸν πόδα λέγειν.	ὥσπερ γε καί ὁ  κίνησις , ὅς διά ὁ  ἴσχω , ἔνιοι μέν  , ἔνιοι δέ καμπή ὀνομάζω , ἀλλά ἐπί μέν οὗτος ἐθίζω ὁ πούς λέγω .
186934	tlg0057.tlg095.1st1K-grc1	ἐπὶ δὲ τῆς ἐναντίας οὐδέν ἐστιν ἅπασι σύμφωνον ὄνομα.	ἐπί δέ ὁ  οὐδείς εἰμί ἅπας σύμφωνος ὄνομα .
186935	tlg0057.tlg095.1st1K-grc1	βλάπτεται δ’ οὐδὲν ἡ τῶν πραγμάτων γνῶσις ἐκ τῆς τῶν ὀνομάτων διαφωνίας.	βλάπτω  οὐδείς ὁ ὁ πρᾶγμα γνῶσις ἐκ ὁ ὁ ὄνομα διαφωνία .
186936	tlg0057.tlg095.1st1K-grc1	ἐγὼ γὰρ νομίζω, σαφῶς ἑκάτερον ἐδήλωσα διὰ τοῦ λόγου χωρὶς τῶν διαπεφωνημένων ὀνομάτων.	γάρ νομίζω , σαφής ἑκάτερος δηλόω διά ὁ λόγος χωρίς ὁ  ὄνομα .
186937	tlg0057.tlg095.1st1K-grc1	Ἤκιστα μὲν ἐν τούτῳ τῷ τρόπῳ τοῦ ὀλισθήματος ὁ μηρὸς μειοῦται.	μέν ἐν οὗτος ὁ τρόπος ὁ ὀλίσθημα ὁ μηρός μειόω .
186938	tlg0057.tlg095.1st1K-grc1	μινύθουσι μέντοι αἱ σάρκες πάντῃ, μάλιστα δὲ κατὰ τὴν ὄπισθεν ἴξιν, ὥσπερ ἤδη καὶ πρόσθεν εἴρηται.	μινύθω  ὁ σάρξ πᾶς , μάλιστα δέ κατά ὁ ὄπισθεν ἵξις , ὥσπερ ἤδη καί πρόσθεν λέγω .
186939	tlg0057.tlg095.1st1K-grc1	ὅσοι μὲν οὖν ἂν τιθηνηθῶσιν ὀρθῶς, οὗτοι μὲν δύνανται προσχρέεσθαι τῷ σκέλεϊ αὐξανόμενοι βραχυτέρῳ μέν τινι τοῦ ἑτέρου ἐόντι, ὅμως δὲ ἐρειδόμενοι ξύλῳ ἐπὶ ταῦτα, ᾗ τὸ σιναρὸν σκέλος·	ὅσος μέν οὖν ἄν  ὀρθός , οὗτος μέν δύναμαι  τῷ σκέλος αὐξάνω βραχύς μέν  ὁ ἕτερος εἰμί , ὅμως δέ ἐρείδω ξύλον ἐπί οὗτος , ὅς ὁ σιναρός σκέλος ·
186940	tlg0057.tlg095.1st1K-grc1	οὐ γὰρ κάρτα δύνανται ἄνευ τῆς πτέρνης τῷ στήθει τοῦ ποδὸς χρέεσθαι ἐπικαθιέντες, ὥσπερ ἐν ἑτέροις χωλεύμασιν ἔνιοι δύνανται.	οὐ γάρ κάρτα δύναμαι ἄνευ ὁ πτέρνα τῷ  ὁ πούς χράομαι  , ὥσπερ ἐν ἕτερος χώλευμα ἔνιοι δύναμαι .
186941	tlg0057.tlg095.1st1K-grc1	αἴτιον δὲ τοῦ μὴ δύνασθαι τὸ ὀλίγῳ πρόσθεν εἰρημένον, διὰ οὖν τοῦτο προσδέονται ξύλου.	αἴτιος δέ ὁ μή δύναμαι ὁ ὀλίγος πρόσθεν λέγω , διά οὖν οὗτος προσδέω2 ξύλον .
186942	tlg0057.tlg095.1st1K-grc1	ὅσοι δ’ ἂν καταμεληθῶσι καὶ μηδὲν χρέονται ἐπὶ τὴν γῆν τῷ σκέλεϊ, ἀλλὰ μετέωρον ἔχουσι, τούτοισι μινύθουσι μὲν τὰ ὀστέα ἐς αὔξησιν μᾶλλον ἢ τοῖσι χρεομένοισι, μινύθουσι δὲ καὶ αἱ σάρκες πολὺ μᾶλλον ἢ τοῖσι χρεομένοισι.	ὅσος  ἄν  καί  χράω ἐπί ὁ γῆ τῷ σκέλος , ἀλλά  ἔχω , οὗτος μινύθω μέν ὁ ὀστέον εἰς αὔξησις μᾶλλον ἤ ὁ  , μινύθω δέ καί ὁ σάρξ πολύς μᾶλλον ἤ ὁ  .
186943	tlg0057.tlg095.1st1K-grc1	κατὰ δὲ τὰ ἄρθρα ἐς τὸ εὐθὺ πηροῦται τούτοισι τὸ σκέλος, μᾶλλόν τι ἢ οἷσιν ἄλλως ἐκπεπτώκῃ.	κατά δέ ὁ ἄρθρον εἰς ὁ εὐθύς πηρόω οὗτος ὁ σκέλος ,  τι ἤ  ἄλλος  .
186944	tlg0057.tlg095.1st1K-grc1	Ἔνιοι τῶν ἐξηγουμένων τὰς τοιαύτας λέξεις οὕτως ἐοίκασιν ἐμπείρως ἔχειν αὐτῶν, ὥστε τὸ μὲν ἥκιστα σημαίνειν νομίζουσιν οὐδ’ ὅλως, τὸδ’ οὐχ ἥκιστα μάλιστα.	ὁ  ὁ τοιοῦτος λέγω οὕτως ἔοικα ἔμπειρος ἔχω αὐτός , ὥστε ὁ μέν ἥκιστος σημαίνω νομίζω οὐδέ ὅλος , ὁ δ’ οὐ ἥκιστος μάλιστα .
186945	tlg0057.tlg095.1st1K-grc1	οὗτοι δ’ ἂν νομίσαιεν ὑφ’ Ἱπποκράτους εἰρῆσθαι, τοῖς οὕτω παθοῦσι μηδ’ ὅλως μειοῦσθαι τὸν μηρόν·	οὗτος  ἄν νομίζω ὑπό Ἱπποκράτης λέγω , ὁ οὕτως πάσχω  ὅλος μειόω ὁ μηρός ·
186946	tlg0057.tlg095.1st1K-grc1	ἀλλὰ φαίνεταί γε μειούμενος, οὐ μὴν ὥσπερ ἐπὶ ταῖς ἄλλαις ἐκπτώσεσιν, ὅτι μετριωτέρας ἐκείνων ἔχει τὰς μειούσας αἰτίας.	ἀλλά φαίνω γε  , οὐ μήν ὥσπερ ἐπί ὁ ἄλλος  , ὅτι2  ἐκεῖνος ἔχω ὁ  αἰτία .
186947	tlg0057.tlg095.1st1K-grc1	ἐλέχθησαν δὲ εἶναι δύο, διαστροφή τε τῶν ὀργάνων καὶ βλάβη τῶν ἐνεργειῶν, δι’ ἣν ὀλίγα χρῶνται τῷ σκέλει·	λέγω δέ εἰμί γε ,  τε ὁ ὄργανον καί βλάβη ὁ  , διά ὅς ὀλίγος χράω2 τῷ σκέλος ·
186948	tlg0057.tlg095.1st1K-grc1	ἀλλ’ ἐν τούτῳ τῷ παθήματι πρὸς τῷ μὴ διεστράφθαι μεγάλως οὐδ’ ἡ τῆς ἐνεργείας βλάβη σφόδρα τὸ σκέλος γίγνεται.	ἀλλά ἐν οὗτος ὁ πάθημα πρός τῷ μή διαστρέφω μέγας οὐδέ ὁ ὁ ἐνέργεια βλάβη σφόδρα ὁ σκέλος γίγνομαι .
186949	tlg0057.tlg095.1st1K-grc1	Ὡς μὲν οὖν ἐν κεφαλαίῳ εἰρέεσθαι τὰ ἄρθρα τὰ ἐκπίπτοντα καὶ τὰ ὀλισθαίνοντα ἀνίσως αὐτὰ ἑωυτοῖσιν ἐκπίπτει καὶ ὀλισθαίνει, ἄλλοτε μὲν πολὺ πλείονα, ἄλλοτε δὲ πολὺ ἐλάσσονα.	ὡς μέν οὖν ἐν κεφάλαιος  ὁ ἄρθρον ὁ ἐκπίπτω καί ὁ  ἄνισος αὐτός  ἐκπίπτω καί  , ἄλλος μέν πολύς πολύς , ἄλλος δέ πολύς ἐλάσσων .
186950	tlg0057.tlg095.1st1K-grc1	καὶ οἷσι μὲν ἂν πολὺ πλεῖον ὀλισθῇ ἢ ἐκπέσῃ, χαλεπώτερα ἐμβάλλειν τὸ ἐπίπαν ἐστί·	καί ὅς μέν ἄν πολύς   ἤ ἐκπίπτω ,  ἐμβάλλω ὁ ἐπίπαν εἰμί ·
186951	tlg0057.tlg095.1st1K-grc1	καὶ ἢν μὴ ἐμβιβασθῇ, μείζους καὶ ἐπιδηλοτέρας τὰς πηρώσιας καὶ κακώσιας ἴσχει τὰ τοιαῦτα τῶν ὀστέων καὶ σαρκῶν καὶ σχημάτων.	καί ἐάν μή ἐμβιβάζω , μέγας καί  ὁ πήρωσις καί κάκωσις ἴσχω ὁ τοιοῦτος ὁ ὀστέον καί σάρξ καί σχῆμα .
186952	tlg0057.tlg095.1st1K-grc1	ὅταν δὲ μεῖον ἐμπέσῃ καὶ ὀλισθῇ, ῥηΐδιον μὲν ἐμβάλλειν τὰ τοιαῦτα τῶν ὀστέων γίνεται·	ὅταν δέ μείων ἐμπίπτω καί  , ῥᾴδιος μέν ἐμβάλλω ὁ τοιοῦτος ὁ ὀστέον γίγνομαι ·
186953	tlg0057.tlg095.1st1K-grc1	ἢν δὲ καταπορηθῇ ἢ ἀμεληθῇ ἐμπεσεῖν, μείους καὶ ἀσινέστεραι αἱ πηρώσιες γίνονται τούτοισιν ἢ οἷσιν ὀλίγῳ πρόσθεν εἴρηται.	ἐάν δέ καταπορέω ἤ ἀμελέω ἐμπίπτω , μείων καί  ὁ πήρωσις γίγνομαι οὗτος ἤ ὅς ὀλίγος πρόσθεν λέγω .
186954	tlg0057.tlg095.1st1K-grc1	τὰ μὲν οὖν ἄλλα ἄρθρα καὶ πάνυ πολὺ διαφέρει ἐς τὸ, ὅτε μὲν μεῖον, ὅτε δὲ μεῖζον τὸ ὀλίσθημα ποιέεσθαι.	ὁ μέν οὖν ἄλλος ἄρθρον καί πάνυ πολύς διαφέρω εἰς ὁ , ὅτε μέν μείων , ὅτε δέ μέγας ὁ ὀλίσθημα ποιέω .
186955	tlg0057.tlg095.1st1K-grc1	μηροῦ δὲ καὶ βραχίονος κεφαλαὶ παρὰ πλησιότητα ὀλισθαίνουσιν αὐτὴ ἑωυτῇ ἑκατέρη.	μηρός δέ καί βραχίων κεφαλή παρά   αὐτός ἑαυτοῦ ἑκάτερος .
186956	tlg0057.tlg095.1st1K-grc1	ἅτε γὰρ στρογγύλαι μὲν αἱ κεφαλαὶ ἐοῦσαι ἁπλὴν τὴν στρογγύλωσιν καὶ φαλακρὴν ἔχουσι.	ἅτε γάρ  μέν ὁ κεφαλή εἰμί  ὁ στρογγύλωσις καί  ἔχω .
186957	tlg0057.tlg095.1st1K-grc1	κυκλοτερέες δὲ αἱ κοιλίαι ἐοῦσαι αἱ δεχόμεναι τὰς κεφαλὰς, ἁρμόζουσαι δὲ τῇσι κεφαλῇσι.	κυκλοτερής δέ ὁ κοιλία εἰμί ὁ  ὁ κεφαλή , ἁρμόζω δέ ὁ κεφαλή .
186958	tlg0057.tlg095.1st1K-grc1	διὰ τοῦτο οὐκ ἔστιν αὐτῇσι τὸ ἥμισυ ἐκστῆναι τοῦ ἄρθρου.	διά οὗτος οὐ εἰμί αὐτός ὁ ἥμισυς ἐξίστημι ὁ  .
186959	tlg0057.tlg095.1st1K-grc1	ὀλισθαίνοι γὰρ ἂν διὰ τὴν περιφερίην ἢ ἐς τὸ ἔξω ἢ ἐς τὸ εἴσω.	γάρ ἄν διά ὁ  ἤ εἰς ὁ ἔξω ἤ εἰς ὁ εἴσω .
186960	tlg0057.tlg095.1st1K-grc1	περὶ οὗ νῦν ὁ λόγος ἐστὶν, ἐκπίπτουσι τελέως ἤδη, ἐπεὶ ἄλλως γε οὐκ ἐκπίπτουσιν.	περί οὗ νῦν ὁ λόγος εἰμί , ἐκπίπτω τέλειος ἤδη , ἐπεί ἄλλος γε οὐ ἐκπίπτω .
186961	tlg0057.tlg095.1st1K-grc1	ὅμως δὲ καὶ ταῦτα ὅτε μὲν πλείω ἀποπηδᾷ ἀπὸ τῆς φύσεως, ὅτε δὲ ἔλασσον, μᾶλλον δέ τι μηρὸς τοῦ βραχίονος πέπονθεν.	ὅμως δέ καί οὗτος ὅτε μέν πολύς  ἀπό ὁ φύσις , ὅτε δέ ἐλάσσων , μᾶλλον δέ τι  ὁ βραχίων πάσχω .
186962	tlg0057.tlg095.1st1K-grc1	Οὐ ταύτης μόνης τῆς ῥήσεως, ἀλλὰ καὶ τῶν ἐφεξῆς ἁπασῶν ἕν ἐστι κεφάλαιον κοινὸν ἀλλήλων διαφέρειν τὰς ἐξαρθρήσεις, οὐ σμικρὰν διαφορὰν ἐν τῷ μᾶλλόν τε καὶ ἧττον.	οὐ οὗτος μόνος ὁ  , ἀλλά καί ὁ ἐφεξῆς ἅπας  εἰμί κεφάλαιος κοινός ἀλλήλων διαφέρω ὁ  , οὐ μικρός διαφορά ἐν ὁ  τε καί ἥσσων .
186963	tlg0057.tlg095.1st1K-grc1	ἔνιαι μὲν γὰρ ἐπὶ πολὺ τοῦ κατὰ φύσιν, ἔνιαιδ’ ἐπ’ ὀλίγον ἀφίστανται μᾶλλον καὶ ἧττον ἑκάτεραι τοῦτο πάσχουσαι.	ἔνιοι μέν γάρ ἐπί πολύς ὁ κατά φύσις , ἔνιοι δ’ ἐπί ὀλίγος ἀφίστημι μᾶλλον καί ἥσσων ἑκάτερος οὗτος πάσχω .
186964	tlg0057.tlg095.1st1K-grc1	περὶ μὲν οὖν τῶν ἄλλων ἄρθρων εὔδηλόν ἐστιν, οἷον τοῦ τε κατ’ ἀγκῶνα καὶ καρπὸν καὶ κνήμην καὶ πόδα καὶ δακτύλους.	περί μέν οὖν ὁ ἄλλος  εὔδηλος εἰμί , οἷος ὁ τε κατά ἀγκών καί καρπός καί κνήμη καί πούς καί δάκτυλος .
186965	tlg0057.tlg095.1st1K-grc1	ἐπὶ δὲ τοῦ κατ’ ὦμον καὶ ἰσχίον ἐπιδεικνύει, μὴ δυνάμενον γενέσθαι τὸ καλούμενον παράρθρημα διὰ τὸ τὰς κεφαλὰς τῶν ἄρθρων σφαιροειδεῖς οὔσας ἐμβαίνειν κοιλότησιν ὀφρῦς ἐχούσας κυκλοτερεῖς, ἐφ’ ὧν ἀδύνατόν ἐστι διαμένειν τὰς κεφαλάς.	ἐπί δέ ὁ κατά ὦμος καί ἰσχίον ἐπιδείκνυμι , μή  γίγνομαι ὁ καλέω  διά ὁ ὁ κεφαλή ὁ ἄρθρον σφαιροειδής εἰμί ἐμβαίνω  ὀφρῦς ἔχω κυκλοτερής , ἐπί ὅς ἀδύνατος εἰμί διαμένω ὁ κεφαλή .
186966	tlg0057.tlg095.1st1K-grc1	ἐξ ἀνάγκης γὰρ εὐθέως, εἴ τισι τὰς κοιλότητας ἐμπίπτουσιν ἐκτὸς αὐτῶν ὀλισθαίνουσιν·	ἐκ ἀνάγκη γάρ εὐθύς , εἰ  ὁ κοιλότης ἐμπίπτω ἐκτός αὐτός  ·
186967	tlg0057.tlg095.1st1K-grc1	ἀλλ’ ὅμως φησὶ κἀπὶ τούτων ἐνίοτε μὲν ἀξιόλογον, ἐνίοτεδ’ ὀλίγιστον ἀφίστασθαι τὰς κεφαλὰς τοῦ κατὰ φύσιν.	ἀλλά ὅμως φημί ἐπί οὗτος ἐνίοτε μέν ἀξιόλογος , ἐνίοτε δ’  ἀφίστημι ὁ κεφαλή ὁ κατά φύσις .
186968	tlg0057.tlg095.1st1K-grc1	εὔδηλον δ’ ὅτι τοῦ τε βραχυτάτου καὶ τοῦ πλείστου τὸ μεταξὺ διαφορὰς ἔχει κατὰ τὸ μᾶλλόν τε καὶ ἧττον οὐκ ὀλίγας.	εὔδηλος  ὅτι2 ὁ τε  καί ὁ πλεῖστος ὁ μεταξύ διαφορά ἔχω κατά ὁ  τε καί  οὐ ὀλίγος .
186969	tlg0057.tlg095.1st1K-grc1	ΙΠΠΟΚΡΑΤΟΥΣ ΤΟ ΠΕΡΙ ΑΡΘΡΩΝ ΒΙΒΛΙΟΝ ΚΑΙ ΓΑΛΗΝΟΥ ΕΙΣ ΑΥΤΟ ΥΠΟΜΝΗΜΑ ΤΕΤΑΡΤΟΝ.	.
186970	tlg0057.tlg095.1st1K-grc1	Περὶ ἔνια καὶ τῶν ἐκ γενεῆς γινομένων ὀλισθημάτων, ἢν μικρὸν ὀλισθῇ, οἷά τε ἐς τὴν φύσιν ἄγεσθαι καὶ μάλιστα παρὰ τὰ τοῦ ποδὸς ἄρθρα.	καί ὁ ἐκ γενεά  ὀλίσθημα , ἐάν μικρός  ,  τε εἰς ὁ φύσις ἄγω καί μάλιστα παρά ὁ ὁ πούς ἄρθρον .
186971	tlg0057.tlg095.1st1K-grc1	Ἐκ γενεῆς ἔνιοι μὲν οὖν ἐπὶ τῶν συγγενομένων εἰρῆσθαί φασιν, ἔνιοι δ’ ἐπὶ τῶν οὐ μετὰ πολὺν χρόνον τοῦ γεννηθῆναι.	ἐκ γενεά ἔνιοι μέν οὖν ἐπί ὁ   φημί , ἔνιοι  ἐπί ὁ οὐ μετά πολύς χρόνος ὁ γεννάω .
186972	tlg0057.tlg095.1st1K-grc1	τούτοις μὲν οὖν μαρτυ ρεῖ τὰ εἰρημένα ἐφεξῆς καὶ προφανῶς ἁμαρτάνουσιν οἱ περὶ μόνων τῶν γεννηθέντων ἀκούοντες·	οὗτος μέν οὖν   ὁ λέγω ἐφεξῆς καί προφανής ἁμαρτάνω ὁ περί  ὁ γεννάω ἀκούω ·
186973	tlg0057.tlg095.1st1K-grc1	ἄμεινον γὰρ ἐπ’ ἀμφοτέρων ἡγεῖσθαι λελέχθαι τὸν λόγον.	ἀμείνων γάρ ἐπί ἀμφότερος  λέγω ὁ λόγος .
186974	tlg0057.tlg095.1st1K-grc1	ὅτι δὲ τοῖς ἑτέροις μαρτυρεῖ τὰ ἐφεξῆς εἰρημένα μικρὸν ὕστερον ἐπιδείξομεν, ὅταν ἐκείνην ἐξηγώμεθα τὴν ῥῆσιν.	ὅτι2 δέ ὁ ἕτερος μαρτυρέω ὁ ἐφεξῆς λέγω μικρός ὕστερον ἐπιδείκνυμι , ὅταν ἐκεῖνος  ὁ ῥῆσις .
186975	tlg0057.tlg095.1st1K-grc1	Ὁκόσοι ἐκ γενεῆς κυλλοὶ γίνονται.	ἐκ γενεά κυλλός γίγνομαι .
186976	tlg0057.tlg095.1st1K-grc1	Τὴν ἐπὶ τὰ ἔξω διαστροφὴν τοῦ σκέλους αὐτὸς ἔμπροσθεν ὠνόμασε κύλλωσιν, ἐφ’ ἧς ἔφη συμβαίνειν ῥέπειν ἔσω τὸν πόδα.	ἐπί ὁ ἔξω διαστροφή ὁ σκέλος αὐτός ἔμπροσθεν ὀνομάζω  , ἐπί ὅς φημί συμβαίνω ῥέπω εἴσω ὁ πούς .
186977	tlg0057.tlg095.1st1K-grc1	ἄρθρα δὲ ποδὸς εἶπεν, ἐπειδὴ πλείω τὸν ἀριθμόν εἰσι γιγνόμενα μὲν ἅπαντα κατὰ τὰς κατὰ τὸν ἀστράγαλον διαρθρώσεις, οὐ μὴν ἑνὸς ὀστοῦ τὴν διάρθρωσιν ἔσχετο πρὸς αὐτόν·	ἄρθρον δέ πούς λέγω , ἐπεί πολύς ὁ ἀριθμός εἰμί  μέν  κατά ὁ κατά ὁ ἀστράγαλος διαρθρόω , οὐ μήν   ὁ διάρθρωσις ἔχω πρός αὐτός ·
186978	tlg0057.tlg095.1st1K-grc1	ἡ μὲν γὰρ περόνη κατὰ τὸ ἔξω μέρος, ἡ δὲ κνήμη κατὰ τὸ ἔνδον ἑκατέρα μεγάλαις ἀποφύσεσιν αὐτὸν περιλαμβάνει, τὸ δὲ πρόσω μέρος αὐτοῦ περιφερὲς ὂν, οἷον κεφαλήν τινα ἔχει πεφυκυῖαν ἐπ’ αὐχένι περιλαμβανομένην ὑπὸ κοιλότητος ὀστοῦ τοῦ καλουμένου σκαφοειδοῦς καὶ κατὰ ταύτην γε μάλιστα τὴν διάρθρωσιν ἀνατείνεσθαί τε σιμουμένῳ τῷ ποδὶ καὶ πρὸς τὴν ὀπίσω χώραν ἀπάγεσθαι συμβαίνει·	ὁ μέν γάρ περόνη κατά ὁ ἔξω μέρος , ὁ δέ κνήμη κατά ὁ ἔνδον  μέγας  αὐτός περιλαμβάνω , ὁ δέ πρόσω μέρος αὐτός περιφερής εἰμί , οἷος κεφαλή  ἔχω φύω ἐπί αὐχήν  ὑπό κοιλότης  ὁ καλέω  καί κατά οὗτος γε μάλιστα ὁ διάρθρωσις  τε  τῷ πούς καί πρός ὁ ὀπίσω χώρα ἀπάγω συμβαίνω ·
186979	tlg0057.tlg095.1st1K-grc1	καὶ μὴν κἀκ τῶν κάτω μὲν ὁ ἀστράγαλος πρὸς τὴν πτέρναν διαρθροῦται, καθ’ ὃν εἴρηται τρόπον ἐν τῷ περὶ ὀστῶν ὑπομνήματι καὶ γεγυμνάσθαι συνεβούλευσα τὸν μέλλοντα ταῖσδε ταῖς ἐξηγήσεσιν ὁμιλέειν.	καί μήν ἐκ ὁ κάτω μέν ὁ ἀστράγαλος πρός ὁ πτέρνα  , κατά ὅς λέγω τρόπος ἐν ὁ περί  ὑπόμνημα καί γυμνάζω  ὁ μέλλω ὅδε ὁ ἐξήγησις ὁμιλέω .
186980	tlg0057.tlg095.1st1K-grc1	ἀλλ’ αἵ γε κυλλώσεις τοῦ ποδὸς μάλιστα γίνονται πρὸς τὴν ἔξω χώραν ἀφικνουμένης τῆς κνήμης ὡς αἰωρεῖσθαί τε καὶ ἀστήρικτον κρέμασθαι τὴν κάτω τῆς περόνης ἐπίφυσιν, ἣ περιλαμβάνει τὸν ἀστράγαλον ἔξωθεν.	ἀλλά ὁ γε  ὁ πούς μάλιστα γίγνομαι πρός ὁ ἔξω χώρα  ὁ κνήμη ὡς  τε καί   ὁ κάτω ὁ περόνη ἐπίφυσις , ὁ περιλαμβάνω ὁ ἀστράγαλος ἔξωθεν .
186981	tlg0057.tlg095.1st1K-grc1	Τὰ πλεῖστα τούτων ἰήσιμά ἐστιν, ἢν μὴ πάνυ ἡ ἔκκλισις εἴη ἢ καὶ προαυξέων γεγονότων ἤδη παιδίων ξυμβῇ·	πλεῖστος οὗτος  εἰμί , ἐάν μή πάνυ ὁ ἔκκλισις εἰμί ἤ καί  γίγνομαι ἤδη παιδίον συμβαίνω ·
186982	tlg0057.tlg095.1st1K-grc1	ἄριστον μὲν οὖν ὡς τάχιστα ἰητρεύειν τὰ τοιαῦτα πρὶν πάνυ μεγάλην τὴν ἔνδειαν τῶν ὀστέων ἐν τῷ ποδὶ γενέσθαι, πρίν τε πάνυ μεγάλην τὴν ἔνδειαν τῶν σαρκῶν τῶν κατὰ τὴν κνήμην εἶναι.	ἄριστος μέν οὖν ὡς ταχύς ἰατρεύω ὁ τοιοῦτος πρίν πάνυ μέγας ὁ ἔνδεια ὁ ὀστέον ἐν ὁ πούς γίγνομαι , πρίν τε πάνυ μέγας ὁ ἔνδεια ὁ  ὁ κατά ὁ κνήμη εἰμί .
186983	tlg0057.tlg095.1st1K-grc1	Προαυξέων λέγει τῶν ἐπὶ πλέον ηὐξημένων, ὧν οὐχ ὁμοίως ἐστὶν ἀνάπλαστος τῶν ὀστῶν οὐσία, καθάπερ τῶν βρεφῶν διὰ μαλακότητα·	λέγω ὁ ἐπί πολύς  , ὅς οὐ ὅμοιος εἰμί  ὁ  οὐσία , καθά ὁ  διά μαλακότης ·
186984	tlg0057.tlg095.1st1K-grc1	πρόδηλον ἐκ τοῦδε περὶ τῶν ἤδη γεγονότων αὐτὸν διαλέγεσθαι·	πρόδηλος ἐκ ὅδε περί ὁ ἤδη γίγνομαι αὐτός διαλέγω ·
186985	tlg0057.tlg095.1st1K-grc1	εἰ δὲ καὶ περὶ τῶν ἔτι κυουμένων οὐχ ὁμοίως δῆλον, ἀλλὰ πολλάκις τε διὰ τῶν ἔμπροσθεν ἐμνημόνευσε καὶ τοῖς κυουμένοις ἐξαρθρήματα γίγνεσθαι.	εἰ δέ καί περί ὁ ἔτι κυέω οὐ ὅμοιος δῆλος , ἀλλά πολλάκις τε διά ὁ ἔμπροσθεν μνημονεύω καί ὁ κυέω ἐξάρθρημα γίγνομαι .
186986	tlg0057.tlg095.1st1K-grc1	Τρόπος μὲν οὖν κυλλώσιος οὐχ εἷς, ἀλλὰ πλείονες.	τρόπος μέν οὖν  οὐ  , ἀλλά πολύς .
186987	tlg0057.tlg095.1st1K-grc1	τὰ πλεῖστα μὲν οὐκ ἐξηρθρηκότα παντάπασιν, ἀλλὰ δι’ ἔθος σχήματος ἔν τινι ἀπολήψει τοῦ ποδὸς κεκυλλωμένα.	ὁ πλεῖστος μέν οὐ  παντάπασι , ἀλλά διά ἔθος σχῆμα ἐν   ὁ πούς κυλλόω .
186988	tlg0057.tlg095.1st1K-grc1	Ὡς τὸ πολὺ μὲν ἐπὶ τῶν καθ’ ἕκαστον διαφερόντων, ὑπὲρ οὗπερ ἂν ἑκάστοτε τύχῃ διαλεγόμενος, εἴωθεν ἐπιφέρειν τρόπος ὄνομα.	ὡς ὁ πολύς μέν ἐπί ὁ κατά ἕκαστος διαφέρω , ὑπέρ οὗ ἄν ἑκάστοτε τυγχάνω  ,  ἐπιφέρω τρόπος ὄνομα .
186989	tlg0057.tlg095.1st1K-grc1	δύναταί γε μὴν νῦν καὶ περὶ τῆς γενέσεως τῶν κυλλωμάτων λέγειν, ὅτι κατὰ πολλοὺς γίνεται τρόπους·	γε μήν νῦν καί περί ὁ γένεσις ὁ  λέγω , ὅτι2 κατά πολύς γίγνομαι τρόπος ·
186990	tlg0057.tlg095.1st1K-grc1	καὶ γὰρ τὸ ἐπιφερόμενον ἀμφοτέροις μαρτυρεῖ λέγοντος αὐτοῦ, τὰ πλεῖστα μὲν οὐκ ἐξηρθρηκότα παντάπασιν, ἀλλὰ δι’ ἔθος σχήματος ἔν τινι ἀπολήψει τοῦ ποδὸς κεκυλλωμένα.	καί γάρ ὁ ἐπιφέρω ἀμφότερος μαρτυρέω λέγω αὐτός , ὁ πλεῖστος μέν οὐ  παντάπασι , ἀλλά διά ἔθος σχῆμα ἐν   ὁ πούς κυλλόω .
186991	tlg0057.tlg095.1st1K-grc1	ἐκ μὲν γὰρ τοῦ φάναι, μὴ ἐξηρθρηκότα τελέως ἕνα τινὰ τρόπον ἐδήλωσε τοῦ πάθους.	ἐκ μέν γάρ ὁ φημί , μή  τέλειος   τρόπος δηλόω ὁ πάθος .
186992	tlg0057.tlg095.1st1K-grc1	ἐκ δὲ τοῦ δι’ ἔθος σχήματος ἁπαλά τε ὄντα καὶ οἷον κηροειδῆ τὰ τῶν βρεφῶν ὀστᾶ διαστρέφεσθαι μοχθηρῶς ὑπὸ τῶν τροφῶν σχηματιζόμενα κατατιθεμένων ἐν τοῖς λίχνοις παρεστραμμένα πως ἢ καὶ περιηγμένα πλέοσιν ἐπιβλήμασιν ἢ θλώμενα πρός τινων, ὑφ’ ὧν ἁπάντων αἱ διαστροφαὶ γίνονται.	ἐκ δέ ὁ διά ἔθος σχῆμα ἁπαλός τε εἰμί καί οἷος  ὁ ὁ  ὀστέον διαστρέφω μοχθηρός ὑπό ὁ τροφός   ἐν ὁ λίχνος  πως ἤ καί  πολύς  ἤ  πρός  , ὑπό  ἅπας ὁ διαστροφή γίγνομαι .
186993	tlg0057.tlg095.1st1K-grc1	Προσέχειν δὲ τῇ ἰητρείῃ.	προσέχω δέ ὁ ἰατρεία .
186994	tlg0057.tlg095.1st1K-grc1	τοῖσι δὲ χρὴ ἀπωθέειν μὲν καὶ κατορθοῦν τῆς κνήμης τὸ κατὰ τὸ σφυρὸν ὀστέον τὸ ἔξωθεν ἐς τὸ εἴσω μέρος, ἀντωθέειν δὲ ἐς τὸ ἕξω μέρος τὸ τῆς περόνης, τὸ κατ’ αὐτὴν τὴν ἴξιν, ὅπως ἀλλήλοις ἀπαντήσῃ τὰ ὀστέα τὰ ἐξίσχοντα, κατὰ μέσον δὲ καὶ πλάγιον τὸν πόδα.	ὁ δέ χρή ἀπωθέω μέν καί  ὁ κνήμη ὁ κατά ὁ σφυρόν ὀστέον ὁ ἔξωθεν εἰς ὁ εἴσω μέρος ,  δέ εἰς ὁ  μέρος ὁ ὁ περόνη , ὁ κατά αὐτός ὁ ἵξις , ὅπως ἀλλήλων ἀπαντάω ὁ ὀστέον ὁ ἐξίσχω , κατά μέσος δέ καί πλάγιος ὁ πούς .
186995	tlg0057.tlg095.1st1K-grc1	τοὺς δ’ αὖ δακτύλους ἀθρόους ξὺν τῷ μεγάλῳ δακτύλῳ ἐς τὸ εἴσω μέρος ἐγκλίνειν καὶ περιαναγκάζειν οὕτως.	ὁ  αὖ δάκτυλος ἀθρόος σύν τῷ μέγας δάκτυλος εἰς ὁ εἴσω μέρος ἐγκλίνω καί περιαναγκάζω οὕτως .
186996	tlg0057.tlg095.1st1K-grc1	Αὐτὸς ἐν τῷ περὶ ἀγμῶν εἶπεν·	ἐν τῷ περί  λέγω ·
186997	tlg0057.tlg095.1st1K-grc1	ἡ δὲ κνήμη δύο ὀστέα ἐστὶ, πῇ μὲν συχνῷ λεπτότερον τὸ ἕτερον τοῦ ἑτέρου, πῇ δὲ οὐ πολλῷ λεπτότερον, ἀλλὰ τοῖς τε μετ’ αὐτὸν εἰθίσθη τὸ ἔξωθεν ὀνομάζειν περόνην.	ὁ δέ κνήμη γε ὀστέον εἰμί , πῇ μέν  λεπτός ὁ ἕτερος ὁ ἕτερος , πῆ δέ οὐ πολύς λεπτός , ἀλλά ὁ τε μετά αὐτός  ὁ ἔξωθεν ὀνομάζω περόνη .
186998	tlg0057.tlg095.1st1K-grc1	ταύτην οὖν ὠθεῖν ἔσω κελεύει καὶ τοῦτο πράττοντα τὴν πτέρναν ἀντωθεῖν ἐκτὸς καὶ μάλιστα αὐτῆς τὸ κατὰ τὴν ἴξιν, ὅπερ δηλοῖ τὴν εὐθυωρίαν, ὡς πρὸς τὴν κνήμην δηλονότι τὴν ἐν τῷ κατὰ φύσιν ἐπικειμένην αὐτῇ.	οὗτος οὖν ὠθέω εἴσω κελεύω καί οὗτος πράσσω ὁ πτέρνα  ἐκτός καί μάλιστα αὐτός ὁ κατά ὁ ἵξις , ὅς δηλόω ὁ εὐθυωρία , ὡς πρός ὁ κνήμη δηλονότι ὁ ἐν τῷ κατά φύσις  αὐτός .
186999	tlg0057.tlg095.1st1K-grc1	πολλάκις δ’ ἔμπροσθεν ἤδη περὶ τοιούτου τρόπου τῆς ἐμβολῆς εἶπεν ἁπάντων ὄντων κοινοῦ.	πολλάκις  ἔμπροσθεν ἤδη περί τοιοῦτος τρόπος ὁ ἐμβολή λέγω ἅπας εἰμί κοινός .
187000	tlg0057.tlg095.1st1K-grc1	χρὴ γὰρ τὸ μὲν ἐξέχοντος τοῦ κατὰ φύσιν εἰς τὴν ἀρχαίαν χώραν ἐπαναγαγεῖν, ὅπως ἀλλήλοις ἀπαντήσῃ τὰ ὀστᾶ.	χρή γάρ ὁ μέν  ὁ κατά φύσις εἰς ὁ ἀρχαῖος χώρα ἐπανάγω , ὅπως ἀλλήλων ἀπαντάω ὁ ὀστέον .
187001	tlg0057.tlg095.1st1K-grc1	τὰ δ’ ἐφεξῆς εἰρημένα περὶ τῆς διαπλάσεως αὐτῶν ἱκανῶς ἐστι σαφῆ τοῖς μεμνημένοις ὧντ’ ἔμπροσθεν εἰς τοῦτο τὸ βιβλίον εἴπομεν ἐξηγούμενοι καὶ ὧν ἔτι τούτου πρότερον εἰς τὸ περὶ ἀγμῶν.	ὁ  ἐφεξῆς λέγω περί ὁ διάπλασις αὐτός ἱκανός εἰμί σαφής ὁ  ὅς τ’ ἔμπροσθεν εἰς οὗτος ὁ βιβλίον   καί ὅς ἔτι οὗτος πρότερος εἰς ὁ περί ἀγμός .
187002	tlg0057.tlg095.1st1K-grc1	εἰ δέ τι παρεμπίπτοι δοκοῦν ἀσαφέστερον εἰρῆσθαι, περὶ μόνου τούτου ποιήσομαι τὸν λόγον.	εἰ δέ τις  δοκέω ἀσαφής λέγω , περί μόνος οὗτος ποιέω ὁ λόγος .
187003	tlg0057.tlg095.1st1K-grc1	Ἐπιδεῖν δὲ κηρωτῇ ἐῤῥητινωμένῃ εὖ καὶ σπλήνεσι καὶ ὀθονίοισι μαλθακοῖσι, μὴ ὀλίγοισι μηδὲ ἄγαν πιέζοντα.	δέ   εὖ καί  καί   , μή  μηδέ ἄγαν πιέζω .
187004	tlg0057.tlg095.1st1K-grc1	Τοῖς διαπλασσομένοις μέρεσιν ἐπιτήδειός ἐστι τὴν ῥητίνην ἔχουσα κηρωτὴ, διότι συνέχεται μᾶλλον τῷ δέρματι καὶ τὰ ὀθόνια καὶ ξηραίνεται μᾶλλον τὰ σώματα.	μέρος ἐπιτήδειος εἰμί ὁ ῥητίνη ἔχω  , διότι συνέχω μᾶλλον τῷ δέρμα καί ὁ ὀθόνιον καί ξηραίνω μᾶλλον ὁ σῶμα .
187005	tlg0057.tlg095.1st1K-grc1	ἐκ μὲν οὖν τοῦ συνέχεσθαι τὸ φυλάττεσθαι τὴν διάπλασιν ἀμετακίνητον ὑπάρξει τοῖς θεραπευομένοις μορίοις, ἐκ δὲ τοῦ ξηραίνεσθαι τὸ πήγνυσθαί τε καὶ κρατύνεσθαι.	ἐκ μέν οὖν ὁ συνέχω ὁ φυλάσσω ὁ  ἀμετακίνητος ὑπάρχω ὁ  μόριον , ἐκ δέ ὁ ξηραίνω ὁ πήγνυμι τε καί κρατύνω .
187006	tlg0057.tlg095.1st1K-grc1	τοῦτο δ’ αὐτὸ μόνιμον αὐτοῖς φυλάξει τὴν διάπλασιν.	οὗτος  αὐτός μόνιμος αὐτός φυλάσσω ὁ  .
187007	tlg0057.tlg095.1st1K-grc1	ὀθονίοις δὲ χρῆσθαι κελεύει μαλθακοῖς μὲν διὰ τὴν μαλθακότητα τῶν σωμάτων, ἣν ἐκ τῆς ἡλικίας ἔχει τὰ βρέφη.	ὀθόνιον δέ χράω2 κελεύω μαλθακός μέν διά ὁ  ὁ σῶμα , ὅς ἐκ ὁ ἡλικία ἔχω ὁ βρέφος .
187008	tlg0057.tlg095.1st1K-grc1	περιβεβλημένοις δὲ ἀτρέμα φυλαττόμενος τὴν ἐκ τῆς βιαίας περιβολῆς θλῖψιν αὐτῶν καὶ μάλισθ’ ὅταν ἐπὶ μαλακῶν γίνωνται σωμάτων.	δέ ἀτρέμα φυλάσσω ὁ ἐκ ὁ βίαιος περιβολή  αὐτός καί  ὅταν ἐπί μαλακός  σῶμα .
187009	tlg0057.tlg095.1st1K-grc1	ὅτι δὲ ἧττον πιέζεσθαι κελεύει, διὰ τοῦτο πλέοσι χρῆσθαι τοῖς ὀθονίοις ἀξιοῖ·	ὅτι2 δέ ἥσσων πιέζω κελεύω , διά οὗτος  χράω2 ὁ  ἀξιόω ·
187010	tlg0057.tlg095.1st1K-grc1	τὴν γὰρ ἀσφάλειαν τῆς ἐπιδέσεως ἔφασκεν ἢ πίεσιν ἢ πλῆθος τῶν ὀθονίων γίγνεσθαι.	ὁ γάρ ἀσφάλεια ὁ  φάσκω ἤ πίεσις τίη πλῆθος ὁ ὀθόνιον γίγνομαι .
187011	tlg0057.tlg095.1st1K-grc1	Οὕτω δὲ τὰς περιαγωγὰς ποιέεσθαι τῆς ἐπιδέσιος, ὥσπερ καὶ τῇσι χερσὶν ἡ κατόρθωσις ἦν τοῦ ποδὸς, ὅκως ὁ ποὺς ὀλίγον μᾶλλον ἐς τὸ βλαισσὸν ῥέπων φαίνηται.	οὕτως δέ ὁ περιαγωγή ποιέω ὁ ἐπίδεσις , ὥσπερ καί ὁ χείρ ὁ κατόρθωσις εἰμί ὁ πούς , ὅπως ὁ  ὀλίγος μᾶλλον εἰς ὁ  ῥέπω φαίνω .
187012	tlg0057.tlg095.1st1K-grc1	Καὶ τοῦτο κοινὸν ἁπάσης ἐπανορθώσεως ἄρθρων τε καὶ καταγμάτων ἐστὶ παράγγελμα πολλάκις ὑπ’ αὐτοῦ παρῃνημένον.	καί οὗτος κοινός ἅπας ἐπανόρθωσις ἄρθρον τε καί  εἰμί  πολλάκις ὑπό αὐτός  .
187013	tlg0057.tlg095.1st1K-grc1	οὐ βούλεται γὰρ ἐν ταῖς ἐπανορθώσεσι τὰ διαπλαττόμενα πρὸς τὸ κατὰ φύσιν ἀκριβῶς ἀχθέντα καταλιπεῖν αὐτόθι.	οὐ βούλομαι γάρ ἐν ὁ  ὁ  πρός ὁ κατά φύσις ἀκριβής ἄγω καταλείπω αὐτός .
187014	tlg0057.tlg095.1st1K-grc1	κελεύει μὲν περιβάλλειν ὀλίγον ὅτι ὡς ἐκ τούτου τὴν πολυχρόνιον αὐτῶν ῥοπὴν ἐπὶ τὴν διαστροφὴν ἀντισπῶντες ἐν τῷ μέσῳ καταστήσωμεν, ὅπερ ἦν τὸ κατὰ φύσιν ἀκριβῶς.	κελεύω μέν περιβάλλω ὀλίγος ὅτι2 ὡς ἐκ οὗτος ὁ πολυχρόνιος αὐτός ῥοπή ἐπί ὁ διαστροφή  ἐν τῷ μέσος καθίστημι , ὅς εἰμί ὁ κατά φύσις ἀκριβής .
187015	tlg0057.tlg095.1st1K-grc1	εἰ γὰρ ἐν τούτῳ διαπλάττοντες καταλείπομεν, ἐπὶ τὴν πολυχρόνιον διαστροφὴν ὑποῤῥεῖ τὰ μόρια.	εἰ γάρ ἐν οὗτος   , ἐπί ὁ πολυχρόνιος διαστροφή  ὁ μόριον .
187016	tlg0057.tlg095.1st1K-grc1	δῆλον δ’ ὅτι καὶ τοῦτο παράγγελμα ἐν τῷ γενικωτάτῳ πάντων ὑποπέπτωκε θεραπευτικῷ σκοπῷ, καθ’ ὃν ἔφασκε τὰ ἐναντία τῶν ἐναντίων ἰήματα εἶναι, μήτε τὰ κατεψυγμένα θερμαινόντων ἡμῶν τῇ μετρίᾳ θερμασίᾳ, μήτε τὰ θερμαινόμενα μετρίως ψυχόντων, ἀλλ’ εἰς τοσοῦτον ἐπέκεινα τῆς μεσότητος εἰς τἀναντία προχωρούντων, ὅσον ἀπεχώρησεν αὐτῆς τὸ πάθος ἐπὶ θάτερον·	δῆλος  ὅτι2 καί οὗτος παράγγελμα ἐν ὁ  πᾶς  θεραπευτικός σκοπός , κατά ὅς φάσκω ὁ ἐναντίος ὁ ἐναντίος ἴαμα εἰμί , μήτε ὁ καταψύχω  ἐγώ ὁ μέτριος θερμασία , μήτε ὁ θερμαίνω μέτριος  , ἀλλά εἰς τοσοῦτος  ὁ μεσότης εἰς ἐναντίος προχωρέω , ὅσος ἀποχωρέω αὐτός ὁ πάθος ἐπί ἕτερος ·
187017	tlg0057.tlg095.1st1K-grc1	καὶ νῦν οὖν ἐπεὶ μὲν πάθος ᾖ ἡ κύλλωσις ἐναντία βλαισσώσει διὰ πάντων τῷ λόγῳ, τὸ κῶλον ὁ Ἱπποκράτης πρὸς τὸ βλαισσὸν ἀξιοῖ ῥέπειν ἐπέκεινα δηλονότι τῶν κατὰ φύσιν ἀκριβῶς ὄντων.	καί νῦν οὖν ἐπεί μέν πάθος εἰμί ὁ κύλλωσις ἐναντίος  διά πᾶς τῷ λόγος , ὁ κῶλον ὁ Ἱπποκράτης πρός ὁ  ἀξιόω ῥέπω   ὁ κατά φύσις ἀκριβής εἰμί .
187018	tlg0057.tlg095.1st1K-grc1	Ἴχνος δέ τι ποιέεσθαι ἢ δέρματος μὴ ἄγαν σκληροῦ μολυβδίνου.	δέ τι ποιέω τίη δέρμα μή ἄγαν σκληρός  .
187019	tlg0057.tlg095.1st1K-grc1	Καὶ τοῦθ’ ἕνεκα τοῦ μονίμου τῆς ἐπιδέσεως ἐπιτεχνᾶται.	καί  ἕνεκα ὁ μόνιμος ὁ  ἐπιτεχνάομαι .
187020	tlg0057.tlg095.1st1K-grc1	διὰ τοῦτοδ’ οὖν καὶ προσκαταδεῖν αὐτὸ κελεύει τῇ ἐπιδέσει πάντων ὕστατον, ὅπως ἐκείνην τε συνέχῃ πᾶσαν αὐτόν τε μὴ θλίβῃ τὸν χρῶτα.	διά οὗτος δ’ οὖν καί προσκαταδέω αὐτός κελεύω ὁ ἐπίδεσις πᾶς ὕστερος , ὅπως ἐκεῖνος τε  πᾶς αὐτός τε μή  ὁ χρώς .
187021	tlg0057.tlg095.1st1K-grc1	τοῦτο δὲ ἐδήλωσε τῇ προκειμένῃ ῥήσει γράψας ἐφεξῆς τήνδε.	οὗτος δέ δηλόω ὁ   γράφω ἐφεξῆς ὅδε .
187022	tlg0057.tlg095.1st1K-grc1	Προσεπιδεῖν δὲ μὴ πρὸς τὸν χρῶτα τιθέντα, ἀλλ’ ὅταν ἤδη τοῖσιν ὑστάτοισιν ὀθονίοισι μέλλῃς ἐπιδέειν.	δέ μή πρός ὁ χρώς  , ἀλλά ὅταν ἤδη ὁ ὕστατος  μέλλω  .
187023	tlg0057.tlg095.1st1K-grc1	Ὅταν δὲ ἤδη ἐπιδεδεμένος ἔῃ, ἑνός τινος τῶν ὀθονίων χρὴ, οἷσιν ἐπιδέεται, τὴν ἀρχὴν προσράψαι πρὸς τὰ κάτω τοῦ ποδὸς ἐπιδέσματα κατὰ τὴν ἴξιν τοῦ μικροῦ δακτύλου, ἔπειτα ἐς τὸ ἄνω τείνοντα, ὅκως ἢν δοκέῃ μετρίως ἔχειν, περιβάλλειν ἄνωθεν τῆς γαστροκνημίης, ὡς μόνιμον ᾖ κατατεταγμένον οὕτως.	δέ ἤδη ἐπιδέω εἰμί ,   ὁ  χρή , ὅς ἐπιδέω , ὁ ἀρχή προσράπτω πρός ὁ κάτω ὁ πούς ἐπίδεσμα κατά ὁ ἵξις ὁ μικρός δάκτυλος , ἔπειτα εἰς ὁ ἄνω2 τείνω , ὅπως ἐάν δοκέω μέτριος ἔχω , περιβάλλω ἄνωθεν ὁ γαστροκνημία , ὡς μόνιμος εἰμί κατατάσσω οὕτως .
187024	tlg0057.tlg095.1st1K-grc1	ἁπλῷ δὲ λόγῳ ὥσπερ κηροπλαστέοντα χρὴ ἐς τὴν φύσιν τὴν δικαίην ἄγειν καὶ τὰ ἐκκεκλιμένα καὶ τὰ συντεταμένα τὴν φύσιν καὶ τῇσι χερσὶν οὕτω διορθοῦντα καὶ τῇ ἐπιδέσει ὡσαύτως.	ἁπλόος δέ λόγος ὥσπερ κηροπλαστέω χρή εἰς ὁ φύσις ὁ δίκαιος ἄγω καί ὁ ἐκκλίνω καί ὁ συντείνω ὁ φύσις καί ὁ χείρ οὕτως διορθόω καί ὁ ἐπίδεσις ὡσαύτως .
187025	tlg0057.tlg095.1st1K-grc1	προσάγειν δὲ οὐ βιαίως, ἀλλὰ παρηγορικῶς.	προσάγω δέ οὐ βίαιος , ἀλλά παρηγορικός .
187026	tlg0057.tlg095.1st1K-grc1	Ἐκ τοῦ κατὰ τὸν μικρὸν δάκτυλον χωρίου, τουτέστι τῶν ἐκτὸς τοῦ ποδὸς τὴν ἄρτησιν ποιεῖται πρὸς τὴν γαστροκνημίαν, ἐπειδὴ κεκυλλωμένον πόδα θεραπεύει, βεβλαισσωμένον δ’ εἴπερ ἐθεράπευε, πάλιν ἂν ἐποίησε τὴν ἀνάρτησιν.	ἐκ ὁ κατά ὁ μικρός δάκτυλος χωρίον ,  ὁ ἐκτός ὁ πούς ὁ  ποιέω πρός ὁ  , ἐπεί  πούς θεραπεύω ,   εἴπερ θεραπεύω , πάλιν ἐάν ποιέω ὁ  .
187027	tlg0057.tlg095.1st1K-grc1	ἐπὶ τἀναντία γὰρ χρὴ περιῤῥέειν τὸν πόδα τῇ διαστροφῇ ὡς τὰ μὲν εἰς τὴν ἔξω χώραν διεστραμμένα εἰς τὴν ἐντὸς ἐπιστρέψαι, τὰ δ’ ἔσω τὴν μετάστασιν πεποιημένα καὶ ταῦτα πρὸς τὸν ἐναντίον ἀπάγειν τόπον.	ἐπί ἐναντίος γάρ χρή  ὁ πούς ὁ διαστροφή ὡς ὁ μέν εἰς ὁ ἔξω χώρα διαστρέφω εἰς ὁ ἐντός ἐπιστρέφω , ὁ  εἴσω ὁ μετάστασις ποιέω καί οὗτος πρός ὁ ἐναντίος ἀπάγω τόπος .
187028	tlg0057.tlg095.1st1K-grc1	Προσράπτειν δὲ τὰ ὀθόνια, ὅκως ἂν ξυμφέρῃ τὰς ἀναλήψιας ποιέεσθαι.	δέ ὁ ὀθόνιον , ὅπως ἄν  ὁ ἀνάληψις ποιέω .
187029	tlg0057.tlg095.1st1K-grc1	ἀλλὰ γὰρ ἄλλης τῶν χωλωμάτων δέεται ἀναλήψιος.	ἀλλά γάρ ἄλλος ὁ χώλωμα δέω2  .
187030	tlg0057.tlg095.1st1K-grc1	Ὅπερ ἀρτίως ἐγὼ προειρήκειν αὐτὸς ἐν τῷ λόγῳ διῆλθεν, ἄλλα ἄλλης τῶν χωλωμάτων δεῖσθαι λέγων ἀναλήψεως, τὰ μὲν κεκυλλωμένα δῆλον ὅτι τῆς ἔσω μὲν προσαγούσης τὸ τῆς κνήμης πέρας, ἔξω δὲ τὸν πόδα, τὰ δὲ βεβλαισσωμένα τῆς ἔξω μὲν τὴν κνήμην, ἔσω δὲ τὸν πόδα, καὶ τὰ μὲν ἐπ’ ὀλίγον ἑκάτερον πεπονθότα μετρίως ἀντισπᾶν ἐπὶ τὴν ἐναντίαν χώραν ποιούμενον τὴν ἀνάληψιν, τὰ δὲ ἐπὶ πλέον ἀποκεχωρηκότα σφοδρότερον ἀντιτείνοντα·	ἄρτιος   αὐτός ἐν τῷ λόγος διέρχομαι ,  ἄλλος ὁ χώλωμα δέω λέγω ἀνάληψις , ὁ μέν κυλλόω δῆλος ὅτι2 ὁ εἴσω μέν  ὁ ὁ κνήμη πέρας , ἔξω δέ ὁ πούς , ὁ δέ  ὁ ἔξω μέν ὁ κνήμη , εἴσω δέ ὁ πούς , καί ὁ μέν ἐπί ὀλίγος ἑκάτερος πάσχω μέτριος ἀντισπάω ἐπί ὁ ἐναντίος χώρα ποιέω ὁ ἀνάληψις , ὁ δέ ἐπί πολύς ἀποχωρέω σφοδρός  ·
187031	tlg0057.tlg095.1st1K-grc1	διὰ τοῦτο καὶ κοινὸν ἐπὶ πασῶν τῶν διαστροφῶν ὄνομα νῦν εἶπε τὸ χώλωμα.	διά οὗτος καί κοινός ἐπί πᾶς ὁ  ὄνομα νῦν λέγω ὁ  .
187032	tlg0057.tlg095.1st1K-grc1	Ὑποδημάτιον δὲ ποιέεσθαι μολύβδινον ἔξωθεν τῆς ἐπιδέσιος ἐπιδεδεμένον, οἷον αἱ Χῖαι κρηπῖδες ῥυθμὸν εἶχον, ἀλλ’ οὐδὲν αὐτοῦ δεῖ, ἤν τις ὀρθῶς μὲν τῇσι χερσὶ διορθώσῃ, ὀρθῶς δὲ τοῖσιν ὀθονίοισιν ἐπιδέῃ, ὀρθῶς δὲ καὶ τὰς ἀναλήψιας ποιοῖτο.	ὑποδημάτιον δέ ποιέω  ἔξωθεν ὁ ἐπίδεσις ἐπιδέω , οἷος ὁ  κρηπίς ῥυθμός ἔχω , ἀλλά οὐδείς αὐτός δέω , ἐάν τις ὀρθός μέν ὁ χείρ διορθόω , ὀρθός δέ ὁ  ἐπιδέω , ὀρθός δέ καί ὁ ἀνάληψις  .
187033	tlg0057.tlg095.1st1K-grc1	ἡ μὲν οὖν ἴησις αὕτη, καὶ οὔτε τομῆς οὔτε καύσιος οὐδὲν δεῖ οὐδ’ ἄλλης ποικιλίης.	ὁ μέν οὖν ἴασις οὗτος , καί οὔτε τομή οὔτε   δέω οὐδέ ἄλλος ποικιλία .
187034	tlg0057.tlg095.1st1K-grc1	θᾶσσον γὰρ ἐνακούει τὰ τοιαῦτα τῆς ἰητρείης ἢ ὡς ἄν τις οἴοιτο.	ταχύς γάρ ἐνακούω ὁ τοιοῦτος ὁ ἰατρεία ἤ ὡς ἄν τις οἴομαι .
187035	tlg0057.tlg095.1st1K-grc1	προσνικᾷν μέντοι χρὴ τῷ χρόνῳ, ἕως ἂν αὐξηθῇ τὸ σῶμα ἐν τοῖσι δικαίοισι σχήμασιν.	χρή ὁ χρόνος , ἕως ἄν αὐξάνω ὁ σῶμα ἐν ὁ δίκαιος σχῆμα .
187036	tlg0057.tlg095.1st1K-grc1	Ὁποῖον μὲν ῥυθμὸν εἶχον αἱ Χῖαι κρηπῖδες οὐχ οἷόν τε γνῶναι σαφές·	μέν ῥυθμός ἔχω ὁ  κρηπίς οὐ  τε γιγνώσκω σαφής ·
187037	tlg0057.tlg095.1st1K-grc1	οὐδὲ γὰρ κατ’ αὐτὸν ἔτι τὸν Ἱπποκράτην ἐσώζετο.	οὐδέ γάρ κατά αὐτός ἔτι ὁ Ἱπποκράτης σῴζω .
187038	tlg0057.tlg095.1st1K-grc1	διὰ τοῦτο γοῦν εἶπεν, οἷς αἱ Χῖαι κρηπῖδες ῥυθμὸν εἶχον, δυνάμενος εἰπεῖν ἔχουσιν.	διά οὗτος γοῦν λέγω , ὅς ὁ  κρηπίς ῥυθμός ἔχω ,  λέγω ἔχω .
187039	tlg0057.tlg095.1st1K-grc1	εὔδηλον δ’ ὅτι τὸ συνέχον μὲν ἀκριβῶς τὸν πόδα, μὴ θλῖβον δὲ τὸν χρῶτα τοῖς διαπλασσομένοις παιδίοις ἐπιτηδειότατόν ἐστιν ὑπόδημα, ὥστε πρὸς τούτους ἀποβλέποντι τοὺς σκοποὺς καὶ νῦν ἂν δύναιντο ποιεῖν ὑπόδημα χρήσιμον ἄνευ τοῦ ζητεῖν ὁποῖαί τινες ἦσαν αἱ Χῖαι κρηπῖδες.	εὔδηλος  ὅτι2 ὁ συνόχωκα μέν ἀκριβής ὁ πούς , μή  δέ ὁ χρώς ὁ  παιδίον ἐπιτήδειος εἰμί ὑπόδημα , ὥστε πρός οὗτος ἀποβλέπω ὁ  καί νῦν ἄν  ποιέω ὑπόδημα χρήσιμος ἄνευ ὁ ζητέω  τις εἰμί ὁ  κρηπίς .
187040	tlg0057.tlg095.1st1K-grc1	Ὅταν δὲ ἐς ὑποδήματος λόγον εἴη, ἀρβύλαι ἐπιτηδειόταται αἱ πηλοπατίδες καλεόμεναι.	δέ εἰς ὑπόδημα λόγος εἰμί , ἀρβύλη  ὁ  καλέω .
187041	tlg0057.tlg095.1st1K-grc1	Εἰς ὑποδήματος ἥξει λόγον τὸ θεραπευόμενον παιδίον, ὅταν τε τὸ κατορθούμενον μόριον ὑγιὲς ᾖ καὶ τηλικοῦτον ὅταν ἐν τῷ τέως αὐξηθὲν γένηται καὶ μηκέτι μαλακὴν αὐτῶν τῶν ὀστῶν τὴν οὐσίαν εἶναι.	ὑπόδημα ἥκω λόγος ὁ θεραπεύω παιδίον , ὅταν τε ὁ κατορθόω μόριον ὑγιής εἰμί καί τηλικοῦτος ὅταν ἐν ὁ τέως αὐξάνω γίγνομαι καί μηκέτι  αὐτός ὁ ὀστέον ὁ οὐσία εἰμί .
187042	tlg0057.tlg095.1st1K-grc1	οὐδὲ γὰρ οὐδ’ ἐπιτρέψαι χρὴ πρότερον αὐτὸ βαδίζειν, ἵνα μὴ πάλιν ἐπὶ τὴν ἔμπροσθεν διαστροφὴν ἐπανέλθῃ τὸ μόριον.	οὐδέ γάρ οὐδέ ἐπιτρέπω χρή πρότερος αὐτός βαδίζω , ἵνα μή πάλιν ἐπί ὁ ἔμπροσθεν διαστροφή ἐπανέρχομαι ὁ μόριον .
187043	tlg0057.tlg095.1st1K-grc1	ὅταν δ’ ἀβλαβῶς δύναται βαδίζειν, ἀρβύλας ὑποδεῖν αὐτῷ προσήκει.	ὅταν  ἀβλαβής δύναμαι βαδίζω , ἀρβύλη  αὐτός προσήκω .
187044	tlg0057.tlg095.1st1K-grc1	κοῖλον δ’ ἔστιν ὑπόδημα τοῦτο καὶ περιεσφιγμένον ἀκριβῶς τῷ ὅλῳ ποδὶ μέχρι τῶν σφυρῶν.	κοῖλος  εἰμί ὑπόδημα οὗτος καί  ἀκριβής τῷ ὅλος πούς μέχρι ὁ  .
187045	tlg0057.tlg095.1st1K-grc1	εὔδηλον δ’ ὅτι τοιοῦτόν ἐστι κἀξ ὧν ἐπήνεγκεν αὐτὸς ὁ Ἱπποκράτης εἰπὼν, αὐτὰς πηλοβατίδας ὀνομάζεσθαι.	εὔδηλος  ὅτι2  εἰμί ἐκ ὅς ἐπιφέρω αὐτός ὁ Ἱπποκράτης λέγω , αὐτός  ὀνομάζω .
187046	tlg0057.tlg095.1st1K-grc1	τοῦτο γὰρ γέγονε τὸ ὄνομα, εἰ μὲν διὰ τοῦπ γράφοιτο πηλοπατίδας διὰ τὸ πατεῖσθαι τὸν πηλὸν ὑπ’ αὐτῶν, εἰ δὲ διὰ τοῦ β πηλοβατίδας, ἐπειδὰν βαίνειν ἀσφαλῶς ἐν πηλῷ δυνατόν ἐστι τοῖς ὑποδεδεμένοις τοιοῦτον ὑπόδημα.	οὗτος γάρ γίγνομαι ὁ ὄνομα , εἰ μέν διά ὁ π γράφω  διά ὁ πατέω ὁ πηλός ὑπό αὐτός , εἰ δέ διά ὁ   , ἐπεί βαίνω ἀσφαλής ἐν πηλός δυνατός εἰμί ὁ   ὑπόδημα .
187047	tlg0057.tlg095.1st1K-grc1	Τοῦτο γὰρ ὑποδημάτων ἥκιστα κρατέεται ὑπὸ τοῦ ποδὸς, ἀλλὰ κρατέει μᾶλλον.	οὗτος γάρ ὑπόδημα ἥκιστος κρατέω ὑπό ὁ πούς , ἀλλά κρατέω μᾶλλον .
187048	tlg0057.tlg095.1st1K-grc1	Ἄλλως ἄλλος ἄνθρωπος εἴθισταί τε καὶ πέφυκε βαδίζειν, ὁ μὲν τις ὀρθῶς ἀκριβῶς ἔχων, ὁ δ’ εἴσω μᾶλλον ἢ ἔξω ῥέποντα τὸν πόδα, καὶ τινὲς μὲν αὐτῷ τῷ στήθει, τινὲς δὲ τῇ πτέρνῃ βαίνουσι μᾶλλον, τινὲς δὲ ὁμαλῶς ὅλον στηρίζουσι.	ἄλλος ἄλλος ἄνθρωπος  τε καί φύω βαδίζω , ὁ μέν τις ὀρθός ἀκριβής ἔχω , ὁ  εἴσω μᾶλλον ἤ ἔξω ῥέπω ὁ πούς , καί  μέν αὐτός τῷ στῆθος ,  δέ ὁ πτέρνη βαίνω μᾶλλον ,  δέ ὁμαλός ὅλος  .
187049	tlg0057.tlg095.1st1K-grc1	καὶ τοίνυν καὶ φαίνονται συνεξομοιοῦντες ἀεὶ τῷ τρόπῳ τῆς βαδίσεως οἱ ἄνθρωποι τὰ τοιαῦτα τῶν ὑποδημάτων, ὅσα μήτε βαθέα μήτ’ ἀκριβῶς ἐστι περιεσφιγμένα τῷ ποδὶ, καί σοι θεασαμένῳ τι τῶν τοιούτων ὑποδημάτων ἔνεστιν ἐξ αὐτῶν λογίσασθαι, πῶς χρώμενος αὐτοῖς βαδίζει.	καί τοίνυν καί φαίνω  ἀεί τῷ τρόπος ὁ βάδισις ὁ ἄνθρωπος ὁ τοιοῦτος ὁ ὑπόδημα , ὅσος μήτε βαθύς  ἀκριβής εἰμί  ὁ πούς , καί  θεάομαι τι ὁ τοιοῦτος ὑπόδημα ἔνειμι ἐκ αὐτός λογίζομαι , πῶς χράω2 αὐτός βαδίζω .
187050	tlg0057.tlg095.1st1K-grc1	τὸ μὲν γὰρ ὀρθὸν καὶ μηδαμόσε ῥέπον, ἀλλ’ οἷον ὁ σκυτοτόμος ἐποίησε αὐτὸ, τοιοῦτον διαμένον, ὀρθὸν σημαίνει τίθεσθαι τὸν πόδα τοῦ χρωμένου·	ὁ μέν γάρ ὀρθός καί μηδαμόσε ῥέπω , ἀλλά οἷος ὁ σκυτοτόμος ποιέω αὐτός , τοιοῦτος  , ὀρθός σημαίνω τίθημι ὁ πούς ὁ  ·
187051	tlg0057.tlg095.1st1K-grc1	τὸ δ’ ἔσω νενευκὸς ἢ ἔξωθεν τὸν χρώμενον ἐνταῦθα ῥέπειν τὸν πόδα κατὰ τὴν ὁδοιπορίαν ἐνδείκνυται, καθάπερ γε καὶ τὸ πρόσω μᾶλλον ἢ ὀπίσω νενευκὸς ἢ κατὰ τὴν πτέρναν ἢ τὸ τοῦ ποδὸς στῆθος ἐκτετραμμένους ἔχοντος ἥλους ἢ ἐκ τῶν ἔξω μερῶν ἢ ἐκ τῶν ἔνδον ἐπὶ καινὰ δηλοῖ ῥέπειν ἐν τῇ βαδίσει τὸν πόδα.	ὁ  εἴσω νέω τίη ἔξωθεν ὁ χράω2 ἐνταῦθα ῥέπω ὁ πούς κατά ὁ ὁδοιπορία ἐνδείκνυμι , καθά γε καί ὁ πρόσω μᾶλλον ἤ ὀπίσω  τίη κατά ὁ πτέρνα τίη ὁ ὁ πούς στῆθος  ἔχω ἧλος ἤ ἐκ ὁ ἔξω μέρος ἤ ἐκ ὁ ἔνδον ἐπί καινός δηλόω ῥέπω ἐν ὁ βάδισις ὁ πούς .
187052	tlg0057.tlg095.1st1K-grc1	τὸ τοίνυν τοιοῦτον ὑπόδημα κρατεῖσθαί φησιν ὑπὸ τοῦ ποδὸς ὁ Ἱπποκράτης, ὅπερ ἐστὶ νικᾶσθαι, τὸ δ’ ἐναντίον αὐτοῦ τὸ διαμένον ἀῤῥεπὲς ἔμπαλιν τούτῳ κρατεῖν αὐτὸ τὸν πόδα ἀναγκάζον ὀρθόν τε καὶ ἀῤῥεπῆ τίθεσθαι κατὰ τῆς γῆς·	ὁ τοίνυν  ὑπόδημα κρατέω φημί ὑπό ὁ πούς ὁ Ἱπποκράτης , ὅς εἰμί νικάω , ὁ  ἐναντίος αὐτός ὁ   ἔμπαλιν οὗτος κρατέω αὐτός ὁ πούς ἀναγκάζω ὀρθός τε καί  τίθημι κατά ὁ γῆ ·
187053	tlg0057.tlg095.1st1K-grc1	κεφάλαιον δὲ τῆς τούτου κατασκευῆς ἐστιν ἐσφίγχθαι τε περὶ ὅλον ἀκριβῶς τὸν πόδα καὶ βάθος ἔχειν δαψιλές.	κεφάλαιος δέ ὁ οὗτος κατασκευή εἰμί  τε περί ὅλος ἀκριβής ὁ πούς καί βάθος ἔχω δαψιλής .
187054	tlg0057.tlg095.1st1K-grc1	ἐσφίγχθαι δ’ ἀδύνατον μὴ πολυσχιδὲς γινόμενον, ὥστε καὶ οἱ κυνηγέται δι’ αὐτὸ τοῦτο τοιούτοις ὑποδήμασι χρῶνται, πηδᾷν καὶ τρέχειν ἀναγκαζόμενοι δι’ ἀνωμάλων χωρίων.	ἀδύνατος μή   , ὥστε καί ὁ κυνηγέτης διά αὐτός οὗτος τοιοῦτος ὑπόδημα χράω2 ,  καί τρέχω ἀναγκάζω διά ἀνώμαλος χωρίον .
187055	tlg0057.tlg095.1st1K-grc1	ἐν οἷς ἐὰν μὴ συνηρμοσμένον ᾖ ἀκριβῶς τῷ χρωτὶ τὸ ὑπόδημα, στρέμματά τε καὶ τίλματα γίγνεται κατά τε τὰ σφυρὰ καὶ τοὺς πόδας.	ἐν ὅς ἐάν μή συναρμόζω εἰμί ἀκριβής τῷ χρώς ὁ ὑπόδημα ,  τε καί  γίγνομαι κατά τε ὁ σφυρόν καί ὁ πούς .
187056	tlg0057.tlg095.1st1K-grc1	Ἐπιτήδειος δὲ καὶ ὁ Κρητικὸς τρόπος τῶν ὑποδημάτων.	δέ καί ὁ Κρητικός τρόπος ὁ ὑπόδημα .
187057	tlg0057.tlg095.1st1K-grc1	Ἔτι καὶ νῦν οὗτος ἀσκεῖται κατὰ τὴν ἡμετέραν Ἀσίαν καὶ κατὰ τὴν Κρήτην οὐχ ἥκιστα μέχρι κνήμης μέσος ἀνήκων.	ἔτι καί νῦν οὗτος ἀσκέω κατά ὁ ἡμέτερος Ἀσία καί κατά ὁ Κρήτη οὐ ἥκιστος μέχρι κνήμη  ἀνήκω .
187058	tlg0057.tlg095.1st1K-grc1	ἔστι δ’ ἱκανῶς ὑπ’ αὐτοῦ πολυσχιδές τι δέρμα καθ’ ἑκάτερον τὸ μέρος ἀριστερόν τε καὶ δεξιὸν ἴσον ἐντεταμένον τε καὶ ἰδίᾳ συντετρημένον ἐπὶ τοῖς πέρασιν, ὡς ἱμάντι διεκβαλλομένων τῶν τρημάτων συνάγεσθαι κατ’ ἄλληλα τὰ τεταγμένα τοῦ δέρματος τμήματα.	εἰμί  ἱκανός ὑπό αὐτός  τι δέρμα κατά ἑκάτερος ὁ μέρος ἀριστερός τε καί δεξιός ἴσος ἐντείνω τε καί ἴδιος  ἐπί ὁ πέρας , ὡς ἱμάς  ὁ τρῆμα συνάγω κατά  ὁ τάσσω ὁ δέρμα τμῆμα .
187059	tlg0057.tlg095.1st1K-grc1	πρόδηλον οὖν ὅτι συνέχει τε καὶ σφίγγει τὸν πόδα, μετὰ τῆς κατὰ φύσιν διαρθρώσεως ὅλης ἀκριβῶς τὸ τοιοῦτον ὑπόδημα.	πρόδηλος οὖν ὅτι2 συνέχω τε καί  ὁ πούς , μετά ὁ κατά φύσις  ὅλος ἀκριβής ὁ  ὑπόδημα .
187060	tlg0057.tlg095.1st1K-grc1	χρῶνται δὲ αὐτῷ μάλιστα παρ’ ἡμῖν οἱ κυνηγέται θηρεύοντες, ἐπειδή περ ἐν τραχέσι καὶ ἀνωμάλοις χωρίοις ἀναγκάζονται πολλάκις οὐ τρέχειν μόνον, ἀλλὰ καὶ πηδᾷν·	χράω2 δέ αὐτός μάλιστα παρά ἐγώ ἕ κυνηγέτης θηρεύω , ἐπεί  ἐν τραχύς καί ἀνώμαλος χωρίον ἀναγκάζω πολλάκις οὐ τρέχω μόνος , ἀλλά καί  ·
187061	tlg0057.tlg095.1st1K-grc1	ἡ δ’ αὐτὴ καὶ τοὺς Κρῆτας αἰτία τοιούτοις ὑποδήμασι χρῆσθαι ἔπεισε, διά τε τὰ μεγέθη τῶν ὀρῶν τῶν ἐν τῇ νήσῳ καὶ τὰς τραχύτητας.	ὁ  αὐτός καί ὁ Κρής αἰτία τοιοῦτος ὑπόδημα χράω2 πείθω , διά τε ὁ μέγεθος ὁ ὄρος ὁ ἐν ὁ νῆσος καί ὁ τραχύτης .
187062	tlg0057.tlg095.1st1K-grc1	Ὁκόσοισι δ’ ἂν κνήμης ὀστέα ἐξαρθρήσαντα καὶ ἕλκος ποιήσαντα τελείως ἐξίσχῃ τὰ παρὰ τὸν πόδα ἄρθρα, εἴτε εἴσω ῥεύσαντα, εἴτε μέντοι καὶ ἔξω, τὰ τοιαῦτα μὴ ἐμβάλλειν, ἀλλ’ ἐᾷν τὸν βουλόμενον τῶν ἰητρῶν ἐμβαλεῖν.	ἄν κνήμη ὀστέον ἐξαρθρέω καί ἕλκος ποιέω τέλειος  ὁ παρά ὁ πούς ἄρθρον , εἴτε εἴσω ῥέω , εἴτε  καί ἔξω , ὁ τοιοῦτος μή ἐμβάλλω , ἀλλά  ὁ  ὁ ἰατρός ἐμβάλλω .
187063	tlg0057.tlg095.1st1K-grc1	σαφέως γὰρ εἰδέναι, ὅτι ἀποθανεῖται, ἐὰν ἐμβληθέντα ἐμμείνῃ καὶ ἡ ζωὴ δὲ ὀλιγήμερος τούτοισι γενήσεται·	σαφής γάρ οἶδα , ὅτι2  , ἐάν ἐμβάλλω  καί ὁ ζωή δέ ὀλιγήμερος οὗτος γίγνομαι ·
187064	tlg0057.tlg095.1st1K-grc1	ὀλίγοι γὰρ αὐτῶν τὰς ἑπτὰ ἡμέρας ὑπερβάλλοιεν, σπασμὸς γὰρ ὁ κτείνων ἐστίν.	ὀλίγος γάρ αὐτός ὁ  ἡμέρα ὑπερβάλλω , σπασμός γάρ ὁ κτείνω εἰμί .
187065	tlg0057.tlg095.1st1K-grc1	Ἐμβάλλειν μὲν ὀστᾶ λέγει τὰ τῆς περόνης καὶ τὰ τῆς ὁμωνύμως παντὶ τῷ μορίῳ ὀνομαζομένης κνήμης.	ἐμβάλλω μέν  λέγω ὁ ὁ περόνη καί ὁ ὁ ὁμώνυμος πᾶς τῷ μόριον ὀνομάζω κνήμη .
187066	tlg0057.tlg095.1st1K-grc1	ἐξίσχει δὲ ταῦτα καὶ γυμνοῦται τοῦ χρωτὸς ἐν ἑκατέρᾳ τῇ διαρθρώσει τῆς κνήμης, ἥν τε πρὸς τὸν πόδα καὶ τὸν μηρὸν ποιεῖται.	ἐξίσχω δέ οὗτος καί  ὁ χρώς ἐν ἑκάτερος ὁ διαρθρόω ὁ κνήμη , ὅς τε πρός ὁ πούς καί ὁ μηρός ποιέω .
187067	tlg0057.tlg095.1st1K-grc1	περὶ πρώτης οὖν διαλέγεται τῆς πρὸς τὸν πόδα διαρθρώσεως, ἀξιῶν ὅταν ἐνταῦθα τὸ τῆς κνήμης ὀστοῦν ἐξαρθρήσῃ, γυμνωθὲν ἀφίστασθαι τῆς ἐμβολῆς διὰ τὸν ἐπιγιγνόμενον σπασμόν.	περί πρῶτος οὖν διαλέγω ὁ πρός ὁ πούς  , ἀξιάω ὅταν ἐνταῦθα ὁ ὁ κνήμη ὀστέον ἐξαρθρέω , γυμνόω ἀφίστημι ὁ ἐμβολή διά ὁ  σπασμός .
187068	tlg0057.tlg095.1st1K-grc1	εἴρηται δὲ ἤδη περὶ τούτου κἀν τῷ περὶ τῶν ἀγμῶν, ὅτι συμβαίνει κατὰ τὰς τοιαύτας διαθέσεις τὸν μέντοι διασπᾶσθαι τῶν μυῶν, τὸν δὲ συνέρχεσθαι καὶ σώζειν τὴν ἕνωσιν, ἀνασπασθέντων οὖν αὐτῶν ἐπὶ τὴν ἀρχὴν ἔλαττον γίγνεται τὸ κῶλον ὅλον ἀκολουθεῖ τε καὶ συνανασπώμενον τοῖς μυσίν.	λέγω δέ ἤδη περί οὗτος ἐν τῷ περί ὁ ἀγμός , ὅτι2 συμβαίνω κατά ὁ τοιοῦτος διάθεσις ὁ  διασπάω ὁ μῦς , ὁ δέ συνέρχομαι καί σῴζω ὁ ἕνωσις , ἀνασπάω οὖν αὐτός ἐπί ὁ ἀρχή  γίγνομαι ὁ κῶλον ὅλος ἀκολουθέω τε καί  ὁ μῦς .
187069	tlg0057.tlg095.1st1K-grc1	ἐὰν δή τις κατατείνας ἐμβάλῃ τὸ ἐξέχον ὀστοῦν, ἅμα μὲν ἡ κατάτασις αὕτη βλάβην οὐ σμικρὰν ἐργάσεται τοῖς μυσὶν, ἅμα δὲ καὶ τὸ μῆκος τοῦ κώλου συναποτεῖνον αὐτοὺς ὀδυνήσει σφοδρῶς καὶ κατὰ τοῦτο μεγάλων μὲν ὄντων τῶν μυῶν ἐξ ἀνάγκης ἀκολουθήσει σπασμός.	ἐάν δή τις κατατείνω ἐμβάλλω ὁ   , ἅμα μέν ὁ κατάτασις οὗτος βλάβη οὐ μικρός ἐργάζομαι ὁ μῦς , ἅμα δέ καί ὁ μῆκος ὁ   αὐτός ὀδυνάω σφοδρός καί κατά οὗτος μέγας μέν εἰμί ὁ μῦς ἐκ ἀνάγκη ἀκολουθέω σπασμός .
187070	tlg0057.tlg095.1st1K-grc1	εἰ δὲ μικροὶ τύχοιεν ὄντες οἷοι κατὰ τοὺς δακτύλους εἰσὶν, οὐδ’ οὕτω μὲν ἀκίνδυνον ἔσται, σὺν ἀκριβείᾳ δὲ πολλῇ τῆς ὅλης θεραπείας οἱ πολλοὶ τῶν τοιούτων διασώζονται.	εἰ δέ μικρός τυγχάνω εἰμί οἷος κατά ὁ δάκτυλος εἰμί , οὐδέ οὕτως μέν ἀκίνδυνος  , σύν ἀκρίβεια δέ πολύς ὁ ὅλος θεραπεία ὁ πολύς ὁ τοιοῦτος διασῴζω .
187071	tlg0057.tlg095.1st1K-grc1	τὸ μὲν οὖν εἰς τὴν θεραπείαν χρήσιμον εἵρηταί μοι.	ὁ μέν οὖν εἰς ὁ θεραπεία χρήσιμος   .
187072	tlg0057.tlg095.1st1K-grc1	λογικὸν δέ τι ζήτημά ἐστι κατὰ τὸν τρόπον τοῦτον οὐδὲν οὔτ’ ὠφελοῦν οὔτε βλάπτον τὴν θεραπείαν ἐπισκεπτομένων ἡμῶν, διὰ τὶ προσέθηκε τοῖς τῆς κνήμης ὀστοῖς τὰ ἐξαρθρήσαντα·	λογικός δέ τι ζήτημα εἰμί κατά ὁ τρόπος οὗτος    οὔτε βλάπτω ὁ θεραπεία   , διά  προστίθημι ὁ ὁ κνήμη  ὁ ἐξαρθρέω ·
187073	tlg0057.tlg095.1st1K-grc1	τῶν γὰρ ἐμβαινόντων ταῖς κοιλότησιν οὐ περιλαμβανόντων ταῖς ἐξοχαῖς πάθος εἶναί φησι τὸ ἐξάρθρημα.	ὁ γάρ ἐμβαίνω ὁ  οὐ περιλαμβάνω ὁ ἐξοχή πάθος εἰμί φημί ὁ ἐξάρθρημα .
187074	tlg0057.tlg095.1st1K-grc1	καὶ γὰρ καὶ καλεῖ αὐτὸς ἄρθρα ταῦτα, καθότι δέδεικται πολλάκις ἔμπροσθεν.	καί γάρ καί καλέω αὐτός ἄρθρον οὗτος ,  δείκνυμι πολλάκις ἔμπροσθεν .
187075	tlg0057.tlg095.1st1K-grc1	οὐκ οὖν δέδεικται, φασὶ, τὴν κνήμην ἐξαρ θρεῖν λέγειν, ἀλλὰ τὸν ἀστράγαλον.	οὐ οὖν δείκνυμι , φημί , ὁ κνήμη   λέγω , ἀλλά ὁ ἀστράγαλος .
187076	tlg0057.tlg095.1st1K-grc1	ῥητέον οὖν πρὸς τὰ τοιαῦτα ζητοῦντας ὃ καὶ ἔμπροσθεν ἤδη μοι λέλεκται, τοῦ σημᾶναι τὸ λεγόμενον πρᾶγμα μόνον φροντίζειν τὸν Ἱπποκράτην, καθάπερ καὶ ὁ Πλάτων ἡμᾶς τε ποιεῖν ἀξιοῖ τοῦτο καὶ πρῶτον αὐτὸς πράττει.	λέγω οὖν πρός ὁ τοιοῦτος ζητέω ὅς καί ἔμπροσθεν ἤδη ἐγώ λέγω , ὁ σημαίνω ὁ λέγω πρᾶγμα μόνος φροντίζω ὁ Ἱπποκράτης , καθά καί ὁ Πλάτων ἐγώ τε ποιέω ἀξιόω οὗτος καί πρῶτος αὐτός πράσσω .
187077	tlg0057.tlg095.1st1K-grc1	δέδεικται δ’ ἡμῖν ἑτέρωθι, ὅτι οἱ παλαιοὶ πάντες οὐκ ἄλλον ἢ τοῦτον εἶχον τὸν σκοπόν.	δείκνυμι   ἕτερος , ὅτι2 ὁ παλαιός πᾶς οὐ ἄλλος ἤ οὗτος ἔχω ὁ σκοπός .
187078	tlg0057.tlg095.1st1K-grc1	μόνος γὰρ φαίνεται Πρόδικος ἐζηλωκέναι αὐτὴν ἐν τοῖς ὀνόμασι μικρολογίαν, ὡς εἰώθασι προσαγορεύειν οἱ τὰ Προδίκου ζηλώσαντες.	μόνος γάρ φαίνω Πρόδικος ζηλόω αὐτός ἐν ὁ ὄνομα μικρολογία , ὡς εἴωθα προσαγορεύω ὁ ὁ Πρόδικος ζηλόω .
187079	tlg0057.tlg095.1st1K-grc1	ὅτι δὲ οὐδὲν ἡ σαφήνεια τῆς διηγήσεως βλάπτεται, δῆλόν ἐστιν ἐξ αὐτῆς τῆς ῥήσεως εἰπόντος τοῦ Ἱπποκράτους, οἷσιδ’ ἂν κνήμης ὀστέα ἐξαρθρήσαντα τελέως ἐξίσχῃ τὰ παρὰ τὸν πόδα ἄρθρα·	ὅτι2 δέ  ὁ σαφήνεια ὁ διήγησις βλάπτω , δῆλος εἰμί ἐκ αὐτός ὁ  λέγω ὁ Ἱπποκράτης , ὅς δ’ ἐάν κνήμη ὀστέον ἐξαρθρέω τέλειος  ὁ παρά ὁ πούς ἄρθρον ·
187080	tlg0057.tlg095.1st1K-grc1	καὶ γὰρ ἐὰν ὀλίγον ἄρῃς τὸ ἐξαρθρήσαντα, δῆλόν ἐστι τὸ λεγόμενον, ὥστε τοῦτο τοὔνομα προσέθηκεν Ἱπποκράτης, μηδὲν ὅλως τὴν τοιαύτην μικρολογίαν, ἣν οἱ ζητοῦντες ἐπὶ τὸ πολὺ πάντες ἀδύνατοι λέγειν εἰσίν.	καί γάρ  ὀλίγος αἴρω ὁ ἐξαρθρέω , δῆλος εἰμί ὁ  , ὥστε οὗτος ὄνομα προστίθημι Ἱπποκράτης ,  ὅλος ὁ τοιοῦτος μικρολογία , ὅς ὁ ζητέω ἐπί ὁ πολύς πᾶς ἀδύνατος λέγω εἰμί .
187081	tlg0057.tlg095.1st1K-grc1	οἱ δέ γε δύναμιν ἔχοντες ἑρμηνευτικὴν εἰς τὴν ἐνέργειαν τῆς ἑρμηνείας ἀποβλέποντες οὐδὲ παρακολουθοῦσι τοῖς κατὰ μέρος ὀνόμασιν, ἀλλ’ ἐπιῤῥέουσιν αὐτοῖς χρῶνται κατὰ τὴν τῶν Ἑλλήνων συνήθειαν.	ὁ δέ γε δύναμις ἔχω  εἰς ὁ ἐνέργεια ὁ ἑρμηνεία ἀποβλέπω οὐδέ παρακολουθέω ὁ κατά μέρος ὄνομα , ἀλλά  αὐτός χράω2 κατά ὁ ὁ Ἕλλην συνήθεια .
187082	tlg0057.tlg095.1st1K-grc1	ὁ γοῦν Ἱπποκράτης ἔοικε νῦν ἐννοήσας, ὅτι ἐξίσχει τῆς διαρθρώσεως τὰ τῆς κνήμης ὀστᾶ διαπείραντα τὸ δέρμα τὴν ἑρμηνείαν οὕτως ποιήσασθαι.	ὁ γοῦν Ἱπποκράτης ἔοικα νῦν ἐννοέω , ὅτι2 ἐξίσχω ὁ  ὁ ὁ κνήμη ὀστέον  ὁ δέρμα ὁ ἑρμηνεία οὕτως ποιέω .
187083	tlg0057.tlg095.1st1K-grc1	τὸ γὰρ ἐξέχον καὶ προκύπτον ἐπὶ πολὺ τῆς διαρθρώσεως ἐξηρθρηκέναι λέγων ἄν τις ἐναργέστερον ἑρμηνεύσειε καὶ τῇ τοῦ πράγματος φαντασίᾳ προσάγοι τὸν ἀκούοντα.	ὁ γάρ ἐξέχω καί  ἐπί πολύς ὁ   λέγω ἄν τις ἐναργής ἑρμηνεύω καί ὁ ὁ πρᾶγμα φαντασία  ὁ ἀκούω .
187084	tlg0057.tlg095.1st1K-grc1	Ἀτὰρ καὶ γαγγραινοῦσθαι ἱκνέεται κνήμην καὶ τὸν πόδα·	καί γαγγραινόομαι ἱκνέομαι κνήμη καί ὁ πούς ·
187085	tlg0057.tlg095.1st1K-grc1	ταῦτα βεβαίως εἰδέναι χρὴ οὕτως ἐσόμενα.	οὗτος βέβαιος οἶδα χρή οὕτως  .
187086	tlg0057.tlg095.1st1K-grc1	Καὶ τὸ τῆς γαγγραίνης πάθημα παραγίνεσθαί φησιν αὐτοῖς ἐμβληθέντων τῶν ἐξεχόντων ὀστῶν παρὰ τῷ μεγέθει δηλονότι τῆς φλεγμονῆς.	καί ὁ ὁ  πάθημα  φημί αὐτός  ὁ ἐξέχω  παρά τῷ μέγεθος  ὁ φλεγμονή .
187087	tlg0057.tlg095.1st1K-grc1	ὅταν γοῦν ὑπὲρ τὰ πάθη τὰ φλεγμαίνοντα τότ’ ἐρυθρὸν τῆς φλεγμονῆς ἀπόλλυται, πελιδνῶν γιγνομένων τῶν σωμάτων, ἥ τε ὀδύνη μεμειῶσθαι δοκεῖ, διότι καὶ ἡ αἴσθησις ἐναρκώθη, καὶ ὅταν γε τελέως ἀναίσθητα γένωνται τὰ οὕτως πάσχοντα σώματα, τὸ πάθος οὐκέτι γάγγραιναν, ἀλλὰ σφάκελον ὀνομάζουσι.	ὅταν γοῦν ὑπέρ ὁ πάθος ὁ φλεγμαίνω ὁ τ’ ἐρυθρός ὁ φλεγμονή ἀπόλλυμι , πελιδνός  ὁ σῶμα , ὁ τε ὀδύνη  δοκέω , διότι καί ὁ αἴσθησις  , καί ὅταν γε τέλειος ἀναίσθητος γίγνομαι ὁ οὕτως πάσχω σῶμα , ὁ πάθος οὐκέτι  , ἀλλά  ὀνομάζω .
187088	tlg0057.tlg095.1st1K-grc1	μεταξὺ γὰρ τούτου τοῦ σφακέλου καὶ τῆς μεγάλης φλεγμονῆς ἐστιν ἡ γάγγραινα, τοσοῦτον χεῖρον τῆς τηλικαύτης φλεγμονῆς ὅσον μετριώτερον τοῦ σφακέλου.	μεταξύ γάρ οὗτος ὁ  καί ὁ μέγας φλεγμονή εἰμί ὁ γάγγραινα , τοσοῦτος χείρων ὁ τηλικοῦτος φλεγμονή ὅσος μέτριος ὁ  .
187089	tlg0057.tlg095.1st1K-grc1	φθορὰ γὰρ οὗτός ἐστι τῆς ὅλης οὐσίας τοῦ σφακελίσαντος μέλους, ὥστε οὐδ’ ἂν ἰήσαιτό τις αὐτὸν ἤδη συνιστάμενον, ἀλλ’ ἔτ’ ἀρχόμενον, ὅπερ οὐδὲ σφάκελός ἐστιν ὄντως, ἀλλὰ γάγγραινα μεγάλη πλησίον ἥκουσα σφακέλου.	φθορά γάρ  εἰμί ὁ ὅλος οὐσία ὁ  μέλος , ὥστε οὐδέ ἄν  τις αὐτός ἤδη συνίστημι , ἀλλά  ἄρχω , ὅς οὐδέ  εἰμί ὄντως , ἀλλά γάγγραινα μέγας πλησίος ἥκω  .
187090	tlg0057.tlg095.1st1K-grc1	καταχρώμεθα δ’ οὖν ἐνίοτε τοῖς τῶν παρακειμένων παθῶν ὀνόμασι ἐπὶ τῶν ἀφικνουμένων μὲν εἰς αὐτὰ, μηδέπω δὲ ἐχόντων τὴν ἐκείνων ἰδέαν τε καὶ φύσιν.	καταχράομαι  οὖν ἐνίοτε ὁ ὁ  πάθος ὄνομα ἐπί ὁ  μέν εἰς αὐτός , μηδέπω δέ ἔχω ὁ ἐκεῖνος ἰδέα τε καί φύσις .
187091	tlg0057.tlg095.1st1K-grc1	οὕτως οὖν καὶ τὴν μεγίστην φλεγμονὴν, ὅταν μήτε τὴν εὔχροιαν διασώζῃ τὴν ἑαυτῆς μήτε τὴν ὀδύνην, ἐνίοτε γάγγραιναν ὀνομάζομεν, μηδέπω μὲν οὖσαν ἀκριβῶς γάγγραιναν, εἰδ’ ἀμεληθείη, μικρὸν ὕστερον ἐσομένην.	οὕτως οὖν καί ὁ μέγας φλεγμονή , ὅταν  ὁ   ὁ ἑαυτοῦ  ὁ ὀδύνη , ἐνίοτε  ὀνομάζω , μηδέπω μέν εἰμί ἀκριβής  , εἰ δ’ ἀμελέω , μικρός ὕστερον εἰμί .
187092	tlg0057.tlg095.1st1K-grc1	Καὶ οὐκ ἄν μοι δοκέῃ οὔτ’ ἐλλέβορος ὠφελήσειν αὐθήμερόν τε δοθεὶς καὶ αὖθις πινόμενος, ἄγχιστα δὲ εἴπερ τι τοιοῦτον, οὐ μέντοι οὐδὲ τοῦτο δοκέω·	καί οὐ ἄν  δοκέω   ὠφελέω  τε δίδωμι καί αὖθις πίνω , ἄγχιστος δέ εἴπερ τι  , οὐ  οὐδέ οὗτος δοκέω ·
187093	tlg0057.tlg095.1st1K-grc1	ἢν δὲ μὴ ἐμβληθῇ, μηδὲ ἀπ’ ἀρχῆς, μηδὲ εἰσπειρηθῇ ἐμβάλλειν, περιγίνονται οἱ πλεῖστοι αὐτῶν.	ἐάν δέ μή ἐμβάλλω , μηδέ ἀπό ἀρχή , μηδέ  ἐμβάλλω ,  ὁ πλεῖστος αὐτός .
187094	tlg0057.tlg095.1st1K-grc1	Περὶ τῆς τοῦ ἑλλεβόρου χρήσεως ἐπὶ τῶν τοιούτων παθῶν εἴρηταί μοι διὰ τῶν εἰς τὸ περὶ ἀγμῶν ὑπομνημάτων.	περί ὁ ὁ  χρῆσις ἐπί ὁ τοιοῦτος πάθος εἴρω  διά ὁ εἰς ὁ περί  ὑπόμνημα .
187095	tlg0057.tlg095.1st1K-grc1	Χρὴ δὲ ἡρμόσθαι μὲν τὴν κνήμην καὶ τὸν πόδα οὕτως, ὡς αὐτὸς ἐθέλει.	δέ  μέν ὁ κνήμη καί ὁ πούς οὕτως , ὡς αὐτός ἐθέλω .
187096	tlg0057.tlg095.1st1K-grc1	Ἡρμόσθαι μὲν τὴν κνήμην καὶ τὸν πόδα τὸ ἀσφαλῶς ἐστιν ἐστηρίχθαι.	μέν ὁ κνήμη καί ὁ πούς ὁ ἀσφαλής εἰμί  .
187097	tlg0057.tlg095.1st1K-grc1	τούτου δὲ στοχαζόμενόν σε κελεύει τὸ ἀνωδυνώτατον αἱρεῖσθαι σχῆμα τῷ κάμνοντι·	οὗτος δέ  σύ κελεύω ὁ  αἱρέω σχῆμα τῷ κάμνω ·
187098	tlg0057.tlg095.1st1K-grc1	τὸ γὰρ, ὡς αὐτὸς ἐθέλει ὁ κάμνων, τοῦτον ἔχει τὸν σκοπόν.	ὁ γάρ , ὡς αὐτός ἐθέλω ὁ κάμνω , οὗτος ἔχω ὁ σκοπός .
187099	tlg0057.tlg095.1st1K-grc1	Μοῦνον δὲ μὴ ἀπαιωρευμένα, μηδὲ κεκινευμένα ἔστω.	δέ μή  , μηδέ  εἰμί .
187100	tlg0057.tlg095.1st1K-grc1	Τὸ μὲν μὴ κεκινευμένα δυνάμει προείρητο κἀν τῷ ἡρμόσθαι·	μέν   δύναμις προαγορεύω ἐν τῷ ἁρμόζω ·
187101	tlg0057.tlg095.1st1K-grc1	τοῦτο γάρ ἐστιν αὐτὸ τὸ ἡρμόσθαι τὸ ἐστηρίχθαι οὕτω κατὰ πᾶν μέλος τὸ κῶλον, ὡς μηδαμόθι δύνασθαι κινεῖσθαι.	οὗτος γάρ εἰμί αὐτός ὁ  ὁ  οὕτως κατά πᾶς μέλος ὁ κῶλον , ὡς μηδαμόθι δύναμαι κινέω .
187102	tlg0057.tlg095.1st1K-grc1	τὸ δὲ μὴ ἀπαιωρευμένα καλῶς προσέθηκεν.	ὁ δέ μή  καλός προστίθημι .
187103	tlg0057.tlg095.1st1K-grc1	εἰρηκὼς γὰρ ὅτι περ ἂν εὐφορώτατον ᾖ τῷ κάμνοντι σχῆμα, τοῦθ’ ἡμᾶς αἱρεῖσθαι, τῶν σχημάτωνδ’ ἕν τι τὸ κατάῤῥοπον ἐπιστάμενος ἀξιοῖ τοῦτο φυλάττεσθαι, διότι ῥευματίζεσθαι τὰ πεπονθότα φλεγμονῆς αἴτιον γίγνεται.	λέγω γάρ ὅτι2  ἄν εὔφορος εἰμί τῷ κάμνω σχῆμα ,  ἐγώ αἱρέω , ὁ σχῆμα δ’   ὁ κατάρροπος ἐφίστημι ἀξιόω οὗτος φυλάσσω , διότι  ὁ πάσχω φλεγμονή αἴτιος γίγνομαι .
187104	tlg0057.tlg095.1st1K-grc1	μεμνήμεθα δήπου κατὰ τὴν ἔμπροσθεν διδασκαλίαν εἰρημένου ὑπ’ αὐτοῦ κατὰ τὸ σκέλος σχήματος, ὡς ἄκρον τὸν πόδα βραχεῖ τινι τῆς ἀκριβεστάτης εὐθύτητος ὑψηλότερον εἶναι προσήκει.	κατά ὁ ἔμπροσθεν διδασκαλία  ὑπό αὐτός κατά ὁ σκέλος σχῆμα , ὡς ἄκρος ὁ πούς βραχύς  ὁ ἀκριβής εὐθύτης  εἰμί προσήκω .
187105	tlg0057.tlg095.1st1K-grc1	νῦν οὖν ἔοικε συγχωρεῖν τοῖς κάμνουσι χρῆσθαι τῷ κατ’ εὐθεῖαν.	νῦν οὖν ἔοικα συγχωρέω ὁ κάμνω χράω2 τῷ κατά  .
187106	tlg0057.tlg095.1st1K-grc1	ὄντων γὰρ τριῶν τῶν πάντων, τοῦ τε καταῤῥόπου τε καὶ τοῦ ἰσοῤῥόπου καὶ τρίτου ἀναῤῥόπου συγχωρῶν ὡς ἂν ὁ κάμνων ἐθέλῃ σχηματίζεσθαι τὸ σκέλος, ἄνευ τοῦ καταῤῥόπου προστίθησιν.	εἰμί γάρ  ὁ  , ὁ τε  τε καί ὁ  καί τρίτος  συγχωρέω ὡς ἄν ὁ κάμνω ἐθέλω σχηματίζω ὁ σκέλος , ἄνευ ὁ  προστίθημι .
187107	tlg0057.tlg095.1st1K-grc1	ἔμπροσθεν δ’ ἐκέλευε μόνῳ χρῆσθαι τῷ ἀνθρώπῳ τῷ κατ’ εὐθυωρίαν.	ἔμπροσθεν  κελεύω μόνος χράω2 τῷ ἄνθρωπος τῷ κατά εὐθυωρία .
187108	tlg0057.tlg095.1st1K-grc1	εὔδηλον οὖν ἐστιν, ὅτι μάλιστα φροντίζει κατὰ τὰς τοιαύτας διαθέσεις ἀνωδυνίας φόβῳ σπασμοῦ.	εὔδηλος οὖν εἰμί , ὅτι2 μάλιστα φροντίζω κατά ὁ τοιοῦτος διάθεσις  φόβος σπασμός .
187109	tlg0057.tlg095.1st1K-grc1	τοῦτον γὰρ ἐν τοῖς νευρώδεσι μορίοις, αἱ ὀδύναι μάλιστα ἐργάζονται, ὥστ’ εἴγε μήτε ψύχοιτο τὰ οὕτω πεπονθόταμήτ’ ὀδυνῷτο, σπασμὸν αὐτοῖς ἐπιγενέσθαι ἀδύνατόν ἐστι.	οὗτος γάρ ἐν ὁ  μόριον , ὁ ὀδύνη μάλιστα ἐργάζομαι ,    ψυχόω ὁ οὕτως πάσχω μήτ’  , σπασμός αὐτός ἐπιγίγνομαι ἀδύνατος εἰμί .
187110	tlg0057.tlg095.1st1K-grc1	Καὶ ἰητρεύειν δὲ πισσηρῇ καὶ σπλήνεσιν οἰνηροῖσιν ὀλίγοισι μὴ ἄγαν ψυχροῖσι.	καί ἰατρεύω δέ  καί  οἰνηρός ὀλίγος μή ἄγαν ψυχρός .
187111	tlg0057.tlg095.1st1K-grc1	ψῦχος γὰρ ἐν τοῖσι τοιούτοισι σπασμὸν ἐπικαλέεται.	ψῦχος γάρ ἐν ὁ τοιοῦτος σπασμός ἐπικαλέω .
187112	tlg0057.tlg095.1st1K-grc1	Καὶ περὶ τῶν τοιούτων ἤδη μοι λέλεκται, θεραπευούσης μὲν τῆς πισσηρᾶς κηρωτῆς τὰ ἕλκη, τοῦδ’ οἴνου καὶ μάλιστα, ὡς αὐτὸς ἐδίδαξε, μέλανός τε ὄντος καὶ αὐστηροῦ διαφυλάττοντος ἀφλέγμαντα τὰ πεπονθότα μέρη.	καί περί ὁ τοιοῦτος ἤδη ἐγώ λέγω ,  μέν ὁ   ὁ ἕλκος , ὁ δ’ οἶνος καί μάλιστα , ὡς αὐτός διδάσκω ,  τε εἰμί καί αὐστηρός  ἀφλέγμαντος ὁ  μέρος .
187113	tlg0057.tlg095.1st1K-grc1	περὶ δὲ τοῦ φεύγειν χρῆναι τὸ ψῦχος, ὡς σπασμῶδες ἴσως μὲν ἐπὶ τῶν σαρκωδῶν μερῶν ἔδει τινὸς ἐξηγήσεως, ἐπὶ δὲ τῶν νεύρων ἄντικρυς δῆλον·	περί δέ ὁ φεύγω χρή ὁ ψῦχος , ὡς  ἴσος μέν ἐπί ὁ  μέρος δέω  ἐξήγησις , ἐπί δέ ὁ  ἄντικρυς δῆλος ·
187114	tlg0057.tlg095.1st1K-grc1	ἀμφότερον γὰρ αὐτοῖς ὑπάρχει καὶ τὸ ψύχεσθαι ῥᾳδίως, ἅτε φύσει ψυχροῖς οὖσι καὶ ἀναίμοις καὶ τὸ παθοῦσιν εἰς σπασμὸν ἥκειν.	ἀμφότερος γάρ αὐτός ὑπάρχω καί ὁ ψύχω ῥᾴδιος ,  φύσις ψυχρός εἰμί καί ἄναιμος καί ὁ πάσχω εἰς σπασμός ἥκω .
187115	tlg0057.tlg095.1st1K-grc1	οὐδὲ γὰρ οὐδ’ ἄλλο τι δύναται σπασθῆναι μέρος ἄνευ τοῦ συμπαθῆσαι τὰ νεῦρα·	οὐδέ γάρ οὐδέ ἄλλος τις δύναμαι σπάω μέρος ἄνευ ὁ συμπαθέω ὁ νεῦρον ·
187116	tlg0057.tlg095.1st1K-grc1	καὶ μὴν δὴ καὶ ὅτι νευρώδεις τε τῶν ἄλλων μερῶν εἰσιν αἱ διαρθρώσεις πρόδηλον.	καί μήν δή καί ὅτι2  τε ὁ ἄλλος μέρος εἰμί ὁ διαρθρόω πρόδηλος .
187117	tlg0057.tlg095.1st1K-grc1	οἱ γάρ τοι μύες ἐν αὐτοῖς εἰς τένοντα τελευτῶσιν ἀποτιθέμενοι τὰς σάρκας, ἃς ἐν τοῖς ἄλλοις ἑαυτῶν μέρεσιν εἶχον, ὥστε μᾶλλον ζητητέον ἐστὶ, διὰ τί χρῆταί ψυχρῷ μετρίως τῷ οἴνῳ·	ὁ γάρ  μῦς ἐν αὐτός εἰς    ὁ σάρξ , ὅς ἐν ὁ ἄλλος ἑαυτοῦ μέρος ἔχω , ὥστε μᾶλλον ζητέω εἰμί , διά τίς χράω2  μέτριος ὁ οἶνος ·
187118	tlg0057.tlg095.1st1K-grc1	χρῆναι γὰρ οὐδὲ μετρίως ψυχρὸν προσφέρειν, ἀλλὰ θερμόν.	χρή γάρ οὐδέ μέτριος ψυχρός προσφέρω , ἀλλά θέρμος .
187119	tlg0057.tlg095.1st1K-grc1	ἔστι δὲ καὶ ὁ περὶ τούτου λόγος τοιόσδε·	εἰμί δέ καί ὁ περί οὗτος λόγος τοιόσδε ·
187120	tlg0057.tlg095.1st1K-grc1	τῶν ἡλκωμένων μορίων ὁ μέντοι σκοπὸς τῆς ἰατρικῆς ἐστιν ἐν τῷ μὴ φλεγμῆναι.	ὁ  μόριον ὁ   ὁ ἰατρικός εἰμί ἐν τῷ μή  .
187121	tlg0057.tlg095.1st1K-grc1	τοῦτο δὲ ἔσται μηδεμιᾶς ὑγρότητος ἐπιῤῥεούσης μορίῳ τῷ πεπονθότι, οὐκ ἐπιῤῥυήσεται δὲ ψυχόντων ἡμῶν αὐτό·	οὗτος δέ εἰμί μηδείς ὑγρότης  μόριον τῷ πάσχω , οὐ  δέ  ἐγώ  ·
187122	tlg0057.tlg095.1st1K-grc1	τὰ γὰρ θερμαίνοντα καὶ ὑγραίνοντα εἰ τῷ σώματι προσφέρεται, παραχρῆμα μὲν ἐρυθρότερον ἐργάζεται τοῦτο.	ὁ γάρ θερμαίνω καί ὑγραίνω εἰ τῷ σῶμα προσφέρω , παραχρῆμα μέν ἐρυθρός ἐργάζομαι οὗτος .
187123	tlg0057.tlg095.1st1K-grc1	μικρὸν ὕστερον δὲ καὶ εἰς ὄγκον ἐξαίρει, καίτοι καὶ ἄλλην παραπλησίαν φλεγμονὴν καὶ περὶ αὐτὸ διάθεσιν ἐργάζεται.	μικρός ὕστερον δέ καί εἰς ὄγκος ἐξαίρω , καίτοι καί ἄλλος παραπλήσιος φλεγμονή καί περί αὐτός διάθεσις ἐργάζομαι .
187124	tlg0057.tlg095.1st1K-grc1	τὰ δὲ ψύχοντα τοὐναντίον ἅπαντα οὐ μόνον οὐδεμίαν ἐπικαλεῖται τοῖς ψυχομένοις μέρεσιν ἐκ τῶν ἄνωθεν ὑγρότητα περιττὴν, ἀλλὰ καὶ τὰς περιεχομένας ἐν αὐτοῖς ἐκθλίβει τε καὶ ὠθεῖ πρὸς τὰ πλησιάζοντα μόρια·	ὁ δέ ψύχω ἐναντίον ἅπας οὐ μόνος οὐδείς ἐπικαλέω ὁ  μέρος ἐκ ὁ ἄνωθεν ὑγρότης περισσός , ἀλλά καί ὁ  ἐν αὐτός  τε καί ὠθέω πρός ὁ πλησιάζω μόριον ·
187125	tlg0057.tlg095.1st1K-grc1	διττὰ δ’ ἐστὶ τὰ ψύχοντα·	δισσός  εἰμί ὁ  ·
187126	tlg0057.tlg095.1st1K-grc1	τὰ μὲν τῇ πρὸς τὴν ἁφὴν ποιότητι προσφάτῳ, τὰ δὲ τῇ συμφύτῳ δυνάμει, τὰ δὲ τὰ στύφοντά ἐστι ψυχρὰ, καθάπερ ἐδείξαμεν ἐν τῇ περὶ τῶν ἁπλῶν φαρμάκων πραγματείᾳ·	ὁ μέν ὁ πρός ὁ ἁφή ποιότης πρόσφατος , ὁ δέ ὁ σύμφυτος δύναμις , ὁ δέ ὁ  εἰμί ψυχρός , καθά δείκνυμι ἐν ὁ περί ὁ ἁπλόος φάρμακον πραγματεία ·
187127	tlg0057.tlg095.1st1K-grc1	καὶ τὸ λοιπὸν γένος τῶν ψυχόντων ἀπὸ τούτων διώρισται, μήκωνος ὀπὸς καὶ μανδραγόρου χυλὸς καὶ κώνειον, ὅσατ’ ἄλλα τὴν ψῦξιν ἔχει σὺν ὑγρότητι.	καί ὁ λοιπός γένος ὁ  ἀπό οὗτος διορίζω ,  ὀπός καί   καί κώνειον , ὅσος τ’ ἄλλος ὁ ψῦξις ἔχω σύν ὑγρότης .
187128	tlg0057.tlg095.1st1K-grc1	αὐστηρὰ γὰρ πάντα γεώδη τὴν ψῦξιν ἔχειν ἐδείκνυτο.	αὐστηρός γάρ πᾶς  ὁ ψῦξις ἔχω δείκνυμι .
187129	tlg0057.tlg095.1st1K-grc1	λέλεκται δὲ οὐκ ὀλίγα περὶ τῆς τῶν τοιούτων φαρμάκων χρήσεως κἀν τοῖς τῆς θεραπευτικῆς μεθόδου γράμμασιν, ὥσπερ γε κἀν τοῖς περὶ τῶν ἑλκῶν Ἱπποκράτους ὑπομνήμασι.	λέγω δέ οὐ  περί ὁ ὁ τοιοῦτος φάρμακον χρῆσις ἐν ὁ ὁ  μέθοδος γράμμα , ὥσπερ γε ἐν ὁ περί ὁ  Ἱπποκράτης ὑπόμνημα .
187130	tlg0057.tlg095.1st1K-grc1	πρὸς δὲ τὸν ἐνεστῶτα λόγον ἀρκεῖ γιγνώσκειν τοσοῦτον, ὡς ἡ μὲν τῶν ὑγρῶν καὶ ψυχρῶν φαρμάκων δύναμις εἰς τὸ βάθος ὅλον ἐνδύεται τῶν σωμάτων, οἷς ἂν πλησιάζῃ καὶ διὰ ταχέων αὐτὰ καταψύχει πλέον ἢ δεῖται ναρκοῦντα τὴν διοικοῦσαν τὰ σώματα δύναμιν.	πρός δέ ὁ ἐνίστημι λόγος ἀρκέω γιγνώσκω τοσοῦτος , ὡς ὁ μέν ὁ ὑγρός καί ψυχρός φάρμακον δύναμις εἰς ὁ βάθος ὅλος ἐνδύω ὁ σῶμα , ὅς ἐάν πλησιάζω καί διά ταχύς αὐτός καταψύχω πολύς ἤ δέω  ὁ  ὁ σῶμα δύναμις .
187131	tlg0057.tlg095.1st1K-grc1	ὅσα δὲ γεώδη τὴν ψῦξιν ἔχει, ταῦτ’ ἐπιτηδειότατα, δι’ ὧν εἴρηκα πραγμάτων, ἐδείχθη πρὸς ἀπόκρισιν ἐπιῤῥεόντων χυμῶν.	ὅσος δέ γεώδης ὁ ψῦξις ἔχω ,  ἐπιτήδειος , διά  λέγω πρᾶγμα , δείκνυμι πρός ἀπόκρισις  χυμός .
187132	tlg0057.tlg095.1st1K-grc1	κατὰ τοῦτο τοιγαροῦν αὐτὰ προσφέρομεν, ἐπεὶ καὶ τὸ θερμὸν ἐπισπᾶται πρὸς ἑαυτὸ τοὺς χυμούς.	κατά οὗτος  αὐτός  , ἐπεί καί ὁ θερμός ἐπισπάω πρός  ὁ χυμός .
187133	tlg0057.tlg095.1st1K-grc1	διὰ τοῦτο καὶ τῇ προσφάτῳ ποιότητι ψυχρὰ προσφέρομεν, μὴ ὅτι θερμαινόντων αὐτά.	διά οὗτος καί ὁ πρόσφατος ποιότης ψυχρός  , μή ὅτι2  αὐτός .
187134	tlg0057.tlg095.1st1K-grc1	νῦν οὖν ὁ Ἱπποκράτης ὅσον μὲν ἐπὶ τῇ διαθέσει τῶν ἡλκωμένων μορίων ἐχρῆτο ἂν αὐτοῖς τοῖς ψυχροῖς, ὥσπερ κἀπὶ τῶν ἄλλων τραυμάτων·	νῦν οὖν ὁ Ἱπποκράτης ὅσος μέν ἐπί ὁ διάθεσις ὁ  μόριον χράω2 ἄν αὐτός ὁ  , ὥσπερ ἐπί ὁ ἄλλος τραῦμα ·
187135	tlg0057.tlg095.1st1K-grc1	ὅσον δ’ ἐπὶ τῷ φοβεῖσθαι τὸν διὰ τὴν ψῦξιν εἰωθότα γίγνεσθαι σπασμὸν, οὐ τολμᾷ τελέως ἐψυγμένου χρῆσθαι καὶ διὰ τοῦτο προσέθηκε τῷ περὶ αὐτῶν λόγῳ τὸ μὴ ἄγαν ψυχροῖσιν.	ὅσος  ἐπί τῷ φοβέω ὁ διά ὁ ψῦξις εἴωθα γίγνομαι σπασμός , οὐ τολμάω τέλειος  χράω2 καί διά οὗτος προστίθημι τῷ περί αὐτός λόγος ὁ μή ἄγαν  .
187136	tlg0057.tlg095.1st1K-grc1	Ἐπιτήδεια δὲ καὶ φύλλα τεύτλων ἢ βηχίου ἢ ἄλλου τινὸς τῶν τοιούτων ἐν οἴνῳ μέλανι αὐστηρῷ ἡμίεφθα ἐπιτεθέντα ἰητρεύειν ἐπί τε τὸ ἕλκος ἐπί τε τὰ περιέχοντα.	δέ καί φύλλον  τίη βήχιον ἤ ἄλλος  ὁ τοιοῦτος ἐν οἶνος μέλας    ἰατρεύω ἐπί τε ὁ ἕλκος ἐπί τε ὁ περιέχω .
187137	tlg0057.tlg095.1st1K-grc1	Ποία τίς ἐστι καὶ τὸ βήχιον ἐπιτηδεία πρὸς τὰ παρόντα διὰ τὸ ξηραίνειν μετρίως, οὗ χρήζειν ἐδείχθη τὰ ἕλκη πάντα.	τις εἰμί καί ὁ   πρός ὁ πάρειμι διά ὁ ξηραίνω μέτριος , οὗ  δείκνυμι ὁ ἕλκος πᾶς .
187138	tlg0057.tlg095.1st1K-grc1	περὶ δὲ τοῦ μέλανος οἴνου καὶ αὐστηροῦ λέλεκταί μοι κἀν τοῖς περὶ ἀγμῶν ὑπομνήμασιν, ὅτι τὸ μὲν ἀποκρούεσθαι τοῖς ἄλλοις οἴνοις ὁμοίως ἔχει.	περί δέ ὁ μέλας οἶνος καί αὐστηρός   ἐν ὁ περί ἀγμός ὑπόμνημα , ὅτι2 ὁ μέν ἀποκρούω ὁ ἄλλος οἶνος ὅμοιος ἔχω .
187139	tlg0057.tlg095.1st1K-grc1	παχυμερέστερος δὲ ὑπάρχων αὐτῶν οὐ δάκνει τὰ ἡλκωμένα μόρια καὶ κατὰ τοῦτ’ ἔστιν αἱρετώτερος ἐκείνων.	δέ ὑπάρχω αὐτός οὐ δάκνω ὁ  μόριος καί κατά  εἰμί αἱρετός ἐκεῖνος .
187140	tlg0057.tlg095.1st1K-grc1	Κηρωτῇ δὲ χλιερῇ ἐπιχρίειν αὐτὸ τὸ ἕλκος.	δέ  ἐπιχρίω αὐτός ὁ ἕλκος .
187141	tlg0057.tlg095.1st1K-grc1	Οὐχ ὡς ἕλκει συμφέρουσαν ἐπιδέδεικταί μοι αἱρεῖσθαι νῦν τὴν κηρωτὴν τὸ περὶ τῶν ἑλκῶν ἐξηγουμένῳ, φεύγων τὰ τοιαῦτα φάρμακα κωλύοντα τὴν κόλλησιν αὐτῶν, ἀλλ’ ὅτι νῦν οὐχ ἁπλῶς ὡς ἕλκος ἰᾶται τὸ ἕλκος, ὅτι μήτε κολλᾷν αὐτῷ πρόκειται, καθάπερ ἄλλα τὰ νεότρωτα.	οὐ ὡς ἕλκω συμφέρω   αἱρέω νῦν ὁ κηρωτή ὁ περί ὁ   , φεύγω ὁ τοιοῦτος φάρμακον κωλύω ὁ κόλλησις αὐτός , ἀλλά ὅτι2 νῦν οὐ ἁπλόος ὡς ἕλκος ἰάομαι ὁ ἕλκος , ὅτι2   αὐτός πρόκειμαι , καθά ἄλλος ὁ νεότρωτος .
187142	tlg0057.tlg095.1st1K-grc1	τὸν πρῶτον δ’ ἔχει σκοπὸν ἐν τῇ θεραπείᾳ μὴ σπασθῆναι τὸν ἄνθρωπον, δι’ ὧν οὐδ’ ἐμβάλλειν αἱρεῖται τὸ ἄρθρον, ἀλλὰ μᾶλλον ἐᾶσαι χωλὸν αἰσχρῶς ἀποδειχθῆναι τὸ ἕλκος, οὔτ’ οὖν ἁπλῶς προσφέρει τὰ μαλθακώδη φάρμακα·	ὁ πρῶτος  ἔχω  ἐν ὁ θεραπεία μή σπάω ὁ ἄνθρωπος , διά ὅς οὐδέ ἐμβάλλω αἱρέω ὁ ἄρθρον , ἀλλά μᾶλλον ἐάω χωλός αἰσχρός ἀποδείκνυμι ὁ ἕλκος ,  οὖν ἁπλόος προσφέρω ὁ  φάρμακον ·
187143	tlg0057.tlg095.1st1K-grc1	καλεῖ γὰρ οὕτως αὐτὸς ἐν τῷ περὶ ἑλκῶν αὐτὰ, καίτοι παρηγορικὰ τῶν φλεγμαινόντων ὄντα.	καλέω γάρ οὕτως αὐτός ἐν τῷ περί  αὐτός ,   ὁ  ὄντα .
187144	tlg0057.tlg095.1st1K-grc1	κατ’ ἀρχὴν γὰρ οὕτω γεγονυίας φλεγμονῆς αὐτοῦ τοῦ μὴ γενέσθαι πρὸς τὴν ἀρχὴν αὐτὴν φροντίζει καὶ διὰ τοῦτο χρῆται τοῖς ἀποκρουστικοῖς.	κατά ἀρχή γάρ οὕτως   αὐτός ὁ μή γίγνομαι πρός ὁ ἀρχή αὐτός φροντίζω καί διά οὗτος χράω2 ὁ  .
187145	tlg0057.tlg095.1st1K-grc1	οὔτ’ αὖ μόνοις τούτοις χρῆται, καθάπερ ἐπὶ τῶν ἄλλων διὰ τὸ σπασμοῦ δεδιὼς, ἀλλ’ ἔστιν αὐτῷ μικτὸς ὁ τρόπος τῆς θεραπείας ἐπιπεπλεγμένων ἀλλήλοις τῶν ἐναντίων ταῖς δυνάμεσι φαρμάκων ἐν μέτρῳ προσήκοντι.	αὖ  οὗτος χράω2 , καθά ἐπί ὁ  διά ὁ σπασμός δείδω , ἀλλά εἰμί αὐτός μικτός ὁ τρόπος ὁ θεραπεία  ἀλλήλων ὁ ἐναντίος ὁ δύναμις φάρμακον ἐν μέτρον προσήκω .
187146	tlg0057.tlg095.1st1K-grc1	φανεῖται δέ γε καὶ διὰ τῶν ἐφεξῆς γεγραμμένων τούτου στοχαζόμενος, οἷς ἤδη πρόσεχε τὸν νοῦν.	φαίνω δέ γε καί διά ὁ ἐφεξῆς γράφω οὗτος  , ὅς ἤδη  ὁ νόος .
187147	tlg0057.tlg095.1st1K-grc1	Ἢν δὲ ἡ ὥρη χειμερινὴ ἔῃ καὶ ἔρια ῥυπαρὰ ἐν οἴνῳ καὶ ἐλαίῳ καταῤῥαίνοντα χλιεροῖσι ἄνωθεν ἐπιτέγγειν.	δέ ὁ ὥρα2 χειμερινός εἰμί καί ἔριον ῥυπαρός ἐν οἶνος καί ἔλαιον καταρραίνω  ἄνωθεν ἐπιτέγγω .
187148	tlg0057.tlg095.1st1K-grc1	Οὔτε χλιαροῖς ἐχρῆτο τοῖς φαρμάκοις, οὔθ’ ὅλως ἐμίγνυεν ἔλαιον, εἴπερ ὡς ἡλκωμένον ἁπλῶς ἐθεράπευε τὸ μόριον, ἀλλ’ ὅπερ ἔμπροσθεν ἔφην, ἐπειδὴ φοβεῖται τὸν σπασμὸν, ἔλαιόν τε μίγνυσι καὶ χλιαρὰ προσφέρει πάντα, μήθ’ ὡς πρὸς σπασμὸν ἱστάμενος μόνον·	χράω2 ὁ φάρμακος ,  ὅλος  ἔλαιος , εἴπερ ὡς  ἁπλόος θεραπεύω ὁ μόριον , ἀλλά ὅς ἔμπροσθεν φημί , ἐπεί φοβέω ὁ σπασμός ,  τε  καί χλιαρός προσφέρω πᾶς ,  ὡς πρός σπασμός ἵστημι μόνος ·
187149	tlg0057.tlg095.1st1K-grc1	ἀποκεχώρηκε γὰρ ἂν οὕτω τῆς κατὰ τὸ ἕλκος ἰάσεως·	γάρ ἄν οὕτως ὁ κατά ὁ ἕλκος ἴασις ·
187150	tlg0057.tlg095.1st1K-grc1	ἀλλὰ μηδὲ πρὸς ἐκεῖνο μόνον ἀποβλέπων.	ἀλλά μηδέ πρός ἐκεῖνος μόνος ἀποβλέπω .
187151	tlg0057.tlg095.1st1K-grc1	ἐν γὰρ τοῖς ἐπιπεπλεγμένοις πάθεσι ἐπιπλέκεσθαι δεῖ καὶ τὴν θεραπείαν, διὰ τοῦτο δὲ καὶ τὰ ἔρια προσφέρειν κελεύει ῥυπαρὰ, τουτέστιν οἰσυπηρά.	ἐν γάρ ὁ  πάθος ἐπιπλέκω δέω καί ὁ θεραπεία , διά οὗτος δέ καί ὁ ἔριον προσφέρω κελεύω ῥυπαρός ,  οἰσυπηρός .
187152	tlg0057.tlg095.1st1K-grc1	καλοῦσι γὰρ οὕτως αὐτὰ διὰ τὸν οἴσυπον, ἐπειδὴ καὶ τοῦτο τὸ φάρμακον οὐχ ἁπλῆς ἐστι δυνάμεως, ὡς ἐδείκνυμεν ἐν τοῖς περὶ φαρμάκων, ἀλλὰ μικτῆς ἐξ ἐναντίων ποιοτήτων τε καὶ δυνάμεων τῆς τε στυφούσης καὶ τῆς θερμαινούσης χλιαρῶς.	καλέω γάρ οὕτως αὐτός διά ὁ  , ἐπεί καί οὗτος ὁ φάρμακον οὐ ἁπλόος εἰμί δύναμις , ὡς  ἐν ὁ περί φάρμακον , ἀλλά  ἐκ ἐναντίος  τε καί δύναμις ὁ τε  καί ὁ   .
187153	tlg0057.tlg095.1st1K-grc1	ἐπιτέγγειν δὲ, τουτέστιν ἐπιβρέχειν κελεύει τὰς τοιαύτας διαθέσεις οὐκ ἐν χειμῶνι μόνον, ἀλλὰ καὶ τῷ θέρει δηλονότι.	ἐπιτέγγω δέ ,   κελεύω ὁ τοιοῦτος διάθεσις οὐ ἐν χειμών μόνος , ἀλλά καί τῷ θέρος  .
187154	tlg0057.tlg095.1st1K-grc1	κοινὸν γὰρ τοῦτο κατὰ πάσης τῆς θεραπείας, ἧς εἶπεν, ἐπὶ τῇ τελευτῇ προσέθηκεν, οὐχ ὡς ἐν τῷ χειμῶνι μόνον δεομένων τῶν τοιούτων διαθέσεων ὑγρότητος διηνεκοῦς, ἀλλὰ καὶ τῷ θέρει μᾶλλον ἢ ἐκείνῳ.	κοινός γάρ οὗτος κατά πᾶς ὁ θεραπεία , ὅς λέγω , ἐπί ὁ τελευτή προστίθημι , οὐ ὡς ἐν ὁ χειμών μόνος δέω ὁ τοιοῦτος  ὑγρότης διηνεκής , ἀλλά καί τῷ θέρος μᾶλλον ἤ ἐκεῖνος .
187155	tlg0057.tlg095.1st1K-grc1	διότι καὶ μᾶλλόνγ’ ἐν αὐτῷ ξηραίνεται τὰ περιβαλλόμενα τοῖς οὕτως ἔχουσιν ἔρια.	διότι καί  γ’ ἐν αὐτός ξηραίνω ὁ περιβάλλω ὁ οὕτως ἔχω ἔριον .
187156	tlg0057.tlg095.1st1K-grc1	καταντλεῖν μὲν οὖν ἀεὶ συνεχῶς ἅπαντα τὰ τοιαῦτα κελεύει.	καταντλέω μέν οὖν ἀεί συνεχής ἅπας ὁ τοιοῦτος κελεύω .
187157	tlg0057.tlg095.1st1K-grc1	τὸ καταντλούμενον δ’ εἶναι χρὴ τοιοῦτον, οἶον ἐκέλευσε κατὰ τὴν πρώτην εὐθέως θεραπείαν προσφέρειν ἢ οἶνον μόνον, ὅταν ᾖ θέρους ἢ μετ’ ἐλαίου κατὰ χειμῶνα δηλονότι καὶ μέντοι καὶ τὸ ποσὸν τῆς θερμότητος ἐκ τῆς τοῦ περιέχοντος ἡμᾶς ἀέρος εὑρήσεις κράσεως.	ὁ   εἰμί χρή τοιοῦτος , οἶος κελεύω κατά ὁ πρῶτος εὐθύς θεραπεία προσφέρω ἤ οἶνος μόνος , ὅταν εἰμί θέρος ἤ μετά  κατά χειμών  καί  καί ὁ  ὁ θερμότης ἐκ ὁ ὁ περιέχω ἐγώ  εὑρίσκω κρᾶσις .
187158	tlg0057.tlg095.1st1K-grc1	ἡνίκα μὲν γὰρ ἱκανῶς ἐστι ψυχρὸς, αὐξήσεις τὴν θερμότητα τῶν ἐπαντλουμένων ὑγρῶν, ἡνίκα δὲ θερμὸς, ἐκλύσεις.	ἡνίκα μέν γάρ ἱκανός εἰμί ψυχρός , αὐξάνω ὁ θερμότης ὁ   ,  δέ  ,  .
187159	tlg0057.tlg095.1st1K-grc1	οὐ γὰρ ὅλως ἧκεν ἐπὶ τὸ χρῆσθαι τῷ θερμῷ, διὰ τοῦτο καὶ τὴν ποσότητα τῆς θερμασίας ὑπαλλάξεις συνεπιτείνων τε καὶ συνεκλύων τῇ τοῦ περιέχοντος ἡμᾶς ἀέρος κράσει.	οὐ γάρ ὅλος ἵημι ἐπί ὁ χράω2 τῷ θερμός , διά οὗτος καί ὁ  ὁ θερμασία   τε καί  ὁ ὁ περιέχω ἐγώ ἀήρ  .
187160	tlg0057.tlg095.1st1K-grc1	μεμνῆσθαι δ’ ἐπὶ τῶν τοιούτων ἁπάντων χρὴ τῶν εἰρημέ νων ὑπ’ αὐτοῦ καθόλου καὶ μὴ πάντα ἐπὶ πᾶσιν ἀκούειν ἐθέλειν.	μιμνήσκω  ἐπί ὁ τοιοῦτος ἅπας χρή ὁ   ὑπό αὐτός καθόλου καί μή πᾶς ἐπί πᾶς ἀκούω ἐθέλω .
187161	tlg0057.tlg095.1st1K-grc1	τίνα δὲ ταῦτά ἐστιν;	τις δέ  εἰμί ;
187162	tlg0057.tlg095.1st1K-grc1	ἃ καὶ διὰ τῶν εἰς τοὺς ἀφορισμοὺς ὑπομνημάτων ἠξίωσα μεμνῆσθαι καὶ δι’ ἄλλων πολλῶν·	καί διά ὁ εἰς ὁ  ὑπόμνημα ἀξιόω μιμνήσκω καί διά ἄλλος πολύς ·
187163	tlg0057.tlg095.1st1K-grc1	καὶ ἐπειδὰν ἕν τι ῥηθῇ καὶ τῶν ἄλλων ἁπάντων ὅσα τὴν αὐτὴν ἔχει δύναμιν ἀναμιμνήσκεσθαι προσήκει καὶ νομίζειν ἐπὶ πάντων ἀκηκοέναι τὸν λόγον ὡς ἂν καὶ πάντων ὄντα κοινόν.	καί ἐπεί   λέγω καί ὁ  ἅπας ὅσος ὁ αὐτός ἔχω δύναμις ἀναμιμνήσκω προσήκω καί νομίζω ἐπί πᾶς  ὁ λόγος ὡς ἄν καί πᾶς εἰμί κοινός .
187164	tlg0057.tlg095.1st1K-grc1	οὕτω γοῦν καὶ νῦν αὐτὸς μὲν ὥρας χειμερινῆς ἐμνημόνευσε, σὺ δὲ καὶ χώρας καὶ ἡλικίας καὶ ἐθῶν τε καὶ φυσικῆς κράσεως σωμάτων ἀναμνησθήσῃ, χώρας μὲν ψυχρᾶς, ἡλικίας δὲ πρεσβυτικῆς, ἐθῶν δὲ τῶν καταψυχόντων τὸ σῶμα καὶ φυσικῆς κράσεως τῆς ψυχροτέρας.	οὕτως γοῦν καί νῦν αὐτός μέν ὥρα2 χειμερινός μνημονεύω , σύ δέ καί χώρα καί ἡλικία καί ἔθος τε καί φυσικός κρᾶσις σῶμα  , χώρα μέν  , ἡλικία δέ  ,  δέ ὁ καταψύχω ὁ σῶμα καί φυσικός κρᾶσις ὁ  .
187165	tlg0057.tlg095.1st1K-grc1	ἅπαντα γὰρ ἐνδείκνυται ταῦτα τὴν αὐτὴν ἔνδειξιν τῇ πρὸς Ἱπποκράτους ὥρᾳ γεγραμμένῃ.	γάρ ἐνδείκνυμι οὗτος ὁ αὐτός ἔνδειξις ὁ πρός Ἱπποκράτης ὥρα2  .
187166	tlg0057.tlg095.1st1K-grc1	ἀλλὰ καὶ ὥσπερ ἐν χειμῶνι πρὸς τὸ θερμότερον ὑπαλλάττει τὴν θεραπείαν, οὕτως ἐν θέρει κατὰ τοὐναντίον ἐπὶ τὸ ψυχρότερον ὑπαλλάξεις.	ἀλλά καί ὥσπερ ἐν χειμών πρός ὁ θερμός ὑπαλλάσσω ὁ θεραπεία , οὕτως ἐν θέρος κατά ἐναντίος ἐπί ὁ   .
187167	tlg0057.tlg095.1st1K-grc1	ἀνάλογον δὲ τῷ θέρει κατὰ τὰς θερμὰς ἡλικίας τε καὶ χώρας ἔθη τε καὶ κράσεις σωμάτων.	ἀνάλογος δέ τῷ θέρος κατά ὁ  ἡλικία τε καί χώρα  τε καί  σῶμα .
187168	tlg0057.tlg095.1st1K-grc1	πάντων μὲν οὖν θερμαίνειν ἐνδεικνυμένων αὐξήσεις ἐπὶ τὸ θερμὸν ἅπασαν τὴν θεραπείαν, ἁπάντων δὲ ψύχειν ἐπὶ τὸ ψυχρόν·	πᾶς μέν οὖν θερμαίνω ἐνδείκνυμι αὐξάνω ἐπί ὁ θερμός ἅπας ὁ θεραπεία , ἅπας δέ ψύχω ἐπί ὁ ψυχρός ·
187169	tlg0057.tlg095.1st1K-grc1	εἰ δὲ τὰ μὲν ἐπὶ τὸ θερμαίνειν γε, τὰ δὲ ἐπὶ τὸ ψύχειν προτρέπει, πρός τε τὸν ἀριθμὸν αὐτῶν ἀποβλέπων καὶ τὴν δύναμιν, οὕτως ἂν μάλιστα στοχάσαι τοῦ προσήκοντος μετρίως κατὰ τὸ θερμαίνειν τε καὶ ψύχειν.	εἰ δέ ὁ μέν ἐπί ὁ θερμαίνω γε , ὁ δέ ἐπί ὁ ψύχω προτρέπω , πρός τε ὁ ἀριθμός αὐτός ἀποβλέπω καί ὁ δύναμις , οὕτως ἄν μάλιστα  ὁ προσήκω μέτριος κατά ὁ θερμαίνω τε καί ψύχω .
187170	tlg0057.tlg095.1st1K-grc1	Καταδεῖν δὲ μηδὲν μηδενὶ, μηδὲ περιπλάσσειν.	δέ   ,  περιπλάσσω .
187171	tlg0057.tlg095.1st1K-grc1	εὖ γὰρ εἰδέναι χρὴ, ὅτι πίεξις καὶ ἀχθοφορίη πᾶν κακὸν τοῖσι τοιούτοισίν ἐστιν.	εὖ γάρ οἶδα χρή , ὅτι2 πίεσις καί ἀχθοφορία πᾶς κακός ὁ  εἰμί .
187172	tlg0057.tlg095.1st1K-grc1	Οὐ μόνον ἀφεῖλε τὴν διὰ τῶν ὑποδεσμίδων ἐπίθεσιν ἐπὶ τούτων, ᾗ διὰ παντὸς ἐχρῆτο κατά τε τὰ κατάγματα καὶ τὰς ἐξαρθρήσεις, ἀλλὰ καὶ τὰς ἔξωθεν ἐπὶ τοῖς ἐρίοις γινομένας περιβολὰς τῶν ἐπιδέσμων·	οὐ μόνος ἀφαιρέω ὁ διά ὁ ὑποδεσμίς ἐπίθεσις ἐπί οὗτος , ὅς διά πᾶς χράω2 κατά τε ὁ κάταγμα καί ὁ  , ἀλλά καί ὁ ἔξωθεν ἐπί ὁ   περιβολή ὁ  ·
187173	tlg0057.tlg095.1st1K-grc1	καὶ τὴν αἰτίαν εἶπεν αὐτὸς, ὅτι πίεξις καὶ ἀχθοφορίη πᾶν κακὸν τοῖς τοιούτοις ἐστίν.	καί ὁ αἰτία λέγω αὐτός , ὅτι2 πίεσις καί ἀχθοφορία πᾶς κακός ὁ τοιοῦτος εἰμί .
187174	tlg0057.tlg095.1st1K-grc1	ἀρκεῖ τοιγαροῦν αὐτοῖς μόνα τὰ ἔργα μήτε πίεσιν ἐργάσασθαι μήτ’ ἀχθοφορίαν δυνάμενα διὰ μαλακότητά τε καὶ κουφότητα.	ἀρκέω  αὐτός μόνος ὁ ἔργον μήτε  ἐργάζομαι    διά  τε καί κουφότης .
187175	tlg0057.tlg095.1st1K-grc1	ταῦτα δὲ πάλιν οὐχ ὡς ἕλκος ἰώμενος δέδιεν, ἀλλὰ καὶ τὸν ἐκ τῶν γεγυμνωμένων τε καὶ τεθλασμένων τενόντων καὶ νεύρων φυλαττόμενος σπασμόν.	οὗτος δέ πάλιν οὐ ὡς ἕλκος   , ἀλλά καί ὁ ἐκ ὁ  τε καί  τένων καί   σπασμός .
187176	tlg0057.tlg095.1st1K-grc1	Ἐπιτήδεια δὲ πρὸς τὰ τοιαῦτα καὶ τῶν ἐναίμων μετεξέτερα, ὅσοισιν αὐτῶν ξυμφέρει.	ἐπιτήδειος δέ πρός ὁ τοιοῦτος καί ὁ ἔναιμος μετεξέτεροι , ὅσος αὐτός συμφέρω .
187177	tlg0057.tlg095.1st1K-grc1	ἔρια δὲ ἐπιτιθέντα οἴνῳ ἐπιτέγγοντα πολὺν χρόνον ἐᾷν·	δέ  οἶνος ἐπιτέγγω πολύς χρόνος  ·
187178	tlg0057.tlg095.1st1K-grc1	τὰ δὲ ὀλιγημερώτατα τῶν ἐναίμων καὶ ὅσα ῥητίνῃ προκαταλαμβάνεται, οὐχ ὁμοίως ἐπιτήδεια ἐκείνοισίν ἐστι.	ὁ δέ ὀλιγήμερος ὁ ἔναιμος καί ὅσος ῥητίνη  , οὐ ὅμοιος  ἐκεῖνος εἰμί .
187179	tlg0057.tlg095.1st1K-grc1	χρονίη γὰρ ἡ κάθαρσις τῶν ἑλκέων γίνεται τούτων, πολὺν γὰρ χρόνον πλαδαρὴ γίνεται, τινὰς δὲ τούτων ἀγαθὸν ἐπιδέειν.	γάρ ὁ κάθαρσις ὁ  γίγνομαι οὗτος , πολύς γάρ χρόνος  γίγνομαι ,  δέ οὗτος ἀγαθός  .
187180	tlg0057.tlg095.1st1K-grc1	εἰδέναι μὲν δή που σάφα χρὴ, ὅτι ἀνάγκη τὸν ἄνθρωπον χωλὸν αἰσχρῶς γενέσθαι.	οἶδα μέν δή που σαφής χρή , ὅτι2 ἀνάγκη ὁ ἄνθρωπος χωλός αἰσχρός γίγνομαι .
187181	tlg0057.tlg095.1st1K-grc1	ὁ γὰρ ὁ ποὺς ἐπὶ τὸ ἄνω ἀνέσπασται τῶν τοιούτων καὶ τὰ ὀστέα τὰ διολισθήσαντα ἔξω ἐξέχοντα φαίνεται.	ὁ γάρ ὁ  ἐπί ὁ ἄνω2 ἀνασπάω ὁ τοιοῦτος καί ὁ ὀστέον ὁ  ἔξω ἐξέχω φαίνω .
187182	tlg0057.tlg095.1st1K-grc1	οὔτε γὰρ ψιλοῦται τῶν τοιούτων ὀστέων οὐδὲν ὡς ἐπὶ τὸ πολὺ, εἰ μὴ κατὰ βραχύ τι, οὔτε ἀφίσταται, ἀλλὰ περιωτειλοῦται λεπτῇσιν ὠτειλῇσι καὶ ἀσθενέσι και ταῦτα ἢν ἀτρεμίζωσι πουλὺν χρόνον·	οὔτε γάρ ψιλόω ὁ τοιοῦτος ὀστέον οὐδείς ὡς ἐπί ὁ πολύς , εἰ μή κατά βραχύς τις , οὔτε ἀφίστημι , ἀλλά περιωτειλόομαι λεπτός ὠτειλή καί ἀσθενής  οὗτος ἐάν ἀτρεμίζω πολύς χρόνος ·
187183	tlg0057.tlg095.1st1K-grc1	ἢν δὲ μὴ, ἑλκύδριον ἐγκαταλειφθῆναι κίνδυνος ἀναλθές.	ἐάν δέ μή , ἑλκύδριον ἐγκαταλείπω κίνδυνος  .
187184	tlg0057.tlg095.1st1K-grc1	ὅμως δὲ περὶ οὗ λόγος οὕτω μὲν οἱ ἰητρευόμενοι σώζονται, ἐμβληθέντος δὲ τοῦ ἄρθρου καὶ ἐμμείναντος ἀποθνήσκουσιν.	ὅμως δέ περί οὗ λόγος οὕτως μέν ὁ ἰατρεύω σῴζω , ἐμβάλλω δέ ὁ  καί ἐμμένω ἀποθνῄσκω .
187185	tlg0057.tlg095.1st1K-grc1	Ἔναιμα καλεῖ φάρμακα κἀν τούτοις τοῖς βιβλίοις καὶ τῷ περὶ ἑλκῶν, ὅσα παραχρῆμα τοῖς τραύμασι προσφέρεται.	καλέω φάρμακον ἐν οὗτος ὁ  καί τῷ περί  , ὅσος παραχρῆμα ὁ τραῦμα προσφέρω .
187186	tlg0057.tlg095.1st1K-grc1	τούτων οὖν, φησὶν, ὅσα διὰ πλείονος χρόνου λυόμενα δύναται μεταξὺ τῶν λύσεων ἐπιτέγγεσθαι, παραληπτέον ἐστὶ μάλιστα.	οὗτος οὖν , φημί , ὅσος διά πολύς χρόνος λύω δύναμαι  ὁ λύσις  , παραλαμβάνω εἰμί μάλιστα .
187187	tlg0057.tlg095.1st1K-grc1	βούλεται γὰρ ὥσπερ τἆλλα πάντα τῆς θεραπείας αὐτῶν πρὸς τὸ παρηγορικώτατον εἶδος ἔχειν τὴν ἀναφορὰν, οὕτω καὶ τὸ μὴ ἐπιδεῖν τὸν κάμνοντα καὶ τὸ μὴ συνεχῶς ἐπιλύειν.	βούλομαι γάρ ὥσπερ ἄλλος πᾶς ὁ θεραπεία αὐτός πρός ὁ  εἶδος ἔχω ὁ ἀναφορά , οὕτως καί ὁ μή ἐφοράω ὁ κάμνω καί ὁ μή συνεχής  .
187188	tlg0057.tlg095.1st1K-grc1	διὰ πλέονος δὲ χρόνου λύεσθαι δύναται τῶν ἐναίμων φαρμάκων τὰ ξηραντικώτερα, φυλαττομένων ἡμῶν ἐν αὐτοῖς τὸ διὰ σφοδρότητα ξυντατικόν.	διά  δέ χρόνος λύω δύναμαι ὁ ἔναιμος φάρμακον ὁ  , φυλάσσω ἐγώ ἐν αὐτός ὁ διά σφοδρότης  .
187189	tlg0057.tlg095.1st1K-grc1	παραδείγματοςδ’ ἕνεκεν, ὧν ἴστε δυοῖν φαρμάκων μνημονεύσω γεγραμμένων ἐν ἁπάσαις βίβλοις, ὅσαι συνθέσεως τῶν φαρμάκων ἔχουσι συμμετρίας, ὁποῖαι αἱ τοῦ Ἀνδρομάχου δύο καὶ ἡ τοῦ Ἥρα μία καὶ ἄλλων εἰσὶ πάμπολλαι, δι’ ἀσφάλτου μὲν ἄλλα φάρμακα συντίθενται.	παράδειγμα δ’ ἕνεκα , ὅς οἶδα  φάρμακον   ἐν ἅπας βύβλος , ὅσος σύνθεσις ὁ φάρμακον ἔχω συμμετρία , ὁποῖος ὁ ὁ Ἀνδρόμαχος γε καί ὁ ὁ Ἥρα  καί ἄλλος εἰμί πάμπολυς , διά ἄσφαλτον μέν ἄλλος φάρμακον συντίθημι .
187190	tlg0057.tlg095.1st1K-grc1	καλεῖται δὲ τὸ μὲν ἕτερον αὐτῶν Βάρβαρος, τὸ δ’ ἕτερον Κυζικηνὴ πλέον ἢ τὰ ἔναιμα ξηραίνουσα βλάπτει μᾶλλον ἢ ὠφελεῖ, συντείνουσα τὰ μέλη καὶ ὀδυνῶσα.	καλέω δέ ὁ μέν ἕτερος αὐτός  , ὁ  ἕτερος  πλέως ἤ ὁ ἔναιμος  βλάπτω μᾶλλον ἤ ὠφελέω ,  ὁ μέλος καί  .
187191	tlg0057.tlg095.1st1K-grc1	τὸ δ’ ἕτερον φάρμακον ἐπιτήδειον, ὅταν γε καὶ αὐτὸ συμμέτρως ᾖ κεκραμένον.	ὁ  ἕτερος φάρμακον ἐπιτήδειος , ὅταν γε καί αὐτός  εἰμί κεράννυμι .
187192	tlg0057.tlg095.1st1K-grc1	ἔνια γὰρ καὶ τούτων ἀμετρότερόν τε ξηραίνει καὶ σκληρὰ κατὰ τὴν σύστασίν ἐστιν.	ἔνιοι γάρ καί οὗτος  τε ξηραίνω καί  κατά ὁ σύστασις εἰμί .
187193	tlg0057.tlg095.1st1K-grc1	ἀλλὰ περὶ μὲν τῆς τῶν τοιούτων φαρμάκων διαφορᾶς, ἐν τοῖς περὶ τῆς συνθέσεως αὐτῶν ἐπὶ πλέον λέγεται.	ἀλλά περί μέν ὁ ὁ τοιοῦτος φάρμακον διαφορά , ἐν ὁ περί ὁ σύνθεσις αὐτός ἐπί πολύς λέγω .
187194	tlg0057.tlg095.1st1K-grc1	τῶν δ’ ὑφ’ Ἱπποκράτους ἐφεξῆς εἰρημένων τὰ πλεῖστά ἐστι σαφῆ τοῖς μεμνημένοις, ὧν ἔμπροσθεν εἶπον ἐξηγούμενος, αὐτό τε τοῦτο τὸ περὶ ἄρθρων βιβλίον καὶ πρὸς αὐτὸ τὸ περὶ ἀγμῶν.	ὁ  ὑπό Ἱπποκράτης ἐφεξῆς λέγω ὁ  εἰμί σαφής ὁ  , ὅς ἔμπροσθεν λέγω  , αὐτός τε οὗτος ὁ περί ἄρθρον βιβλίον καί πρός αὐτός ὁ περί ἀγμός .
187195	tlg0057.tlg095.1st1K-grc1	τὰ δὲ ὀλιγημερώτατα τῶν ἐναίμων καὶ ὅσα ῥητίνῃ προσκαταλαμβάνεται, οὐχ ὁμοίως ἐπιτήδεια ἐκείνοις ἐστί.	ὁ δέ ὀλιγήμερος ὁ ἔναιμος καί ὅσος ῥητίνη προσκαταλαμβάνω , οὐ ὅμοιος  ἐκεῖνος εἰμί .
187196	tlg0057.tlg095.1st1K-grc1	χρονίη γὰρ ἡ κάθαρσις τῶν ἑλκῶν τούτων γίνεται, πολὺν γὰρ χρόνον πλαδαρή.	γάρ ὁ κάθαρσις ὁ  οὗτος γίγνομαι , πολύς γάρ χρόνος  .
187197	tlg0057.tlg095.1st1K-grc1	τίνα μὲν ὀλιγημερώτατα λέγει τῶν ἐναίμων, οὐ χαλεπῶς ἐξευρήσεις, εἴ γε μέμνησαι τῶν ἐν τῇ πρὸ ταύτης ῥήσει κατὰ τὴν ἐξήγησιν εἰρημένων, δῆλον γὰρ ὅτι τὰ δι’ ὀλίγων ἡμερῶν λυόμενα κέκληκεν οὕτως.	τις μέν ὀλιγήμερος λέγω ὁ ἔναιμος , οὐ χαλεπός ἐξευρίσκω , εἰ γε μιμνήσκω ὁ ἐν ὁ πρό οὗτος  κατά ὁ ἐξήγησις λέγω , δῆλος γάρ ὅτι2 ὁ διά ὀλίγος ἡμέρα λύω καλέω οὕτως .
187198	tlg0057.tlg095.1st1K-grc1	δι’ ὀλίγωνδ’ ἡμερῶν δεῖται λύεσθαι τῶν προειρημένων ἀσθενέστερα·	διά ὀλίγος δ’ ἡμέρα δέω λύω ὁ προαγορεύω ἀσθενής ·
187199	tlg0057.tlg095.1st1K-grc1	συγχωρεῖ γὰρ ἀθροίζεσθαι περὶ τοῖς ἕλκεσιν ἰχῶρα πλείονα διὰ τὸ μὴ ξηραίνειν αὐτάρκως.	συγχωρέω γάρ ἀθροίζω περί ὁ ἕλκος  πολύς διά ὁ μή ξηραίνω αὐτάρκης .
187200	tlg0057.tlg095.1st1K-grc1	ἔνιοι δ’ αὐτῶν τῶν παλαιῶν ῥητίνῃ προσκατελάμβανον ἔξωθεν οὐκ οἶδα τίνι λογισμῷ χρώμενοι.	ἔνιοι  αὐτός ὁ παλαιός ῥητίνη  ἔξωθεν οὐ οἶδα  λογισμός χράω2 .
187201	tlg0057.tlg095.1st1K-grc1	πολλὰ γὰρ εἰπεῖν ἐγχωρεῖ, φυλαττομένου δ’ Ἱπποκράτους ἅπαντα τὰ τοιαῦτα φάρμακα περιττὸν τὸ μηκύνειν·	πολύς γάρ λέγω ἐγχωρέω , φυλάσσω  Ἱπποκράτης ἅπας ὁ τοιοῦτος φάρμακον περισσός ὁ μηκύνω ·
187202	tlg0057.tlg095.1st1K-grc1	ἐν γὰρ ταῖς περὶ τῶν φαρμάκων πραγματείαις, ὅσα χρὴ περὶ τούτων ἐπίστασθαι διώρισται πάντα.	ἐν γάρ ὁ περί ὁ φάρμακον πραγματεία , ὅσος χρή περί οὗτος ἐφίστημι διορίζω πᾶς .
187203	tlg0057.tlg095.1st1K-grc1	νυνὶ δὲ περί τε τῶν προκειμένων αὐτάρκως λέλεκται καὶ τὰ τούτων ἐφεξῆς εἰρημένα ἅπαντα ὑπερβήσομαι τοῖς μεμνημένοις τῶν προεξηγουμένων ταῦτα σαφῆ.	νυνί δέ περί τε ὁ  αὐτάρκης λέγω καί ὁ οὗτος ἐφεξῆς λέγω ἅπας ὑπερβαίνω ὁ  ὁ  οὗτος σαφής .
187204	tlg0057.tlg095.1st1K-grc1	Ὁ αὐτὸς δὲ λόγος οὗτος, ἢν καὶ τὰ τοῦ πήχεος ὀστέα τὰ παρὰ τὸν καρπὸν τῆς χειρὸς ἕλκος ποιήσαντα ἐξίσχῃ, ἤν τε εἰς τὸ εἴσω μέρος τῆς χειρὸς, ἤν τε εἰς τὸ ἔξω.	ὁ αὐτός δέ λόγος οὗτος , ἐάν καί ὁ ὁ  ὀστέον ὁ παρά ὁ καρπός ὁ χείρ ἕλκος ποιέω  , ἐάν τε εἰς ὁ εἴσω μέρος ὁ χείρ , ἐάν τε εἰς ὁ ἔξω .
187205	tlg0057.tlg095.1st1K-grc1	σάφα γὰρ ἐπίστασθαι χρὴ, ὅτε ἀποθανεῖται ἐν ὀλίγῃσιν ἡμέρῃσι τοιούτῳ θανάτῳ, οἵῳπερ πρόσθεν εἴρηται, ὅτῳ ἂν ἐμβληθέντα τὰ ὀστέα ἐμμείνῃ·	σαφής γάρ ἐφίστημι χρή , ὅτε  ἐν ὀλίγος ἡμέρα τοιοῦτος θάνατος ,  πρόσθεν λέγω , ὅστις ἐάν ἐμβάλλω ὁ ὀστέον  ·
187206	tlg0057.tlg095.1st1K-grc1	οἷσι δ’ ἂν μὴ ἐμβληθῇ, μηδὲ πειρηθῇ ἐμβάλλεσθαι, οὗτοι πολὺ πλείονες περιγίνονται.	ὅς  ἐάν μή ἐμβάλλω , μηδέ πειράω ἐμβάλλω , οὗτος πολύς πολύς  .
187207	tlg0057.tlg095.1st1K-grc1	ἰητρείη δὲ τοιαύτη τοῖσι τοιούτοισιν ἐπιτηδείη οἵηπερ εἴρηται.	δέ τοιοῦτος ὁ τοιοῦτος   λέγω .
187208	tlg0057.tlg095.1st1K-grc1	τὸ δὲ σχῆμα αἰσχρὸν τοῦ χωλώματος ἀνάγκη εἶναι καὶ τοὺς δακτύλους τῆς χειρὸς ἀσθενέας καὶ ἀχρηΐους.	ὁ δέ σχῆμα αἰσχρός ὁ χώλωμα ἀνάγκη εἰμί καί ὁ δάκτυλος ὁ χείρ  καί ἀχρεῖος .
187209	tlg0057.tlg095.1st1K-grc1	Ὥσπερ ὅλον τὸ μεταξὺ γόνατος καὶ ἀστραγάλου κνήμην ὀνομάζει συγκείμενον ἐκ δυοῖν ὀστῶν, οὕτω καὶ τὸ μεταξὺ βραχίονος καὶ καρποῦ πῆχυν, οὐδὲ τοῦθ’ ἓν ἁπλῶς ὑπάρχον, ἀλλ’ ἐκ δυοῖν σύνθετον.	ὥσπερ ὅλος ὁ μεταξύ γόνυ καί  κνήμη ὀνομάζω  ἐκ   , οὕτως καί ὁ μεταξύ βραχύς καί  πῆχυς , οὐδέ   ἁπλόος ὑπάρχω , ἀλλά ἐκ   .
187210	tlg0057.tlg095.1st1K-grc1	ὀνομάζεται δὲ τὸ μὲν ἕτερον αὐτῶν κερκὶς, τὸ δὲ ἕτερον ἰδίως πῆχυς, ὥσπερ γε κἀπὶ τῆς κνήμης·	ὀνομάζω δέ ὁ μέν ἕτερος αὐτός κερκίς , ὁ δέ ἕτερος ἴδιος  , ὥσπερ γε ἐπί ὁ κνήμη ·
187211	tlg0057.tlg095.1st1K-grc1	τὸ δὲ κατ’ ἀγκῶνα, τῷ κατὰ γόνυ.	ὁ δέ κατά ἀγκών , τῷ κατά γόνυ .
187212	tlg0057.tlg095.1st1K-grc1	χαλεπώτερα δὲ ἀεὶ τὰ πάθη τῶν μειζόνων ἐστὶ μορίων, ἐάν τε καταγῇ τι τῶν ἐν αὐτοῖς, ἐάν τε ἐξαρθρήσῃ.	χαλεπός δέ ἀεί ὁ πάθος ὁ μέγας εἰμί μόριον , ἐάν τε  τι ὁ ἐν αὐτός , ἐάν τε ἐξαρθρέω .
187213	tlg0057.tlg095.1st1K-grc1	τοῦτ’ οὖν ἐάν τις ᾖ μεμνημένος ὀλίγης τῆς ἐξηγήσεως εἰς τὰ μέλλοντα ῥηθήσεσθαι δεηθήσεται.	οὖν ἐάν τις εἰμί μιμνήσκω ὀλίγος ὁ ἐξήγησις εἰς ὁ μέλλω   .
187214	tlg0057.tlg095.1st1K-grc1	Ἢν μὲν γὰρ ἐς τὸ εἴσω μέρος ὀλισθῇ τὰ ὀστέα, κάμπτειν οὐ δύναται τοὺς δακτύλους, ἢν δὲ ἐς τὸ ἔξω μέρος, ἐκταννύειν οὐ δύναται.	μέν γάρ εἰς ὁ εἴσω μέρος  ὁ ὀστέον , κάμπτω οὐ δύναμαι ὁ δάκτυλος , ἐάν δέ εἰς ὁ ἔξω μέρος ,  οὐ δύναμαι .
187215	tlg0057.tlg095.1st1K-grc1	Τῷ μὲν ὀλισθῇ ῥήματι διὰ τὶ χρῆται, δεδήλωται κατὰ τὸν ἔμπροσθεν λόγον, ἡνίκα τὰ τῆς κνήμης ὀστᾶ παρὰ τὸν πόδα μεθ’ ἕλκους ἐξαρθρεῖν ἔφη.	μέν  ῥῆμα διά  χράω2 , δηλόω κατά ὁ ἔμπροσθεν λόγος ,  ὁ ὁ κνήμη ὀστέον παρά ὁ πούς μετά   φημί .
187216	tlg0057.tlg095.1st1K-grc1	νυνὶ δὲ τὴν αἰτίαν εἰπεῖν βούλομαι, δι’ ἣν, ὅταν εἰς τὴν ἕξω χώραν ὁ πῆχυς ἐκστῇ μεθ’ ἕλκους, οὐ δύνανται κάμπτειν.	νυνί δέ ὁ αἰτία λέγω βούλομαι , διά ὅς , ὅταν εἰς ὁ ἔχω χώρα ὁ πῆχυς ἐξίστημι μετά  , οὐ δύναμαι κάμπτω .
187217	tlg0057.tlg095.1st1K-grc1	ἐν δὲ τῷ τοιούτῳ πάθει συμβαίνει τὰ τοῦ πήχεος ὀστᾶ, κατὰ μὲν τὴν ἔνδον χώραν ἐπικεῖσθαι τοῖς τοῦ καρποῦ διὰ τῶν εἰς αὐτὸ καθηκόντων ἔξωθεν τενόντων ἐς τὸν ἄνω τόπον, ὡς ἐπὶ τὸν βραχίονα.	ἐν δέ τῷ τοιοῦτος πάθος συμβαίνω ὁ ὁ  ὀστέον , κατά μέν ὁ ἔνδον χώρα ἐπίκειμαι ὁ ὁ  διά ὁ εἰς αὐτός καθήκω ἔξωθεν  εἰς ὁ ἄνω2 τόπος , ὡς ἐπί ὁ βραχίων .
187218	tlg0057.tlg095.1st1K-grc1	τούτου δὲ συμβαίνοντος ἀναγκαῖόν ἐστι τοὺς δακτύλους ἀνατείνεσθαι πρὸς τὴν ἐκτὸς χώραν, ὅπερ ἐστὶν αὐτοῖς ἐκτετάσθαι.	οὗτος δέ συμβαίνω ἀναγκαῖος εἰμί ὁ δάκτυλος ἀνατείνω πρός ὁ ἐκτός χώρα , ὅς εἰμί αὐτός ἐκτείνω .
187219	tlg0057.tlg095.1st1K-grc1	διὰ τοῦτ’ οὖν οὐδὲ καμφθῆναι δύναται τελέως, ἀντιβαινόντων τοῖς κάμπτουσιν αὐτοὺς μυσὶ τοῖς ἔξωθεν τῶν μυῶν καὶ τῶν τενόντων.	διά  οὖν οὐδέ κάμπτω δύναμαι τέλειος ,  ὁ κάμπτω αὐτός  ὁ ἔξωθεν ὁ μῦς καί ὁ τένων .
187220	tlg0057.tlg095.1st1K-grc1	εἴρηται γὰρ πολλάκις ὡς εἰ μὴ συνακολουθοῖεν οἱ ἀντιτεταμένοι τοῖς ἐνεργεῖν ἐπιχειροῦσι μυσὶν, ἀδύνατόν ἐστιν αὐτοῖς συμπληρῶσαι τὴν ἐνέργειαν.	λέγω γάρ πολλάκις ὡς εἰ μή  ὁ  ὁ ἐνεργέω ἐπιχειρέω μῦς , ἀδύνατος εἰμί αὐτός  ὁ ἐνέργεια .
187221	tlg0057.tlg095.1st1K-grc1	ὁ δ’ αὐτὸς λόγος ἐστὶ καὶ περὶ τοῦ μὴ δύνασθαι τοὺς δακτύλους ἐκταννύειν, ὅταν εἰς τὴν ἔξω χώραν ἀνάσχῃ τὰ τοῦ πήχεος ὀστᾶ.	ὁ  αὐτός λόγος εἰμί καί περί ὁ μή δύναμαι ὁ δάκτυλος  , ὅταν εἰς ὁ ἔξω χώρα  ὁ ὁ πῆχυς ὀστέον .
187222	tlg0057.tlg095.1st1K-grc1	ταθέντων γὰρ σφοδρῶς τῶν ἔνδον μυῶν καὶ τενόντων, καὶ διὰ τοῦτο ἐπακολουθεῖν τῶν ἕξω μὴ δυναμένων, ἀπόλλυσθαι καὶ τὴν ἐκείνων ἐνέργειαν ἀναγκαῖόν ἐστι.	γάρ σφοδρός ὁ ἔνδον μῦς καί  , καί διά οὗτος ἐπακολουθέω ὁ ἔχω μή  , ἀπόλλυμι καί ὁ ἐκεῖνος ἐνέργεια ἀναγκαῖος εἰμί .
187223	tlg0057.tlg095.1st1K-grc1	καὶ μέντοι καὶ ἡ τῶν ὀστῶν σύνθεσις ἱκανῶς ἐμποδίζει τὴν καμπὴν, ὅταν ὁ πῆχυς ἐκ τῶν ἔνδον μερῶν ἐπιβαίνῃ τῷ καρπῷ·	καί  καί ὁ ὁ  σύνθεσις ἱκανός ἐμποδίζω ὁ καμπή , ὅταν ὁ πῆχυς ἐκ ὁ ἔνδον μέρος  τῷ καρπός ·
187224	tlg0057.tlg095.1st1K-grc1	τὴν ἔκτασιν, ὅταν ἐκ τῶν ἔξωθεν.	ὁ ἔκτασις , ὅταν ἐκ ὁ ἔξωθεν .
187225	tlg0057.tlg095.1st1K-grc1	Ὅσοισι δ’ ἂν κνήμης ὀστέον ἕλκος ποιησάμενον παρὰ τὸ γόνυ ἔξω ἐξίσχῃ, ἤν τε ἐς τὸ ἔξω μέρος, ἤν τε ἐς τὸ εἴσω, τούτοισιν ἢν μέν τις ἐμβάλῃ, ἔτι ἑτοιμότερος ὁ θάνατός ἐστιν ἤπερ τοῖσιν ἑτέροισι, καίπερ κἀκείνοισιν ἕτοιμος ἐών.	ἄν κνήμη ὀστέον ἕλκος  παρά ὁ γόνυ ἔξω  , ἐάν τε εἰς ὁ ἔξω μέρος , ἐάν τε εἰς ὁ εἴσω , οὗτος ἐάν μέν τις ἐμβάλλω , ἔτι  ὁ θάνατος εἰμί ἤ ὁ ἕτερος , καίπερ  ἑτοῖμος εἰμί .
187226	tlg0057.tlg095.1st1K-grc1	ἢν δὲ μὴ ἐμβαλὼν ἰητρεύῃς, ἐλπίδες μὲν σωτηρίης οὕτω μόνως εἰσί.	ἐάν δέ μή ἐμβάλλω ἰατρεύω , ἐλπίς μέν σωτηρία οὕτως μόνος εἰμί .
187227	tlg0057.tlg095.1st1K-grc1	κινδυνωδέστερα δὲ ταῦτα τῶν ὀστέων γίνεται, ὅσῳ ἂν ἀνωτέρω καὶ ὅσῳ ἂν ἰσχυρότερα ἔῃ καὶ ἀπὸ ἰσχυροτέρων ὠλισθήκῃ.	κινδυνώδης δέ οὗτος ὁ  γίγνομαι , ὅσος ἄν ἄνω καί ὅσος ἐάν  εἰμί καί ἀπό   .
187228	tlg0057.tlg095.1st1K-grc1	ἢν δὲ τὸ ὀστέον τὸ τοῦ μηροῦ τὸ πρὸς τοῦ γόνατος ἕλκος ποιησάμενον ἐξολισθῇ, ἐμβληθὲν μὲν καὶ ἐμμεῖναν ἔτι βιαιότερον θᾶσσον τὸν θάνατον ποιήσει τῶν πρόσθεν εἰρημένων·	ἐάν δέ ὁ ὀστέον ὁ ὁ μηρός ὁ πρός ὁ γόνυ ἕλκος   , ἐμβάλλω μέν καί  ἔτι  ταχύς ὁ θάνατος ποίησις ὁ πρόσθεν λέγω ·
187229	tlg0057.tlg095.1st1K-grc1	μὴ ἐμβληθὲν δὲ πολὺ ἀκινδυνωδέστερον ἢ τὰ πρόσθεν, ὅμως δὲ μούνη ἐλπὶς αὕτη σωτηρίης.	μή ἐμβάλλω δέ πολύς  τίη ὁ πρόσθεν , ὅμως δέ μόνος ἐλπίς οὗτος σωτηρία .
187230	tlg0057.tlg095.1st1K-grc1	Μαρτύριον οὐ σμικρόν ἐστι καὶ τοῦτο καὶ τὸ κατὰ τὴν ἑξῆς ῥῆσιν ὑπ’ αὐτοῦ γεγραμμένον, ὧν ὀλίγον ἔμπροσθεν εἶπον, ἐπὶ τῶν ἐξισχόντων ὀστῶν ἐπί τε τῆς κατὰ τὰ σφυρὰ καὶ τῆς κατὰ τὸν καρπὸν διαρθρώσεως.	μαρτύριον οὐ μικρός εἰμί καί οὗτος καί ὁ κατά ὁ ἑξῆς ῥῆσις ὑπό αὐτός γράφω , ὅς ὀλίγος ἔμπροσθεν λέγω , ἐπί ὁ ἐξίσχω  ἐπί τε ὁ κατά ὁ σφυρόν καί ὁ κατά ὁ καρπός  .
187231	tlg0057.tlg095.1st1K-grc1	οὔτε γὰρ ὁ ἀστράγαλος καὶ ἡ κνήμη κατὰ τὴν πρὸς τὸν πόδα διάρθρωσιν ἐξίσχει τοῦ δέρματος, οὔθ’ ὁ καρπὸς ἐν τῇ πρὸς τὸν πῆχυν, ἀλλ’ ἡ κνήμη μὲν ἐπὶ τοῦ σκέλους, ὁ πῆχυς δὲ ἐπὶ τῆς χειρός.	οὔτε γάρ ὁ  καί ὁ κνήμη κατά ὁ πρός ὁ πούς  ἐξίσχω ὁ δέρμα ,  ὁ καρπός ἐν ὁ πρός ὁ πῆχυς , ἀλλά ὁ κνήμη μέν ἐπί ὁ σκέλος , ὁ πῆχυς δέ ἐπί ὁ χείρ .
187232	tlg0057.tlg095.1st1K-grc1	εἰκότως οὖν ἐξαρθρεῖν ταῦτα καὶ ὀλισθαίνειν εἶπεν, ὡς ἂν ἔξω τῶν διαρθρώσεων γιγνόμενα.	εἰκός οὖν  οὗτος καί  λέγω , ὡς ἄν ἔξω ὁ   .
187233	tlg0057.tlg095.1st1K-grc1	νῦν γοῦν τὴν κνήμην ἐν τῇ πρὸς τῶν σφυρῶν διαρθρώσει φησὶν ἐξίσχειν ἐνίοτε, ποτὲ μὲν ἔξω τῆς διαρθρώσεως, ποτὲδ’ εἴσω, καίτοι κατὰ τὴν ἑξῆς ῥῆσιν οὐ τὴν κνήμην, ἀλλὰ τὸν μηρὸν ἐξίσχειν λέγων εἰκότως, ἐν μὲν τῇ κατὰ γόνυ διαρθρώσει ποτὲ μὲν ἡ κνήμη φαίνεται, ποτὲ δὲ ὁ μηρὸς ἐξίσχειν.	νῦν γοῦν ὁ κνήμη ἐν ὁ πρός ὁ  διαρθρόω φημί  ἐνίοτε , ποτε μέν ἔξω ὁ  , ποτε δ’ εἴσω ,  κατά ὁ ἑξῆς ῥῆσις οὐ ὁ κνήμη , ἀλλά ὁ μηρός  λέγω εἰκός , ἐν μέν ὁ κατά γόνυ διαρθρόω ποτε μέν ὁ κνήμη φαίνω , ποτε δέ ὁ μηρός  .
187234	tlg0057.tlg095.1st1K-grc1	ἐν δὲ τῇ κατὰ τὸν πόδα διὰ παντὸς ἡ κνήμη, ὥσπερ γε κἀν τῇ κατὰ τὸν καρπὸν ὁ πῆχυς.	ἐν δέ ὁ κατά ὁ πούς διά πᾶς ὁ κνήμη , ὥσπερ γε ἐν ὁ κατά ὁ καρπός ὁ πῆχυς .
187235	tlg0057.tlg095.1st1K-grc1	τὰ δ’ ἄλλα τῆς ῥήσεως δῆλα τοῖς μεμνημένοις τῶν ἔμπροσθεν εἰρημένων.	ὁ  ἄλλος ὁ  δῆλος ὁ  ὁ ἔμπροσθεν λέγω .
187236	tlg0057.tlg095.1st1K-grc1	Ὁ ωὐτὸς δὲ λόγος καὶ περὶ τῶν κατὰ τὸν ἀγκῶνα ἄρθρων καὶ περὶ τῶν τοῦ πήχεος καὶ βραχίονος.	δέ λόγος καί περί ὁ κατά ὁ ἀγκών ἄρθρον καί περί ὁ ὁ  καί βραχίων .
187237	tlg0057.tlg095.1st1K-grc1	ἃ γὰρ ἂν τούτων ἐξαρθρήσαντα ἐξίσχῃ, ἕλκος ποιησάμενα πάντα, ἢν ἐμβληθῇ, θάνατον φέρει, μὴ ἐμβληθέντα δὲ ἐλπίδα σωτηρίης.	ὅς γάρ ἄν οὗτος ἐξαρθρέω  , ἕλκος  πᾶς , ἐάν ἐμβάλλω , θάνατος φέρω , μή ἐμβάλλω δέ ἐλπίς σωτηρία .
187238	tlg0057.tlg095.1st1K-grc1	χώλωσις δὲ τοῖσι περιγενομένοισι.	χώλωσις δέ ὁ  .
187239	tlg0057.tlg095.1st1K-grc1	θανατωδέστερα δὲ τοῖσιν ἐμβαλλομένοισίν ἐστι τὰ ἀνωτέρω τῶν ἄρθρων·	δέ ὁ  εἰμί ὁ ἄνω ὁ  ·
187240	tlg0057.tlg095.1st1K-grc1	ἀτὰρ καὶ τοῖσιν ἐμβαλλομένοισι κινδυνωδέστερα αὐτὰ ταῦτα.	ἀτάρ καί ὁ ἐμβάλλω κινδυνώδης αὐτός οὗτος .
187241	tlg0057.tlg095.1st1K-grc1	εἰ δέ τινι τὰ ἀνωτέρω ἄρθρα ἐξαρθρήσαντα ἕλκος ποιήσαντα ἐξίσχοι, ταῦτα δέ τι καὶ ἐμβαλλόμενα ταχυθανατώτατα ἔῃ καὶ μὴ ἐμβαλλόμενα κινδυνωδέστερα.	εἰ δέ  ὁ ἄνω ἄρθρον ἐξαρθρέω ἕλκος ποιέω  , οὗτος δέ  καί ἐμβάλλω ταχυθάνατος εἰμί καί μή ἐμβάλλω κινδυνώδης .
187242	tlg0057.tlg095.1st1K-grc1	ἰητρείη δὲ ἤδη εἴρηται, οἵη τις ἐμοὶ δοκέει ἐπιτηδειοτάτη εἶναι·	δέ ἤδη λέγω , οἷος τις  δοκέω ἐπιτήδειος εἰμί ·
187243	tlg0057.tlg095.1st1K-grc1	ὅσοισι δὲ ἄρθρα δακτύλων ἢ ποδὸς ἢ χειρὸς ἐξαρθρήσαντα ἕλκος ποιήσαντα ἐξέσχε, μὴ κατεηγότος τοῦ ὀστέου, ἀλλὰ κατ’ αὐτὴν τὴν ξύμφυσιν ἀποσπασθέντος, τούτοισιν εἰ ἐμβληθέντα ἐμμένει, ἔνι μέντοι κίνδυνος σπασμοῦ, ἢν μὴ χρηστῶς ἰητρεύωνται, ὅμως δέ τι ἄξιον ἐμβάλλειν, προειπόντα ὅτι φυλακῆς πολλῆς καὶ μελέτης δέεται·	ὅσος δέ ἄρθρον δάκτυλος ἤ πούς ἤ χείρ ἐξαρθρέω ἕλκος ποιέω ἐξέχω , μή κατάγνυμι ὁ  , ἀλλά κατά αὐτός ὁ σύμφυσις ἀποσπάω , οὗτος εἰ ἐμβάλλω ἐμμένω ,  μέντοι κίνδυνος σπασμός , ἐάν μή χρηστός ἰατρεύω , ὅμως δέ τι ἄξιος ἐμβάλλω , προαγορεύω ὅτι2 φυλακή πολύς καί μελέτη δέω2 ·
187244	tlg0057.tlg095.1st1K-grc1	ἐμβάλλειν μέντοι ῥήϊστον καὶ δυνατώτατον καὶ τεχνικώτατόν ἐστι τῷ μοχλίσκῳ, ὥσπερ καὶ πρόσθεν εἴρηται ἐν τοῖσι κατεαγνυμένοισι καὶ ἐξίσχουσιν ὀστέοισιν, ἔπειτα ἀτρεμέειν ὡς μάλιστα χρὴ καὶ κατακεῖσθαι καὶ ὀλιγοσιτέειν.	ἐμβάλλω   καί  καί  εἰμί ὁ μοχλίσκος , ὥσπερ καί πρόσθεν λέγω ἐν ὁ  καί ἐξίσχω ὀστέον , ἔπειτα ἀτρεμέω ὡς μάλιστα χρή καί κατάκειμαι καί ὀλιγοσιτέω .
187245	tlg0057.tlg095.1st1K-grc1	ἄμεινον δὲ καὶ φαρμακεῦσαι ἄνω κούφῳ τινὶ φαρμάκῳ.	ἀμείνων δέ καί φαρμακεύω ἄνω2   φάρμακος .
187246	tlg0057.tlg095.1st1K-grc1	Εἰκότως εἶπεν ἄρθρων ἐνταῦθα κατὰ πλῆθος, ὥσπερ ἐπὶ τῶν κατὰ τὸ γόνυ.	εἰκός λέγω ἄρθρον ἐνταῦθα κατά πλῆθος , ὥσπερ ἐπί ὁ κατά ὁ γόνυ .
187247	tlg0057.tlg095.1st1K-grc1	περὶ μέντοι τοῦ περὶ τὸν καρπόν τε καὶ τὸ σφυρὸν διερχόμενος, οὐκ εἶπεν ἄρθρα πληθυντικῶς.	περί  ὁ περί ὁ καρπός τε καί ὁ σφυρόν  , οὐ λέγω ἄρθρον πληθυντικός .
187248	tlg0057.tlg095.1st1K-grc1	ὅτι δὲ ἄρθρα πλείω κατὰ τοῦτο τὸ χωρίον εἰσὶν, ὑπὲρ οὗ νῦν ὁ λόγος αὐτῷ πρόκειται, διὰ τοῦ τρίτου τῶν εἰς τὸ περὶ ἀγμῶν ὑπομνημάτων ἐδήλωσε.	ὅτι2 δέ ἄρθρον πολύς κατά οὗτος ὁ χωρίον εἰμί , ὑπέρ οὗ νῦν ὁ λόγος αὐτός πρόκειμαι , διά ὁ τρίτος ὁ εἰς ὁ περί  ὑπόμνημα δηλόω .
187249	tlg0057.tlg095.1st1K-grc1	τὸν αὐτὸν λόγον εἶναί φησι τὸν νῦν ἐνεστῶτα τῷ προειρημένῳ περὶ τῆς κατὰ γόνυ διαρθρώσεως·	ὁ αὐτός λόγος εἰμί φημί ὁ νῦν ἐνίστημι τῷ προαγορεύω περί ὁ κατά γόνυ  ·
187250	tlg0057.tlg095.1st1K-grc1	ὥσπερ γὰρ ἐκεῖ ποτὲ μὲν ἡ κνήμη, ποτὲ δὲ ὁ μηρὸς ἐξίσχειν ἐλέχθη, κατὰ τὸν αὐτὸν τρόπον καὶ νῦν ἐνίοτε μὲν ὁ πῆχυς, ἐνίοτε δὲ ὁ βραχίων εἰς τὴν τοιαύτην ἔρχεται διάθεσιν.	ὥσπερ γάρ ἐκεῖ ποτε μέν ὁ κνήμη , ποτε δέ ὁ μηρός  λέγω , κατά ὁ αὐτός τρόπος καί νῦν ἐνίοτε μέν ὁ πῆχυς , ἐνίοτε δέ ὁ βράχεα εἰς ὁ τοιοῦτος ἔρχομαι διάθεσις .
187251	tlg0057.tlg095.1st1K-grc1	ἃ δ’ ἐφεξῆς λέγει τούτοις, ἅπαντά ἐστιν εὔδηλα.	ὅς  ἐφεξῆς λέγω οὗτος , ἅπας εἰμί εὔδηλος .
187252	tlg0057.tlg095.1st1K-grc1	Τὸ δὲ ἕλκος ἰητρεύειν ἢ ἐναίμοισι τοῖσιν ἐπιτέγκτοισιν ἢ πολυοφθάλμοισιν ἢ οἷσιν ἐν κεφαλῇ ὀστέα κατεηγότα ἰητρεύεται, κατάψυχρον δὲ κάρτα μηδὲν προσφέρειν.	δέ ἕλκος ἰατρεύω ἤ ἔναιμος ὁ ἐπίτεγκτος ἤ πολυόφθαλμος ἤ ὅς ἐν κεφαλή ὀστέον κατάγνυμι ἰατρεύω ,  δέ κάρτα  προσφέρω .
187253	tlg0057.tlg095.1st1K-grc1	ἥκιστα μὲν οὖν τὰ πρῶτα ἄρθρα κινδυνώδεά ἐστι, τὰ δὲ ἔτι ἄνω κινδυνωδέστερα.	ἥκιστος μέν οὖν ὁ πρῶτος ἄρθρον  εἰμί , ὁ δέ ἔτι ἄνω2 κινδυνώδης .
187254	tlg0057.tlg095.1st1K-grc1	ἐμβάλλειν δὲ χρὴ αὐθημερὸν ἢ τῇ ὑστεραίῃ, τριταίῳ δὲ ἢ τεταρταίῳ ἥκιστα.	ἐμβάλλω δέ χρή  ἤ ὁ ὑστεραῖος , τριταῖος δέ τίη τεταρταῖος ἥκιστος .
187255	tlg0057.tlg095.1st1K-grc1	τεταρταῖα γὰρ ἐόντα ἐπισημαίνει τῇσι παλιγκοτίῃσι μάλιστα.	γάρ εἰμί ἐπισημαίνω ὁ παλιγκοτία μάλιστα .
187256	tlg0057.tlg095.1st1K-grc1	οἷσιν ἂν οὖν μὴ αὐτίκα γένηται ἐμβάλλειν, ὑπερβαίνειν χρὴ ταύτας τὰς εἰρημένας ἡμέρας·	ὅς ἄν οὖν  αὐτίκα γίγνομαι ἐμβάλλω , ὑπερβαίνω χρή οὗτος ὁ  ἡμέρα ·
187257	tlg0057.tlg095.1st1K-grc1	ὅ τι γὰρ ἂν εἴσω δέκα ἡμερέων ἐμβάλλῃ, πᾶν καταληπτόν.	ὅς  γάρ ἄν εἴσω  ἡμέρα ἐμβάλλω , πᾶς καταληπτός .
187258	tlg0057.tlg095.1st1K-grc1	ἢν δ’ ἄρα ἐμβεβλημένῳ σπασμὸς ἐπιγένηται, ἐμβάλλειν τὸ ἄρθρον δεῖ ταχὺ καὶ θερμῷ τέγγειν ὡς πλειστάκις.	ἐάν  ἄρα ἐμβάλλω σπασμός  , ἐμβάλλω ὁ ἄρθρον δέω ταχύς καί θερμός τέγγω ὡς πλειστάκις .
187259	tlg0057.tlg095.1st1K-grc1	Τίνα μέν ἔσιν ἔναιμα ἐπίτεγκτα πρόσθεν εἴρηται.	μέν    πρόσθεν λέγω .
187260	tlg0057.tlg095.1st1K-grc1	τῆς βοτάνης δὲ τῆς πολυοφθάλμου καλουμένης, ἥτις καὶ βοὸς ὀφθαλμὸς ὀνομάζεται, τῷ φύλλῳ χρῆσθαι κελεύει παραπλησίως, ὡς ἔμπροσθεν ἐχρῆτο τῷ τοῦ βηχίου, τὴν αὐτὴν ἔχοντι καὶ τούτῳ δύναμιν.	ὁ βοτάνη δέ ὁ  καλέω , ὅστις καί  ὀφθαλμός ὀνομάζω , τῷ  χράω2 κελεύω παραπλήσιος , ὡς ἔμπροσθεν χράω2 τῷ ὁ βηχίας , ὁ αὐτός ἔχω καί οὗτος δύναμις .
187261	tlg0057.tlg095.1st1K-grc1	μέμνηται δὲ ταύτης τῆς βοτάνης καὶ Διοκλῆς ἐν τῷ περὶ λαχάνων.	μιμνήσκω δέ οὗτος ὁ βοτάνη καί Διοκλέης ἐν ὁ περί λάχανον .
187262	tlg0057.tlg095.1st1K-grc1	τὸ μέντοι κεφάλαιον ὅλης τῆς θεραπείας φησὶ χρῆναι ποιεῖσθαι τοιοῦτον, οἷον κἀπὶ τῶν τῆς κεφαλῆς καταγμάτων ἐδήλωσεν.	ὁ  κεφάλαιος ὅλος ὁ θεραπεία φημί χρή ποιέω τοιοῦτος , οἷος ἐπί ὁ ὁ κεφαλή  δηλόω .
187263	tlg0057.tlg095.1st1K-grc1	ἐν ἐκείνῳ τῷ βιβλίῳ καὶ ἡμῖν ἐδείχθη ξηραντικώτερος ὁ τρόπος εἶναι τῆς θεραπείας ἐκείνης, ἧς κατὰ τὸ περὶ ἑλκῶν βιβλίον ἐποιήσατο καὶ μάλιστα τῆς κατὰ ἄρθρα.	ἐν ἐκεῖνος τῷ  καί  δείκνυμι  ὁ τρόπος εἰμί ὁ θεραπεία ἐκεῖνος , ὅς κατά ὁ περί  βιβλίον ποιέω καί μάλιστα ὁ κατά ἄρθρον .
187264	tlg0057.tlg095.1st1K-grc1	Κεκάμφθαι δὲ μᾶλλον ἢ ἐκτετάσθαι πᾶν τὸ σῶμα χρή.	δέ μᾶλλον ἤ ἐκτείνω πᾶς ὁ σῶμα χρή .
187265	tlg0057.tlg095.1st1K-grc1	προσδέχεσθαι μέντοι κατὰ τοὺς δακτύλους τὰ ἄρθρα τὰ ἐμβαλλόμενα ἀποστατικὰ ἔσεσθαι·	προσδέχομαι  κατά ὁ δάκτυλος ὁ ἄρθρον ὁ ἐμβάλλω ἀποστατικός εἰμί ·
187266	tlg0057.tlg095.1st1K-grc1	τὰ γὰρ πλεῖστα οὕτω γίνεται, ἢν καὶ ὁτιοῦν φλεγμονῆς ὑπογένηται, ὡς εἰ μὴ δι’ ἀμαθίην τῶν δημοτέων ἐν αἰτίῃ ἔμελλεν ὁ ἰητρὸς ἔσεσθαι, οὐδὲν ἂν πάντως οὐδ’ ἐμβάλλειν ἔδει.	ὁ γάρ πλεῖστος οὕτως γίγνομαι , ἐάν καί ὁτιοῦν φλεγμονή  , ὡς εἰ μή διά ἀμαθία ὁ δημότης ἐν αἰτία μέλλω ὁ ἰατρός εἰμί ,  ἐάν πᾶς οὐδέ ἐμβάλλω δέω .
187267	tlg0057.tlg095.1st1K-grc1	τὰ μὲν οὖν κατὰ τὰ ἄρθρα ὀστέα ἐξίσχοντα ἐμβαλλόμενα οὕτω κινδυνώδεά ἐστιν ὡς εἴρηται.	ὁ μέν οὖν κατά ὁ ἄρθρον ὀστέον ἐξίσχω ἐμβάλλω οὕτως  εἰμί ὡς λέγω .
187268	tlg0057.tlg095.1st1K-grc1	Οὐ ταὐτόν ἐστιν ἐκτετάσθαι τε λέγειν καὶ ἐκτείνεσθαι, καθάπερ οὐδὲ κεκάμφθαι καὶ κάμπτεσθαι·	οὐ αὐτός εἰμί ἐκτείνω τε λέγω καί ἐκτείνω , καθά οὐδέ κάμπτω καί κάμπτω ·
187269	tlg0057.tlg095.1st1K-grc1	ἐκτετάσθαι μὲν γάρ τις εἰπὼν τὸ κῶλον ἓν αὐτοῦ σχῆμα μόνον δηλοῖ τὸ κατ’ εὐθυωρίαν οὐκ ἔχον τε τὸ μᾶλλον καὶ τὸ ἧττον·	ἐκτείνω μέν γάρ τις λέγω ὁ κῶλον  αὐτός σχῆμα μόνος δηλόω ὁ κατά εὐθυωρία οὐ ἔχω τε ὁ μᾶλλον καί ὁ ἥσσων ·
187270	tlg0057.tlg095.1st1K-grc1	κεκάμφθαι δὲ εἰπὼν πάντα τὰ μετὰ τὴν ἔκτασιν σχήματα σημαίνει μᾶλλον καὶ ἧττον ἀλλήλων διαφέροντα μέχρι τῆς ἐσχάτης καμπῆς.	κάμπτω δέ λέγω πᾶς ὁ μετά ὁ ἔκτασις σχῆμα σημαίνω μᾶλλον καί ἥσσων ἀλλήλων διαφέρω μέχρι ὁ ἔσχατος καμπή .
187271	tlg0057.tlg095.1st1K-grc1	τὸ δέ γε ἐκτείνεσθαι καὶ κάμπτεσθαι τῶν κινήσεων αὐτῶν ἐστι δηλωτικὸν ἐν τοῖς μετασχηματιζομένοις κώλοις γιγνόμενον.	ὁ δέ γε ἐκτείνω καί κάμπτω ὁ κίνησις αὐτός εἰμί  ἐν ὁ    .
187272	tlg0057.tlg095.1st1K-grc1	τὸ μὲν ἐκτείνεσθαι κατὰ τοῦ μεταξὺ τῆς τε ἐσχάτης καμπῆς καὶ τῆς ἀκριβοῦς ἐκτάσεως.	ὁ μέν ἐκτείνω κατά ὁ  ὁ τε ἔσχατος καμπή καί ὁ ἀκριβής ἔκτασις .
187273	tlg0057.tlg095.1st1K-grc1	τὸ κάμπτεσθαι δ’ ἔμπαλιν ἄχρι τῆς ἄκρας ἐκτάσεως, ἄχρι τῆς τελευταίας καμπῆς.	ὁ κάμπτω  ἔμπαλιν ἄχρι ὁ ἄκρος ἔκτασις , ἄχρι ὁ τελευταῖος καμπή .
187274	tlg0057.tlg095.1st1K-grc1	νῦν οὖν ὁ Ἱπποκράτης εἰπὼν κεκάμφθαι μᾶλλον ἢ ἄχρι τῆς τελευταίας καμπῆς, τὸ κατ’ εὐθυωρίαν μόνον παραιτεῖται·	νῦν οὖν ὁ Ἱπποκράτης λέγω κάμπτω μᾶλλον ἤ ἄχρι ὁ τελευταῖος καμπή , ὁ κατά εὐθυωρία μόνος παραιτέομαι ·
187275	tlg0057.tlg095.1st1K-grc1	διὰ δὲ τοῦ κεκάμφθαι πάντα τὰ μεταξὺ ταύτης τε καὶ τῆς ἐσχάτης καμπῆς, ἐν οἷς ἀεὶ τὸ προσφορώτερον αἱρεῖσθαι προσήκει, ποτὲ μὲν ἐλάχιστον ἀποχωροῦντα τῆς ἄκρας ἐκτάσεώς πως, ἔστιν ὅτε καὶ πλέον.	διά δέ ὁ κάμπτω πᾶς ὁ  οὗτος τε καί ὁ ἔσχατος καμπή , ἐν ὅς ἀεί ὁ  αἱρέω προσήκω , ποτε μέν ἐλάχιστος ἀποχωρέω ὁ ἄκρα  πως , εἰμί ὅτε καί πολύς .
187276	tlg0057.tlg095.1st1K-grc1	ὁπόταν δὲ χρῇ τούτων ἑκάτερον πράττειν, ἐκ τῶν προειρημένων δυνήσῃ στοχάζεσθαι.	ὁπότε δέ  οὗτος ἑκάτερος πράσσω , ἐκ ὁ προαγορεύω  στοχάζομαι .
187277	tlg0057.tlg095.1st1K-grc1	Ὅσα δὲ κατὰ τὰ ἄρθρα τὰ κατὰ τοὺς δακτύλους ἀποκόπτεται τελείως, ταῦτα ἀσινέα τὰ πλεῖστά ἐστιν, ἢν μή τις ἐν αὐτῇ τῇ τρώσει λειποθυμήσας βλαβείη.	δέ κατά ὁ ἄρθρον ὁ κατά ὁ δάκτυλος ἀποκόπτω τέλειος , οὗτος ἀσινής ὁ  εἰμί , ἐάν μή τις ἐν αὐτός ὁ τιτρώσκω λιποθυμέω βλάπτω .
187278	tlg0057.tlg095.1st1K-grc1	Περὶ τῶν ἀποκοπτομένων ὀστῶν ἐντεῦθεν ἄρχεται διδάσκειν σαφῶς ἅπαντα διεξιὼν, ὡς μὴ δεῖσθαι τῆς παρ’ ἡμῶν ἐξηγήσεως, ἀλλ’ ἀρκεῖ τοσοῦτόν μοι προειπεῖν, ὡς ἀκολουθήσεις σχεδὸν ἅπασιν οἷς λέγει, σκοπὸν ἔχων ὅνπερ κἀπὶ τῶν ἐξισχόντων ἄρθρων, ἃ καλεῖν ἔθος ἐστὶ τοῖς νεωτέροις ἰατροῖς ἐκβυρσώματα.	περί ὁ   ἐντεῦθεν ἄρχω διδάσκω σαφής ἅπας διέξειμι , ὡς μή δέω ὁ παρά ἐγώ ἐξήγησις , ἀλλά ἀρκέω  ἐγώ προαγορεύω , ὡς ἀκολουθέω σχεδόν ἅπας  λέγω ,  ἔχω  ἐπί ὁ ἐξίσχω ἄρθρον , ὅς καλέω ἔθος εἰμί ὁ νεώτερος ἰατρός  .
187279	tlg0057.tlg095.1st1K-grc1	κατὰ γὰρ τὸ μέγεθος τῶν ἄρθρων καὶ τὸ τοῦ κινδύνου μέγεθος, ὥσπερ ἐπ’ ἐκείνων τονῦν, οὕτως ἐπὶ τῶν ἀποκοπτομένων ὀστῶν εἴωθε γίγνεσθαι.	κατά γάρ ὁ μέγεθος ὁ ἄρθρον καί ὁ ὁ κίνδυνος μέγεθος , ὥσπερ ἐπί ἐκεῖνος τονῦν , οὕτως ἐπί ὁ   εἴωθα γίγνομαι .
187280	tlg0057.tlg095.1st1K-grc1	προσθήσω δὲ κἀγὼ τῶν ἀσαφές τι δοκούντων ἔχειν ἐξήγησιν.	προστίθημι δέ  ὁ ἀσαφής τις δοκέω ἔχω ἐξήγησις .
187281	tlg0057.tlg095.1st1K-grc1	Καὶ ἰητρείη φαύλη ἀρκέσει τῶν τοιούτων ἑλκέων·	καί   ἀρκέω ὁ τοιοῦτος ἕλκος ·
187282	tlg0057.tlg095.1st1K-grc1	ἀτὰρ καὶ ὅσα μὴ κατὰ τὰ ἄρθρα, ἀλλὰ κατ’ ἄλλην τινὰ ἴξιν τῶν ὀστέων ἀποκόπτεται, καὶ ταῦτα ἀσινέα ἐστὶ καὶ ἔτι εὐαλθέστερα τῶν ἑτέρων, καὶ ὅσα κατὰ τοὺς δακτύλους ὀστέα κατεαγότα ἐξίσχει μὴ κατὰ τὸ ἄρθρον, καὶ ταῦτα ἀσινέα ἐστὶν ἐμβαλλόμενα.	καί ὅσος μή κατά ὁ ἄρθρον , ἀλλά κατά ἄλλος  ἵξις ὁ ὀστέον ἀποκόπτω , καί οὗτος ἀσινής εἰμί καί ἔτι εὐαλθής ὁ  , καί ὅσος κατά ὁ δάκτυλος ὀστέον κατάγνυμι ἐξίσχω μή κατά ὁ ἄρθρον , καί οὗτος  εἰμί ἐμβάλλω .
187283	tlg0057.tlg095.1st1K-grc1	ἀποκόψιες δὲ τέλειαι ὀστέων καὶ κατὰ τὰ ἄρθρα καὶ ἐν ποδὶ καὶ ἐν χειρὶ καὶ ἐν κνήμῃ τοῖσι παρὰ τὰ σφυρὰ καὶ ἐν πήχεϊ τοῖσι κατὰ τοὺς καρποὺς, τοῖσι πλείστοισιν ἀποκοπτομένοισιν ἀσινέα γίνεται, ὅσα ἂν μὴ αὐτίκα λειποθυμίη ἀνατρέψῃ ἢ τεταρταίοισιν ἐοῦσι πυρετὸς ξυνεχὴς ἐπιγένηται.	δέ τέλειος ὀστέον καί κατά ὁ ἄρθρον καί ἐν πούς καί ἐν χείρ καί ἐν κνήμη ὁ παρά ὁ σφυρόν καί ἐν  ὁ κατά ὁ καρπός , ὁ   ἀσινής γίγνομαι , ὅσος ἐάν μή αὐτίκα λιποθυμία ἀνατρέπω ἤ τεταρταῖος εἰμί  συνεχής  .
187284	tlg0057.tlg095.1st1K-grc1	ἀποσφακελίσιες μέντοι σαρκῶν καὶ ἐν τρώμασιν αἱμοῤῥόοισι γενομένοισιν ἢ ἀποσφίγξεσιν ἰσχυραῖς καὶ ἐν ὀστέων κατήγμασι γενομένοισι, πιεχθεῖσι μᾶλλον τοῦ καιροῦ, καὶ ἐν ἄλλοισι δεσμοῖσι βιαίοισι ἀποληφθέντα ἀποπίπτει πολλοῖσι, καὶ οἱ πολλοὶ περιγίνονται τῶν τοιούτων καὶ οἷσι μηροῦ μέρος τι ἀποπίπτει καὶ τῶν σαρκῶν καὶ τοῦ ὀστέου καὶ οἷσι βραχίονος.	μέντοι σάρξ καί ἐν τραῦμα αἱμόρροος  ἤ   καί ἐν ὀστέον κάταγμα2 γίγνομαι ,  μᾶλλον ὁ καιρός , καί ἐν ἄλλος δεσμός  ἀπολαμβάνω ἀποπίπτω πολύς , καί ὁ πολύς  ὁ τοιοῦτος καί ὅς μηρός μέρος τι ἀποπίπτω καί ὁ σάρξ καί ὁ  καί ὅς βραχίων .
187285	tlg0057.tlg095.1st1K-grc1	ἧσσον δὲ πήχεός τε καὶ κνήμης ἀποπεσούσης καὶ ἔτι εὐφόρως περιγίνονται.	ἥσσων δέ  τε καί κνήμη  καί ἔτι εὔφορος  .
187286	tlg0057.tlg095.1st1K-grc1	οἷσι μὲν οὖν κατεαγέντων ὀστέων ἀποσφακελίσιες αὐτίκα ἐγένοντο καὶ μελασμοὶ, τούτοισι μὲν ταχεῖαι περιῤῥήξιες γίνονται τοῦ σώματος καὶ τὰ ὑποπίπτοντα ταχέως ἀποπίπτει ἤδη τῶν ὀστέων προενδεδωκότων·	ὅς μέν οὖν κατάγνυμι   αὐτίκα γίγνομαι καί μελασμός , οὗτος μέν ταχύς περίρρηξις γίγνομαι ὁ σῶμα καί ὁ ὑποπίπτω ταχύς ἀποπίπτω ἤδη ὁ ὀστέον προενδίδωμι ·
187287	tlg0057.tlg095.1st1K-grc1	οἷσι δὲ ὑγιέων ἐόντων τῶν ὀστέων οἱ μελασμοὶ γίνονται αἱ μὲν σάρκες ταχέως θνήσκουσι καὶ τούτοισι.	ὅς δέ  εἰμί ὁ  ὁ μελασμός γίγνομαι ὁ μέν σάρξ ταχύς ἀποθνῄσκω καί οὗτος .
187288	tlg0057.tlg095.1st1K-grc1	τὰ δὲ ὀστέα βραδέως ἀφίστανται, ᾗ ἂν τὰ ὅρια τοῦ μελασμοῦ γένηται καὶ ἡ ψίλωσις τοῦ ὀστέου.	ὁ δέ ὀστέον βραδύς ἀφίστημι , ὅς ἄν ὁ ὅριος ὁ μελασμός γίγνομαι καί ὁ ψίλωσις ὁ  .
187289	tlg0057.tlg095.1st1K-grc1	Λέλεκται δὲ πολλάκις ἤδη φαύλην ὀνομάζειν ἰατρείαν τὴν ἀντικειμένην τῇ ἀκριβεῖ.	δέ πολλάκις ἤδη  ὀνομάζω ἰατρεία ὁ  ὁ ἀκριβής .
187290	tlg0057.tlg095.1st1K-grc1	Χρὴ δὲ ὅσα ἂν κατωτέρω τοῦ σώματος τῶν ὁρίων τοῦ μελασμοῦ ἔῃ, ταῦτα ὅταν ἤδη πάμπαν τεθνήκῃ καὶ ἀνάλγεα ᾖ, ἀφαιρέειν κατὰ τὸ ἄρθρον προμυθεόμενον ὅκως μὴ τετρώσῃς·	χρή δέ ὅσος ἄν κάτω ὁ σῶμα ὁ ὅριος ὁ μελασμός εἰμί , οὗτος ὅταν ἤδη πάμπαν θνῄσκω καί  εἰμί , ἀφαιρέω κατά ὁ ἄρθρον  ὅπως μή  ·
187291	tlg0057.tlg095.1st1K-grc1	ἢν γὰρ ὀδυνηθῇ ἀποταμνόμενος καὶ μήπω κηρήσῃ τὸ σῶμα τεθνεὸς ταύτῃ ᾗ ἀποτέμνεται, κάρτα κίνδυνος ὑπὸ τῆς ὀδύνης λειποθυμῆσαι.	ἐάν γάρ ὀδυνάω ἀποτέμνω καί μήπω  ὁ σῶμα  οὗτος ὅς ἀποτέμνω , κάρτα κίνδυνος ὑπό ὁ ὀδύνη λιποθυμέω .
187292	tlg0057.tlg095.1st1K-grc1	αἱ δὲ τοιαῦται λειποθυμίαι πολλοὺς παραχρῆμα ἤδη ἀπώλεσαν.	ὁ δέ τοιοῦτος λιποθυμία πολύς παραχρῆμα ἤδη ἀπόλλυμι .
187293	tlg0057.tlg095.1st1K-grc1	μηροῦ μὲν οὖν ὀστέον ψιλωθὲν ἐκ τοιούτου τρόπου ὀγδοηκοσταῖον εἶδον ἀποστάν.	μηρός μέν οὖν ὀστέον ψιλόω ἐκ τοιοῦτος τρόπος  ὁράω  .
187294	tlg0057.tlg095.1st1K-grc1	ἡ μέντοι κνήμη τούτῳ τῷ ἀνθρώπῳ κατὰ τὸ γόνυ ἀφῃρέθη εἰκοσταίη, ἐδόκεε δέ μοι καὶ ἐγγυτέρω.	ὁ μέντοι κνήμη οὗτος ὁ ἄνθρωπος κατά ὁ γόνυ ἀφαιρέω  , δοκέω δέ  καί  .
187295	tlg0057.tlg095.1st1K-grc1	οὐ γὰρ ἅμα, ἀλλ’ ἐπὶ τὸ προμηθέστερον ἔδοξέ μοί τι ποιέειν·	οὐ γάρ ἅμα , ἀλλά ἐπί ὁ προμηθής δοκέω  τις ποιέω ·
187296	tlg0057.tlg095.1st1K-grc1	κνήμης δὲ ὀστέα ἐκ τοιούτου μελασμοῦ μάλα κατὰ μέσην τὴν κνήμην ἐόντα, ἑξηκοσταῖά μοι ἀπέπεσεν, ὅσα ἐψιλώθη αὐτῶν.	κνήμη δέ ὀστέον ἐκ τοιοῦτος μελασμός μάλα κατά μέσος ὁ κνήμη εἰμί ,  ἐγώ ἀποπίπτω , ὅσος ψιλόω αὐτός .
187297	tlg0057.tlg095.1st1K-grc1	διενέγκοι μὲν γὰρ ἄν τι καὶ ἰητρείη ἰητρείης ἐς τὸ θᾶσσόν τε καὶ βραδύτερον τὰ ὀστέα ψιλούμενα ἀποπίπτειν.	διαφέρω μέν γάρ ἄν τις καί  ἰατρεία εἰς ὁ ταχύς τε καί βραδύς ὁ ὀστέον ψιλόω ἀποπίπτω .
187298	tlg0057.tlg095.1st1K-grc1	διενέγκοι δ’ ἄν τι καὶ πίεξις πιέξιος καὶ ἐπὶ τὸ ἰσχυρότερόν τε καὶ ἀσθενέστε ρον καὶ ἐς τὸ θᾶσσόν τε καὶ βραδύτερον ἀπομελανθέντα ἀποθανεῖν τὰ νεῦρα καὶ τὰς σάρκας καὶ τὰς ἀρτηρίας καὶ τὰς φλέβας.	διαφέρω  ἄν τι καί πίεσις  καί ἐπί ὁ  τε καί   καί εἰς ὁ ταχύς τε καί βραδύς ἀπομελαίνομαι ἀποθνῄσκω ὁ νεῦρον καί ὁ σάρξ καί ὁ ἀρτηρία καί ὁ φλέψ .
187299	tlg0057.tlg095.1st1K-grc1	ἐπεὶ ὅσα μὴ ἰσχυρῶς ἀποληφθέντα θνήσκει, ἔνια τῶν τοιουτέων οὐκ ἀφικνέεται ἐς ὀστέων ψιλώματα, ἀλλ’ ἐπιπολαιότερα ἐκπίπτει, ἔνια δὲ οὐδὲ ἐς νεύρων ψιλώματα ἀφικνεῖται, ἀλλ’ ἐπιπολαιότερα ἐκπίπτει, διά γ’ οὖν ταύτας τὰς προφάσιας οὐκ ἔστιν ἓν ὄνομα ἀριθμοῦ τῷ χρόνῳ θέσθαι, ἐν ὁκόσῳ ἕκαστα τούτων κρίνεται.	ἐπεί ὅσος μή ἰσχυρός ἀπολαμβάνω ἀποθνῄσκω , ἔνιοι ὁ  οὐ ἀφικνέομαι εἰς  ψίλωμα , ἀλλά ἐπιπόλαιος ἐκπίπτω ,  δέ οὐδέ εἰς  ψίλωμα ἀφικνέομαι , ἀλλά ἐπιπόλαιος ἐκπίπτω , διά  οὖν οὗτος ὁ πρόφασις οὐ εἰμί  ὄνομα ἀριθμός ὁ χρόνος τίθημι , ἐν  ἕκαστος οὗτος κρίνω .
187300	tlg0057.tlg095.1st1K-grc1	Προειρηκὼς ὅτι μελαινομένων καὶ φθειρομένων τῶν περικειμένων τοῖς ὀστοῖς σαρκῶν ἀναγκαῖόν ἐστι καὶ τοῖς γυμνωθεῖσιν αὐτῶν ὀστοῖς τῷ χρόνῳ ταὐτὸν συμβῆναι καὶ διὰ τοῦτο κελεύσας ἀποκόπτειν αὐτὰ, νῦν συμβουλεύει τὴν ἀφαίρεσιν ποιεῖσθαι, μὴ ψαύοντα τῶν ὑγιῶν, ὅπως μὴ διὰ τὴν ὀδύνην ὁ κάμνων λειποθυμήσας ἰσχυρῶς δυσανακόμιστος γένηται.	ὅτι  καί φθείρω ὁ  ὁ  σάρξ ἀναγκαῖος εἰμί καί ὁ  αὐτός  τῷ χρόνος  συμβαίνω καί διά οὗτος κελεύω ἀποκόπτω αὐτός , νῦν συμβουλεύω ὁ ἀφαίρεσις ποιέω , μή ψαύω ὁ ὑγιής , ὅπως μή διά ὁ ὀδύνη ὁ κάμνω λιποθυμέω ἰσχυρός δυσανακόμιστος γίγνομαι .
187301	tlg0057.tlg095.1st1K-grc1	κατ’ ἄρθρον δὲ μᾶλλον, εἰ οἷόν τε, ποιεῖσθαι κελεύει τὴν ἀφαίρεσιν ἕνεκα τοῦ τάχους.	κατά ἄρθρον δέ μᾶλλον , εἰ  τε , ποιέω κελεύω ὁ ἀφαίρεσις ἕνεκα ὁ τάχος .
187302	tlg0057.tlg095.1st1K-grc1	ἐν μέσοις γὰρ τοῖς κώλοις χρόνος τρίβεται τῶν ὀστέων ἐκκοπτομένων, ἐπὶ δὲ τῶν ἄρθρων ἄνευ τοῦ ψαῦσαι τῶν ὀστῶν, ἀποκόπτεται τὸ πεπονθὸς μέρος τοῦ κώλου.	ἐν μέσος γάρ ὁ  χρόνος τρίβω ὁ   , ἐπί δέ ὁ  ἄνευ ὁ ψαύω ὁ  , ἀποκόπτω ὁ  μέρος ὁ  .
187303	tlg0057.tlg095.1st1K-grc1	Προσδέχεσθαι δὲ μάλα χρὴ τοιαῦτα ἰήματα.	δέ μάλα χρή τοιοῦτος ἴαμα .
187304	tlg0057.tlg095.1st1K-grc1	ἐπιδέειν γὰρ φοβερώτερά ἐστιν ἤ τινι ἰητρεύειν καὶ ἰητρείη πραείη ἀρκέει πᾶσι τοιούτοισι·	γάρ  εἰμί ἤ  ἰατρεύω καί   ἀρκέω πᾶς τοιοῦτος ·
187305	tlg0057.tlg095.1st1K-grc1	αὐτὰ γὰρ ἑωυτὰ κρίνει μόνον·	αὐτός γάρ  κρίνω μόνος ·
187306	tlg0057.tlg095.1st1K-grc1	τῆς τε διαίτης ἐπιμελέεσθαι χρὴ ὡς κατὰ δύναμιν ἀπύρετος ἔῃ.	ὁ τε δίαιτα  χρή ὡς κατά δύναμις ἀπύρετος εἰμί .
187307	tlg0057.tlg095.1st1K-grc1	Οὐ μόνον τῶν καμνόντων ἀεὶ φαίνεται κηδόμενος ὁ Ἱπποκράτης, ἀλλὰ καὶ τῶν ἰατρῶν ὡς ἀνέγκλητοι μὲν ἀεὶ παρὰ τοῖς κάμνουσιν ὦσιν, εὐδοκιμῶσι δὲ τὰ πλεῖστα.	οὐ μόνος ὁ κάμνω ἀεί φαίνω κήδω ὁ Ἱπποκράτης , ἀλλά καί ὁ ἰατρός ὡς ἀνέγκλητος μέν ἀεί παρά ὁ κάμνω εἰμί ,  δέ ὁ πλεῖστος .
187308	tlg0057.tlg095.1st1K-grc1	διὰ τοῦτ’ οὖν ἐπισημαίνεταί τε καὶ διορίζεται τὰ κατὰ φαντασίαν μεγάλα πάθη τῶν κατὰ δύναμιν.	διά  οὖν  τε καί διορίζω ὁ κατά φαντασία μέγας πάθος ὁ κατά δύναμις .
187309	tlg0057.tlg095.1st1K-grc1	ἐπὶ μὲν οὖν τῶν κατὰ δύναμιν ἰσχυρῶν, οὐ μὴν φαινομένων γε τοιούτων, ἀποδιδράσκειν κελεύει.	ἐπί μέν οὖν ὁ κατά δύναμις  , οὐ μήν φαίνω γε τοιοῦτος , ἀποδιδράσκω κελεύω .
187310	tlg0057.tlg095.1st1K-grc1	προΐεσθαι δὲ τὰ κατὰ φαντασίαν μεγάλα, καθάπερ καὶ ταυτὶ τὰ νῦν περὶ ὧν ὁ λόγος.	προΐημι δέ ὁ κατά φαντασία μέγας , καθά καί  ὁ νῦν περί ὅς ὁ λόγος .
187311	tlg0057.tlg095.1st1K-grc1	ὅταν γὰρ ἀκριβῶς τι νεκρωθῇ μέρος, οὐκέτι συμπάθειαν ἰσχυρὰν ἄγει τὰ πλησιάζοντα.	ὅταν γάρ ἀκριβής τις  μέρος , οὐκέτι συμπάθεια ἰσχυρός ἄγω ὁ πλησιάζω .
187312	tlg0057.tlg095.1st1K-grc1	ταῦτ’ οὖν ἐὰν ἀποκόψῃς, τὸν ἐν τῇ χειρουργίᾳ τῆς λειποθυμίας φυλαξάμενος κίνδυνον οὐκέτι οὐδὲν ἀκολουθήσει δυσχερές.	οὖν ἐάν  , ὁ ἐν ὁ χειρουργία ὁ   κίνδυνος οὐκέτι οὐδείς ἀκολουθέω  .
187313	tlg0057.tlg095.1st1K-grc1	Καὶ ἐν σχήμασι δικαίοισιν εὐθετίζειν τὸ σῶμα.	ἐν σχῆμα δίκαιος εὐθετίζω ὁ σῶμα .
187314	tlg0057.tlg095.1st1K-grc1	δίκαια δὲ καὶ ταῦτα μηδὲ μετεωροποιέειν, μηδὲ ἐς τὸ κάτω ῥέπειν, ἀλλὰ μᾶλλον ἐς τὸ ἄνω ποτὶ καὶ ἔστ’ ἂν τελείως περιῤῥαγῇ·	δίκαιος δέ καί οὗτος μηδέ  , μηδέ εἰς ὁ κάτω ῥέπω , ἀλλά μᾶλλον εἰς ὁ ἄνω2  καί  ἐάν τέλειος  ·
187315	tlg0057.tlg095.1st1K-grc1	αἱμοῤῥαγιέων γὰρ ἐν τούτῳ τῷ χρόνῳ κίνδυνος·	γάρ ἐν οὗτος ὁ χρόνος κίνδυνος ·
187316	tlg0057.tlg095.1st1K-grc1	διὰ τοῦτο γοῦν οὐ χρὴ κατάῤῥοπα ποιέειν τὰ τραύματα, ἀλλὰ τἀναντία.	διά οὗτος γοῦν οὐ χρή  ποιέω ὁ τραῦμα , ἀλλά ἐναντίος .
187317	tlg0057.tlg095.1st1K-grc1	Πολλάκις ἤδη μοι λέλεκται τὸ δίκαιον ἐπὶ τοῦ κατὰ δύναμιν ἴσου λέγειν ὁ Ἱπποκράτης.	πολλάκις ἤδη  λέγω ὁ δίκαιος ἐπί ὁ κατά δύναμις ἴσος λέγω ὁ Ἱπποκράτης .
187318	tlg0057.tlg095.1st1K-grc1	ἔστι δὲ τοῦτο ταὐτὸ τῷ κατὰ τὴν ἀξίαν ἑκάστου.	εἰμί δέ οὗτος  τῷ κατά ὁ ἄξιος ἕκαστος .
187319	tlg0057.tlg095.1st1K-grc1	τοιοῦτο δέ τι καὶ τὴν δικαιοσύνην ἴσμεν οὖσαν.	δέ τι καί ὁ δικαιοσύνη οἶδα εἰμί .
187320	tlg0057.tlg095.1st1K-grc1	ὅσον μὲν οὖν ἐπὶ τοῖς μυσὶ δίκαιον σχῆμά ἐστιν, ἐν ᾧ μηδετέρως τείνονται, μήθ’ οἱ κάμπτοντες μήθ’ οἱ ἐκτείνοντες τὸ κῶλον·	ὅσος μέν οὖν ἐπί ὁ  δίκαιος σχῆμα εἰμί , ἐν ὅς μηδέτερος τείνω ,  ὁ κάμπτω  ὁ ἐκτείνω ὁ κῶλον ·
187321	tlg0057.tlg095.1st1K-grc1	ὅσον δ’ ἐπὶ τὸ κάταντες ἢ ἄναντες ἀποθέσθαι τὸ μόριον, ἴσον μὲν ἄν τῳ δόξειε τὸ μέσον ἀναῤῥόπου τε καὶ καταῤῥόπου, τουτέστι τὸ κατ’ εὐθεῖαν γραμμὴν ἐκτεταμένον ἀκριβῶς εἶναι δίκαιον.	ὅσος  ἐπί ὁ  ἤ  ἀποτίθημι ὁ μόριον , ἴσος μέν ἄν  δοκέω ὁ μέσος  τε καί  ,  ὁ κατά εὐθύς γραμμή ἐκτείνω ἀκριβής εἰμί δίκαιος .
187322	tlg0057.tlg095.1st1K-grc1	καὶ ὅταν γε μηδεὶς ᾖ κίνδυνος αἱμοῤῥαγίας, ἐὰν εὐφορώτερον ᾖ τοῦτο τῷ κάμνοντι, προαιρετέον αὐτό·	καί ὅταν γε  εἰμί κίνδυνος  , ἐάν εὔφορος εἰμί οὗτος τῷ κάμνω , προαιρέω  ·
187323	tlg0057.tlg095.1st1K-grc1	καὶ λέλεκταί γε περὶ τούτου μικρὸν ἔμπροσθεν, ἡνίκα περὶ τῶν ἐκβυρσωμένων ὁ λόγος ἦν.	καί  γε περί οὗτος μικρός ἔμπροσθεν ,  περί ὁ  ὁ λόγος εἰμί .
187324	tlg0057.tlg095.1st1K-grc1	νυνὶ δ’ ἐπὶ τῶν ἀποκοπτομένων ὀστῶν, ὥσπερ ἐπὶ τῇ χειρουργίᾳ κίνδυνος, ὡς ἂν ἀλγήσαντα σφοδρῶς τὸν κάμνοντα λειποθυμῆσαι.	νυνί  ἐπί ὁ   , ὥσπερ ἐπί ὁ χειρουργία κίνδυνος , ὡς ἄν ἀλγέω σφοδρός ὁ κάμνω λιποθυμέω .
187325	tlg0057.tlg095.1st1K-grc1	οὕτως μετὰ τὴν χειρουργίαν ἕτερος εἷς κίνδυνός ἐστιν ὁ τῆς αἱμοῤῥαγίας, ὅταν ἀποπέσῃ τὰ σεσηπότα μόρια τοῦ σώματος εἰωθὼς γίνεσθαι.	οὕτως μετά ὁ χειρουργία ἕτερος  κίνδυνος εἰμί ὁ ὁ  , ὅταν ἀποπίπτω ὁ  μόριον ὁ σῶμα εἴωθα γίγνομαι .
187326	tlg0057.tlg095.1st1K-grc1	πρόδηλον δ’ ὅτι τὸ κατάῤῥοπον σχῆμα πρὸς αἱμοῤῥαγίας ἐστὶν ἑτοιμότατον καὶ ὅσον ἐπὶ τὸ φυγεῖν ἀκριβῶς τε ἄμα καὶ ἀσφαλῶς τὸν ἐκ τῆς αἱμοῤῥαγίας κίνδυνον, ἐχρῆν ἀνάῤῥοπον ἀποσχηματίζειν τὸ ἀποκεκομμένον κῶλον, ἀλλ’ ἐπὶ τοῦτ’ ἐπώδυνον τὸ σχῆμα, διὰ τοῦτ’ ἀνάῤῥοπον αὐτὸ μετρίως σχηματίζομεν.	πρόδηλος  ὅτι2 ὁ κατάρροπος σχῆμα πρός  εἰμί ἑτοῖμος καί ὅσος ἐπί ὁ φεύγω ἀκριβής τε  καί ἀσφαλής ὁ ἐκ ὁ  κίνδυνος , χρή   ὁ  κῶλον , ἀλλά ἐπί   ὁ σχῆμα , διά   αὐτός μέτριος  .
187327	tlg0057.tlg095.1st1K-grc1	εὔδηλον δ’ ὅτι καὶ κατ’ αὐτὴν τὴν ῥῆσιν αὐξῆσαι βουλόμενος τὸν λόγον ἐχρήσατο τῇ ποτὶ φωνῇ, ὡς εἰ καὶ οὕτως εἶπε, μηδὲν μετέωρον ποιεῖν μηδὲ ἐς τὸ κάτω ῥέπον, ἀλλὰ μᾶλλον ἄνω καὶ μάλισθ’ ὅταν τελέως περιῤῥαγῇ τὰ σεσηπότα.	εὔδηλος  ὅτι2 καί κατά αὐτός ὁ ῥῆσις αὐξάνω  ὁ λόγος χράομαι ὁ πρός φωνή , ὡς εἰ καί οὕτως λέγω ,  μετέωρος ποιέω μηδέ εἰς ὁ κάτω ῥέπω , ἀλλά μᾶλλον ἄνω2 καί  ὅταν τέλειος  ὁ  .
187328	tlg0057.tlg095.1st1K-grc1	τῶν γὰρ αἱμοῤῥαγιῶν ἐν τούτῳ τῷ χρόνῳ κίνδυνος.	ὁ γάρ αἱμορραγία ἐν οὗτος ὁ χρόνος κίνδυνος .
187329	tlg0057.tlg095.1st1K-grc1	Ἐπεὶ ὅταν γε ὁ χρόνος ἐγγένηται πλείων καὶ καθαρὰ τὰ ἕλκεα γένηται, οὐκέτι ταῦτα τὰ σχήματα ἐπιτήδειά ἐστιν, ἀλλ’ ἡ εὐθεῖα θέσις καὶ ἐνίοτε ἐπὶ τὸ κατάῤῥοπον ῥέποντα·	ὅταν γε ὁ χρόνος  πολύς καί καθαρός ὁ ἕλκος γίγνομαι , οὐκέτι οὗτος ὁ σχῆμα ἐπιτήδειος εἰμί , ἀλλά ὁ εὐθύς θέσις καί ἐνίοτε ἐπί ὁ κατάρροπος ῥέπω ·
187330	tlg0057.tlg095.1st1K-grc1	ἀνὰ χρόνον γὰρ ἐνίοισι τούτων ἀποστάσιες ὀστέου γίνονται καὶ ὑποδεσμίδων δέονται.	ἀνά χρόνος γάρ ἔνιοι οὗτος ἀπόστασις ὀστέον γίγνομαι καί ὑποδεσμίς δέω .
187331	tlg0057.tlg095.1st1K-grc1	Ὥσπερ ὁπόταν τὰς αἱμοῤῥαγίας ἐφυλάττετο τὴν εὐθεῖαν θέσιν τοῦ κώλου, καίτοι μέσην τε καὶ δικαίαν οὖσαν, ἐπὶ τὸ ἀνάῤῥοπον ἦγεν εἰς τοσοῦτον ἄχρι τοῦ χωρὶς ὀδύνης τοῦ κάμνοντος ἀναταθῆναι τὸ κῶλον, οὕτως νῦν ἐνίοτε μετρίως κατάῤῥοπον ἀξιοῖ σχηματίζεσθαι τὸ κῶλον ἕνεκα τῆς ἐκκρίσεως τῶν ἰχώρων.	ὥσπερ ὁπότε ὁ  φυλάσσω ὁ εὐθύς θέσις ὁ κῶλον , καίτοι μέσος τε καί δίκαιος εἰμί , ἐπί ὁ  ἄγω εἰς  ἄχρι ὁ χωρίς ὀδύνη ὁ κάμνω ἀνατείνω ὁ κῶλον , οὕτως νῦν ἐνίοτε μέτριος  ἀξιόω σχηματίζω ὁ κῶλον ἕνεκα ὁ ἔκκρισις ὁ  .
187332	tlg0057.tlg095.1st1K-grc1	ὅπου γὰρ οὔθ’ αἱμοῤῥαγίας ἐστὶ κίνδυνος οὔτε συμπαθείας οὔτε φλεγμονῆς, ἤδη ὄντα καθαρὰ τὰ ἕλκη μόνης ἐπουλώσεως χρήζει, περὶ παντός ἐστι ποιητέον, ὡς μήτε πῦον ὑφίσταται τότε μήτε ἰχώρ τις λεπτὸς, ἀλλ’ ἀποῤῥέει πάντα.	ὅπου γάρ   εἰμί κίνδυνος οὔτε συμπάθεια οὔτε φλεγμονή , ἤδη εἰμί καθαρός ὁ ἕλκος μόνος   , περί πᾶς εἰμί ποιέω , ὡς μήτε  ὑφίστημι τότε μήτε ἰχώρ τις λεπτός , ἀλλά  πᾶς .
187333	tlg0057.tlg095.1st1K-grc1	κολπωθέντος μέντοι τινὸς αὐτόθι μέρους, εἴωθε γὰρ ἐνίοτε καὶ τοῦτο γίγνεσθαι, τῶν ἰχώρων ἀναβιβρωσκόντων ἐκεῖνα τὰ μόρια, ἃ κατ’ ἐκεῖνον τὸν χρόνον ἐν ᾧ διὰ τὸν φόβον τῆς αἱμοῤῥαγίας ἀνάῤῥοπον ἡγούμεθα σχῆμα, χρείας ἕξομεν ὑποδεσμίδων αἷς προστελοῦμεν τὸν κόλπον.	αὐτός μέρος , εἴωθα γάρ ἐνίοτε καί οὗτος γίγνομαι , ὁ   ἐκεῖνος ὁ μόριον , ὅς κατά ἐκεῖνος ὁ χρόνος ἐν ὅς διά ὁ φόβος ὁ    σχῆμα , χρεία ἔχω ὑποδεσμίς ὅς  ὁ κόλπος .
187334	tlg0057.tlg095.1st1K-grc1	ἡ δ’ ἐπίδεσις ἐν τῷ τοιούτῳ καιρῷ κατὰ τὸν ἐναντίον γίνεται τρόπον ἁπάσαις ταῖς ἔμπροσθεν εἰρημέναις.	ὁ  ἐπίδεσις ἐν ὁ τοιοῦτος καιρός κατά ὁ ἐναντίος γίγνομαι τρόπος ἅπας ὁ ἔμπροσθεν  .
187335	tlg0057.tlg095.1st1K-grc1	ἐπ’ ἐκείνων μὲν γὰρ ἐκ τῶν κάτω μερῶν ἀρχόμενοι τελευτῶμεν ἄνω.	ἐπί ἐκεῖνος μέν γάρ ἐκ ὁ κάτω μέρος ἄρχω  ἄνω2 .
187336	tlg0057.tlg095.1st1K-grc1	κατὰ δὲ τὰς νῦν προκειμένας διαθέσεις, ἐφ’ ὦν ἐκκρίνεσθαι βουλόμεθα τὸ πῦον ἄνωθεν, ἀρχομένους ἐπὶ τὰ κάτω χρὴ νέμεσθαι παυομένους ἀνωτέρω βραχεῖ τοῦ κατὰ τὸν κόλπον στόματος, ἵν’ ἐκ μὲν τοῦ πυθμένος αὐτοῦ πᾶν ἐκθλίβηται διὰ τῆς εἰρημένης ἐπιδέσεως, ἀνεῳγμένου δὲ τοῦ στόματος εὐθέως ἐκρέῃ.	κατά δέ ὁ νῦν  διάθεσις , ἐπί  ἐκκρίνω βούλομαι ὁ  ἄνωθεν , ἄρχω ἐπί ὁ κάτω χρή νέμω παύω ἄνω βραχύς ὁ κατά ὁ κόλπος στόμα ,  ἐκ μέν ὁ  αὐτός πᾶς  διά ὁ λέγω  ,  δέ ὁ στόμα εὐθύς ἐκρέω .
187337	tlg0057.tlg095.1st1K-grc1	Προσδέχεσθαι δὲ χρὴ τοὺς τοιούτους ἀνὰ χρόνον ὑπὸ δυσεντερίης πιέζεσθαι·	δέ χρή ὁ τοιοῦτος ἀνά χρόνος ὑπό δυσεντερία πιέζω ·
187338	tlg0057.tlg095.1st1K-grc1	καὶ γὰρ ἐπὶ τοῖς μελαινομένοισι τοῖσι πλείστοισι ἐπιγίνεται δυσεντερίη καὶ ἐπὶ τῇσιν αἱμοῤῥαγίῃσιν ἐξ ἑλκέων.	καί γάρ ἐπί ὁ μελαίνω ὁ πλεῖστος ἐπιγίγνομαι  καί ἐπί ὁ αἱμορραγία ἐκ ἕλκος .
187339	tlg0057.tlg095.1st1K-grc1	ἐπιγίνεται δὲ ὡς ἐπὶ τὸ πολὺ κεκριμένων ἤδη καὶ τῶν μελασμῶν καὶ τῆς αἱμοῤῥαγίης.	ἐπιγίγνομαι δέ ὡς ἐπί ὁ πολύς κρίνω ἤδη καί ὁ  καί ὁ αἱμορραγία .
187340	tlg0057.tlg095.1st1K-grc1	Τὴν τῆς δυσεντερίας προσηγορίαν ἔοικεν ὁ Ἱπποκράτης οὐ κατὰ τῆς τῶν ἐντέρων ἑλκώσεως ἐπιφέρειν, ὡς οἱ πολλοὶ τῶν ἰατρῶν, ἀλλὰ κατὰ τῆς αἱματώδους ἐκκρίσεως διὰ τῶν ἐντέρων γιγνομένης, ὥστε καὶ ὅταν ἀῤῥωστίᾳ τοῦ ἥπατος αἱματώδη διαχωρῆται καὶ τότε ὀνομάζεσθαι δυσεντερίαν τὸ πάθος, ὅπερ καὶ φαίνεται γιγνόμενόν τε καὶ λεγόμενον ὑπὸ τῶν ἰατρῶν.	ὁ δυσεντερία προσηγορία ἔοικα ὁ Ἱπποκράτης οὐ κατά ὁ ὁ  ἕλκωσις ἐπιφέρω , ὡς ὁ πολύς ὁ ἰατρός , ἀλλά κατά ὁ  ἔκκρισις διά ὁ   , ὥστε καί ὅταν  ὁ ἧπαρ αἱματώδης  καί τότε ὀνομάζω δυσεντερία ὁ πάθος , ὅς καί φαίνω  τε καί λέγω ὑπό ὁ ἰατρός .
187341	tlg0057.tlg095.1st1K-grc1	καὶ πολλοὺς ἴστε τῶν οὕτω πεπονθότων ἀπολλυμένους ἀγνοίᾳ τῶν θεραπευόντων.	καί πολύς οἶδα ὁ οὕτως πάσχω ἀπόλλυμι ἄγνοια ὁ θεραπεύω .
187342	tlg0057.tlg095.1st1K-grc1	ἐπεὶ δ’ ἐνίοτε διὰ τὴν τῶν ἐξιόντων δριμύτητα συνεκκρίνηταί τις ἅμα τοῖς διαχωρήμασι κατ’ ἀρχὰς, ἀμελῇ δὲ τοῦ χρόνου προϊόντος ἤδη καὶ τῶν ἐντέρων αὐτῶν ξύσματα διὰ τοῦ θεραπεύειν ὡς ἕλκωσιν ἐντέρων μόνην, οἱ πολλοὶ τῶν ἰατρῶν ἀμελοῦντες τοῦ ἥπατος αἴτιοι θανάτου τοῖς κάμνουσιν ἐγένοντο.	ἐπεί  ἐνίοτε διά ὁ ὁ ἔξειμι δριμύτης  τις ἅμα ὁ διαχώρημα κατά ἀρχή ,  δέ ὁ χρόνος πρόειμι ἤδη καί ὁ  αὐτός ξύσμα διά ὁ θεραπεύω ὡς ἕλκω  μόνος , ὁ πολύς ὁ ἰατρός ἀμελέω ὁ ἧπαρ αἴτιος θάνατος ὁ  γίγνομαι .
187343	tlg0057.tlg095.1st1K-grc1	νόσημα μὲν οὖν ἐστιν ἥ τε τοῦ ἥπατος ἀῤῥωστία καὶ ἡ τῶν ἐντέρων ἕλκωσις.	νόσημα μέν οὖν εἰμί ὁ τε ὁ ἧπαρ  καί ὁ ὁ  ἕλκωσις .
187344	tlg0057.tlg095.1st1K-grc1	κοινὸν δὲ σύμπτωμά ἐστιν ἡ διὰ τῆς ἕδρας ἔκκρισις αἱματώδης οὐ κατὰ τὰς εἰρημένας αἰτίας γιγνομένη·	κοινός δέ  εἰμί ὁ διά ὁ ἕδρα ἔκκρισις  οὐ κατά ὁ λέγω αἰτία  ·
187345	tlg0057.tlg095.1st1K-grc1	καὶ γὰρ διὰ πλῆθος αἵματος ἀναστομουμένων εἰς ἔντερα φλεβῶν αἱματώδη διαχωροῦσιν, ὡς εἶναι τὸ πάθημα παραπλήσιον αἱμοῤῥοΐσι, μόνῳ διαφέρον τῷ κατὰ μὲν τὴν ἕδραν ἐκείνας γίγνεσθαι, κατὰ δὲ τὰς τῶν ἐντέρων ἕλικας ἀναστομοῦσθαι τὰς φλέβας ἐπὶ τούτων ἢ καὶ κατὰ τὸ ἀπευθυσμένον μὲν αὐτὸ, πόῤῥω μέντοι τῆς ἕδρας ἄνω κατὰ τὴν ἀρχὴν αὐτοῦ καὶ πολλοὺς εἴδομεν τοῦτο πάσχοντας ὧν ἀπεκόπη τι κῶλον, ἀλλὰ καὶ ὅσοι κατέλυσαν ἀθρόως ἰσχυρὰ γυμνάσια κατὰ τὸν ἔμπροσθεν χρόνον εἰθισμένα, τινὲς μὲν ἀθλήσαντες, ἔνιοι δὲ σκάπτοντες ἢ τοιοῦτόν τι φιλοπόνως ἐργαζόμενοι·	καί γάρ διά πλῆθος αἷμα ἀναστομόω εἰς ἔντερον  αἱματώδης  , ὡς εἰμί ὁ πάθημα παραπλήσιος  , μόνος διαφέρω τῷ κατά μέν ὁ ἕδρα  γίγνομαι , κατά δέ ὁ ὁ  ἕλιξ2  ὁ φλέψ ἐπί οὗτος ἤ καί κατά ὁ  μέν αὐτός ,   ὁ ἕδρα ἄνω2 κατά ὁ ἀρχή αὐτός καί πολύς ὁράω οὗτος πάσχω ὅς ἀποκόπτω τις κῶλον , ἀλλά καί ὅσος καταλύω ἀθρόος ἰσχυρός γυμνάσιον κατά ὁ ἔμπροσθεν χρόνος ἐθίζω ,  μέν  , ἔνιοι δέ σκάπτω τίη τοιοῦτος τις φιλόπονος  ·
187346	tlg0057.tlg095.1st1K-grc1	ἐὰν γὰρ μὴ συγκαταλύσωσι τοῖς γυμνασίοις καὶ τὸ πλῆθος τῆς ἐδωδῆς, ἣν ὅτ’ ἐπόνουν ἐποιοῦντο, τινὲς μὲν ἐν τάχει πληθωρικοῖς ἁλίσκονται νοσήμασιν, ἔνιοι δὲ εὐτυχέστερον πράξαντες τῷ ὑφ’ Ἱπποκράτους εἰρημένῳ συμπτώματι δυσεντερίας·	ἐάν γάρ μή  ὁ γυμνάσιον καί ὁ πλῆθος ὁ ἐδωδή , ὅς  πονέω ποιέω ,  μέν ἐν τάχος  ἁλίσκομαι νόσημα , ἔνιοι δέ εὐτυχής πράσσω τῷ ὑπό Ἱπποκράτης λέγω σύμπτωμα δυσεντερία ·
187347	tlg0057.tlg095.1st1K-grc1	οὕτω γὰρ ὠνόμασεν, ὡς ἔφην, τὴν διαχώρησιν τοῦ αἵματος.	οὕτως γάρ ὀνομάζω , ὡς φημί , ὁ διαχώρησις ὁ αἷμα .
187348	tlg0057.tlg095.1st1K-grc1	ἐνίους δὲ ἤδη οἶδα τῇ διὰ ῥινῶν αἱμοῤῥαγίᾳ σωζομένους, ἄλλους δὲ ἁλισκομένους χολέρᾳ, καὶ γίνεται πᾶσιν αἷμα ἐκ περιόδου τοῦ πάμπαν, ἴσως ὡς ἔγγιστα τῷ χρόνῳ τὰ τοιαῦτα συμπτώματα.	ἔνιοι δέ ἤδη οἶδα ὁ διά ῥίς  σῴζω , ἄλλος δέ   , καί γίγνομαι πᾶς αἷμα ἐκ  ὁ πάμπαν , ἴσος ὡς ἐγγίων ὁ χρόνος ὁ τοιοῦτος σύμπτωμα .
187349	tlg0057.tlg095.1st1K-grc1	κακωθέντες γὰρ ἐπὶ ταῖς ἀθρόαις κενώσεσι καὶ καταψυχθέντες οὐ προσέχουσι τῇ μετὰ ταῦτα διαίτῃ.	κακόω γάρ ἐπί ὁ ἀθρόος κένωσις καί  οὐ προσέχω ὁ μετά οὗτος διαιτάω .
187350	tlg0057.tlg095.1st1K-grc1	πάλιν δ’ ἀφυλάκτως διαιτώμενοι πάλιν πλῆθος ἀθροίζουσιν ἴσον τῷ πρόσθεν ἐν ἴσῳ χρόνῳ.	πάλιν  ἀφύλακτος διαιτάω πάλιν πλῆθος ἀθροίζω ἴσος τῷ πρόσθεν ἐν  χρόνος .
187351	tlg0057.tlg095.1st1K-grc1	κοινὴν οὖν αἰτίαν ἁπάντων τῶν οὕτω πασχόντων ἐροῦμεν εἶναι πληθώραν ἐκκενουμένην διὰ φλεβῶν ἀναστομώσεως ἢ κατὰ ῥῖνας ἢ καθ’ ἕδραν ἢ κατ’ ἔντερα γινομένης.	κοινός οὖν αἰτία ἅπας ὁ οὕτως πάσχω ἐρέω εἰμί πληθώρη ἐκκενόω διά   τίη κατά ῥίς ἤ κατά ἕδρα τίη κατά ἔντερον  .
187352	tlg0057.tlg095.1st1K-grc1	αὐτὴν δὲ τὴν πληθώραν ἀθροίζεσθαι τοῖς ἐσθίουσι μὲν, ὡς ἔμπροσθεν ἤσθιον δαψιλῶς, μὴ δαπανοῦσι δὲ τὸ ἐκ τῆς τροφῆς ἀθροιζόμενον αἷμα.	αὐτός δέ ὁ πληθώρη ἀθροίζω ὁ ἐσθίω μέν , ὡς ἔμπροσθεν ἐσθίω δαψιλής , μή  δέ ὁ ἐκ ὁ τροφή ἀθροίζω αἷμα .
187353	tlg0057.tlg095.1st1K-grc1	τούτῳ τῷ λόγῳ κοινῷ πάντων ὄντι τῶν οὕτω πασχόντων ὑποπέπτωκε καὶ τὰ ὑφ’ Ἱπποκράτους εἰρημένα.	οὗτος ὁ λόγος κοινός πᾶς εἰμί ὁ οὕτως πάσχω ὑποπίπτω καί ὁ ὑπό Ἱπποκράτης λέγω .
187354	tlg0057.tlg095.1st1K-grc1	οἶς γὰρ ἀπεκόπη τι κῶλον ἡ πρότερον εἰς αὐτὸ παραγενομένη τροφὴ κατὰ τὰς φλέβας ἀθροιζομένη πλῆθος αἵματος ἐργάζεται.	ὄις γάρ ἀποκόπτω τι κῶλον ὁ πρότερος εἰς αὐτός  τροφή κατά ὁ φλέψ  πλῆθος αἷμα ἐργάζομαι .
187355	tlg0057.tlg095.1st1K-grc1	συμβουλεύειν δὲ χρὴ τοῖς τοιούτοις ἅπασιν ἐλάττωτ’ ἐσθίειν ἢ πρόσθεν, ὀλιγότροφά τε ταῦτα εἶναι καὶ συνεχῶς ὑπάγειν γαστέρα, γυμνάζεσθαί τε καθόσον ἂν δύναιντο καὶ τρίβεσθαι πλείω καὶ μὴ λούεσθαι μετὰ τροφὴν, ἀλλὰ πρὸ τροφῆς πολλάκις.	συμβουλεύω δέ χρή ὁ τοιοῦτος ἅπας ἐλάσσων τ’ ἐσθίω τίη πρόσθεν ,  τε οὗτος εἰμί καί συνεχής ὑπάγω γαστήρ ,  τε  ἄν  καί τρίβω πολύς καί μή λούω μετά τροφή , ἀλλά πρό τροφή πολλάκις .
187356	tlg0057.tlg095.1st1K-grc1	εἰ δὲ καὶ διαφορητικοῖς ὕδασιν ἔχοιεν χρῆσθαι, κάλλιστα οὕτω πράττοιεν.	εἰ δέ καί  ὕδωρ ἔχω χράω2 , κάλλιστα οὕτως πράσσω .
187357	tlg0057.tlg095.1st1K-grc1	ταῦτα μὲν οὖν εἴρηταί μοι κατὰ τὸ πάρεργον οὐκ ὄντα πάρεργα.	οὗτος μέν οὖν εἴρω  κατά ὁ  οὐ εἰμί πάρεργος .
187358	tlg0057.tlg095.1st1K-grc1	διὰ τί δὲ καὶ τῶν αἱμοῤῥαγησάντων ἰσχυρῶς ἐνίοις ἐπιγίγνεται μετά τινα χρόνον ἡ τοιαύτη δυσεντερία, προσθεῖναι χρὴ τῷ λόγῳ·	διά τίς δέ καί ὁ  ἰσχυρός  ἐπιγίγνομαι μετά τις χρόνος ὁ τοιοῦτος δυσεντερία , προστίθημι χρή τῷ λόγος ·
187359	tlg0057.tlg095.1st1K-grc1	συμβαίνει δὴ καὶ τούτοις τοιοῦτον, ἐπὶ ταῖς σφοδραῖς αἱμοῤῥαγίαις καταψύχεται τὸ σῶμα καὶ διὰ τοῦθ’ ἧττον ἢ πρόσθεν ἐκκενοῦται διὰ τοῦ δέρματος.	συμβαίνω δή καί οὗτος τοιοῦτος , ἐπί ὁ σφοδρός  καταψύχω ὁ σῶμα καί διά  ἥσσων τίη πρόσθεν ἐκκενόω διά ὁ δέρμα .
187360	tlg0057.tlg095.1st1K-grc1	ὑπομένον δὲ ἐν τῷ σώματι τὸ μὴ κενούμενον αὐξάνει τὸ πλῆθος τοῦ αἵματος, ἐφ’ ᾧ καθότι δέδεικται πρόσθεν αἵ τε χολέραι καὶ αἱ διὰ ῥινῶν αἱμοῤῥαγίαι καὶ αἱματώδεις δυσεντερίαι γίγνονται·	δέ ἐν ὁ σῶμα ὁ μή κενόω αὐξάνω ὁ πλῆθος ὁ αἷμα , ἐπί ὅς  δείκνυμι πρόσθεν ὁ τε  καί ὁ διά ῥίς  καί αἱματώδης  γίγνομαι ·
187361	tlg0057.tlg095.1st1K-grc1	καὶ γὰρ οὕτως αὐτὰς ὀνομάζω ἕνεκα σαφοῦς διδασκαλίας.	καί γάρ οὕτως αὐτός ὀνομάζω ἕνεκα σαφής διδασκαλία .
187362	tlg0057.tlg095.1st1K-grc1	ἕπονται δ’, ὡς ἔφην, αἵματος πλήθει διὰ ῥώμην μᾶλλον οὐκ ἀῤῥωστίαν ἐπὶ τὴν ἔκκρισιν αὐτοῦ τῆς φύσεως ὁρμώσης ἔμπαλιν ἢ ἐπὶ τῶν ἡπατικῶν ἔχει διαθέσεων.	, ὡς φημί , αἷμα πλῆθος διά ῥώμη μᾶλλον οὐ  ἐπί ὁ ἔκκρισις αὐτός ὁ φύσις ὁρμάω ἔμπαλιν τίη ἐπί ὁ  ἔχω διάθεσις .
187363	tlg0057.tlg095.1st1K-grc1	ἐν ἐκείναις γὰρ ἀῤῥωστία τοῦ ἥπατος αἱματώδη δι’ ἐντέρων ὑπέρχεται.	ἐν  γάρ  ὁ   διά  ὑπέρχομαι .
187364	tlg0057.tlg095.1st1K-grc1	ἐὰν μὲν ἤτοι δι’ αἱμοῤῥοΐδων ἢ διὰ τῶν εἰς ἔντερα καθηκουσῶν φλεβῶν ἢ διὰ τῶν εἰς τὰς ῥῖνας ἡ φύσις ἰσχύσῃ τὸ περιττὸν ἐκκρῖναι, σὺν εὐτυχίᾳ τοῦ πληθωριῶντος ἡ κένωσις ἐγένετο·	μέν ἤτοι διά αἱμορροΐς τίη διά ὁ εἰς ἔντερον καθήκω  τίη διά ὁ εἰς ὁ ῥίς ὁ φύσις ἰσχύω ὁ περισσός  , σύν εὐτυχία ὁ  ὁ κένωσις γίγνομαι ·
187365	tlg0057.tlg095.1st1K-grc1	μὴ δεξαμένων δὲ τῶν ἐνταῦθα χωρίων τὸ πλῆθος, ἀλλ’ ἐπὶ θώρακα καὶ πνεύμονα ῥυέντος αὐτοῦ, χαλεπὸν ἤδη τὸ πάθημα.	μή  δέ ὁ ἐνταῦθα χωρίον ὁ πλῆθος , ἀλλά ἐπί θώραξ καί πλεύμων ῥέω αὐτός , χαλεπός ἤδη ὁ πάθημα .
187366	tlg0057.tlg095.1st1K-grc1	δυοῖν γὰρ θάτερον περιπλευμονίαις τε καὶ πλευρίτισιν ἢ ἀναγωγαῖς αἵματος οἱ τοιοῦτοι περιπίπτουσι.	γάρ ἕτερος  τε καί  ἤ ἀναγωγή αἷμα ὁ τοιοῦτος περιπίπτω .
187367	tlg0057.tlg095.1st1K-grc1	Καὶ ὁρμᾶται μὲν λαύρως καὶ ἰσχυρῶς, ἀτὰρ οὔτε πολυήμερος γίνεται οὔτε θανατώδης, οὔτε γὰρ μάλα ἀπόσιτοι γίνονται οἱ τοιοῦτοι οὔτε ἄλλως ξυμφέρει κενεαγγέειν.	καί ὁρμάω μέν  καί ἰσχυρός ,  οὔτε πολυήμερος γίγνομαι οὔτε  , οὔτε γάρ μάλα ἀπόσιτος γίγνομαι ὁ τοιοῦτος οὔτε ἄλλος συμφέρω κενεαγγέω .
187368	tlg0057.tlg095.1st1K-grc1	Οὐχ ὡς ἱστορίαν γράφων τῶν συμβαινόντων τοῖς οὕτω κάμνουσιν, ὥσπερ ὁ Θουκυδίδης, ἡνίκα διηγεῖται τὸν λοιμὸν, ἀλλ’ ἕνεκα διορισμοῦ τῶν ἐφ’ ἑτέραις αἰτίαις γιγνομένων δυσεντεριῶν, ταῦτα προσέθηκεν ὁ Ἱπποκράτης, ὥστ’ εἰ μὴ καὶ τῆς προκειμένης πραγματείας ἴδιός ἐστιν ὁ λόγος, οὐδὲν χεῖρον αὐτὸν ἐξεργάσασθαι παμπόλλων ἰατρῶν ἀδυνατούντων διακρῖναι τὰς διαθέσεις, ἐφ’ αἷς ἐκκρίσεις αἵματος γίγνονται.	οὐ ὡς ἱστορία γράφω ὁ συμβαίνω ὁ οὕτως κάμνω , ὥσπερ ὁ Θουκυδίδης , ἡνίκα διηγέομαι ὁ λοιμός , ἀλλά ἕνεκα διόρισις ὁ ἐπί ἕτερος αἰτία   , οὗτος προστίθημι ὁ Ἱπποκράτης ,  εἰ μή καί ὁ  πραγματεία ἴδιος εἰμί ὁ λόγος ,  χείρων αὐτός ἐξεργάζομαι  ἰατρός ἀδυνατέω διακρίνω ὁ διάθεσις , ἐπί ὅς  αἷμα γίγνομαι .
187369	tlg0057.tlg095.1st1K-grc1	νομίζουσι γοῦν ἔνιοι πάσας αὐτὰς ἑλκώσεσιν ἐντέρων ἕπεσθαι, μεγάλως σφαλλόμενοι.	νομίζω γοῦν ἔνιοι πᾶς αὐτός    , μέγας σφάλλω .
187370	tlg0057.tlg095.1st1K-grc1	ἡ μὲν οὖν ἀπὸ τῶν αἱμοῤῥοΐδων ἔκκρισις οὐδ’ αὐτοὺς τοὺς κάμνοντας λανθάνει.	ὁ μέν οὖν ἀπό ὁ  ἔκκρισις  αὐτός ὁ κάμνω λανθάνω .
187371	tlg0057.tlg095.1st1K-grc1	τῶν δ’ ἄνωθεν ἐπὶ τὴν ἕδραν ἀφικνουμένων αἱματωδῶν ἔνια μὲν εὐθὺς ἐξ ἀρχῆς ἥκει, τινὰ δὲ προηγήσατό τι τοιοῦτον, εἰ ἐξαίφνης διαχωρήσειεν αἷμα πολὺ, γιγνώσκειν ἀναστόμωσιν ἀγγείου γεγονέναι τῆς φύσεως τὸ βαρῦνον αὐτὴν ἀποκρινούσης.	ὁ  ἄνωθεν ἐπί ὁ ἕδρα   ἔνιοι μέν εὐθύς ἐκ ἀρχή ἥκω ,  δέ  τι  , εἰ ἐξαίφνης  αἷμα πολύς , γιγνώσκω   γίγνομαι ὁ φύσις ὁ  αὐτός  .
187372	tlg0057.tlg095.1st1K-grc1	ἐκ τούτου τοῦ γένους ἐστὶ καὶ ἡ νῦν ὑφ’ Ἱπποκράτους εἰρημένη δυσεντερία λάβρως ὁρμᾶται καὶ ταχέως παύεται, μετὰ τοῦ μηδ’ ἀνορέκτους τοὺς κάμνοντας ἰσχυρῶς γίγνεσθαι, καθάπερ ὅταν ἥπατος ἀῤῥωστοῦντος ἐκκρίσεις ἕπονται τοιαῦται.	ἐκ οὗτος ὁ γένος εἰμί καί ὁ νῦν ὑπό Ἱπποκράτης λέγω δυσεντερία λάβρος ὁρμάω καί ταχύς παύω , μετά ὁ   ὁ κάμνω ἰσχυρός γίγνομαι , καθά ὅταν ἥπατος    τοιοῦτος .
187373	tlg0057.tlg095.1st1K-grc1	σπανιώτερον μὲν οὖν ἡπατικὴ διάθεσις ἀπὸ τοιαύτης ἄρχεται κενώσεως.	σπάνιος μέν οὖν  διάθεσις ἀπό τοιοῦτος ἄρχω κένωσις .
187374	tlg0057.tlg095.1st1K-grc1	ὡς τὸ πολὺ γὰρ οἷον κρεῶν πλύμα ἰχῶρες αἵματος λεπτὸν ἐκκρίνονται κατ’ ἀρχὰς αὐτοῖς.	ὡς ὁ πολύς γάρ οἷος κρέας πλύμα  αἷμα λεπτός  κατά ἀρχή αὐτός .
187375	tlg0057.tlg095.1st1K-grc1	ἄρχεται μὲν οὖν ἐνίοτε καὶ σὺν ἀθρόᾳ κενώσει τοῦ αἵματος, ὅταν ποτὲ συνέλθῃ πληθωρικὴ διάθεσις ἀῤῥωστίᾳ τοῦ σπλάγχνου.	ἄρχω μέν οὖν ἐνίοτε καί σύν  κενόω ὁ αἷμα , ὅταν ποτε συνέρχομαι  διάθεσις  ὁ  .
187376	tlg0057.tlg095.1st1K-grc1	μετὰ δὲ τὴν ἀρχὴν ὁποτέρως ἂν γενομένη ἅμα τῷ καὶ ἀνορεκτεῖν ἐσχάτως αὐτοὺς ἐκκρίνεται, ποτὲ μὲν αἷμα καθαρὸν οὐ πολὺ, ποτὲ δὲ καὶ μετὰ χολῆς ξανθῆς ἅμα ταῖς τῶν ἐντέρων ἀποξυομέναις πιμελαῖς, εἶτά που καὶ μετὰ ταῦτα καὶ οἷον τρὺξ αἵματος, ἡνίκα δὴ κακῶς ἔχει τὸ σπλάγχνον, παχύς.	μετά δέ ὁ ἀρχή ὁπότερος ἄν γίγνομαι ἅμα τῷ καί  ἔσχατος αὐτός ἐκκρίνω , ποτε μέν αἷμα καθαρός οὐ πολύς , ποτε δέ καί μετά χολή ξανθός ἅμα ὁ ὁ    ,  που καί μετά οὗτος καί οἷος  αἷμα ,  δή κακός ἔχω ὁ σπλάγχνον , παχύς .
187377	tlg0057.tlg095.1st1K-grc1	ἐπὶ δὲ ταῖς τοιαύταις ἐκκρίσεσι καὶ μάλισθ’ ὅταν ἔχωσί τι καὶ χολῆς αὐτῶν τῶν ἐντέρων συνεκκρίνεται τὰ μόρια τὰ καλούμενα ξύσματα ἐπιπολῆς αὐτῶν ἀποξυούσης τῆς δριμύτητος τῶν ἐντέρων διαχωρουμένων·	ἐπί δέ ὁ τοιοῦτος  καί  ὅταν  τι καί χολή αὐτός ὁ   ὁ μόριον ὁ καλέω ξύσμα  αὐτός  ὁ δριμύτης ὁ   ·
187378	tlg0057.tlg095.1st1K-grc1	ἐπὶ μὲν οὖν τῶν τοιούτων λεπτοτάτης διαίτης ἐστὶ χρεία, τοῖς δὲ τὸ πλεονάζον ἐκκρίνουσιν αἷμα, βέλτιόν ἐστι διδόναι τροφὴν σύμμετρον ἐῤῥωμένου τοῦ ἥπατος καὶ κρατεῖν αὐτῆς δυναμένου.	ἐπί μέν οὖν ὁ τοιοῦτος  δίαιτα εἰμί χρεία , ὁ δέ ὁ  ἐκκρίνω αἷμα ,  εἰμί δίδωμι τροφή σύμμετρος  ὁ ἧπαρ καί κρατέω αὐτός  .
187379	tlg0057.tlg095.1st1K-grc1	Μηροῦ δὲ ὀλίσθημα κατ’ ἰσχίον ὧδε χρὴ ἐμβάλλειν, ἢν ἐς τὸ εἴσω μέρος ὠλισθήκῃ.	μηρός δέ ὀλίσθημα κατά ἰσχίον ὧδε χρή ἐμβάλλω , ἐάν εἰς ὁ εἴσω μέρος  .
187380	tlg0057.tlg095.1st1K-grc1	Κατεγνώκασιν Ἱπποκράτους ἐπεμβαλεῖν τὸ κατ’ ἰσχίον ἄρθρον, ὡς ἂν ἐκπίπτον αὐτίκα πρῶτος μὲν Κτησίας ὁ Κνίδιος συγγενὴς αὐτοῦ·	Ἱπποκράτης ἐπεμβάλλω ὁ κατά ἰσχίον  , ὡς ἄν  αὐτίκα πρῶτος μέν Κτησίας ὁ  συγγενής αὐτός ·
187381	tlg0057.tlg095.1st1K-grc1	καὶ γὰρ αὐτὸς ἦν Ἀσκληπιάδης τὸ γένος, ἐφεξῆς δὲ Κτησίου καὶ ἄλλοι τινές.	καί γάρ αὐτός εἰμί Ἀσκληπιάδης ὁ γένος , ἐφεξῆς δέ Κτησίας καί ἄλλος τις .
187382	tlg0057.tlg095.1st1K-grc1	διττῆς οὖν οὔσης κρίσεως ἁπάντων τῶν τοιούτων πραγμάτων τῆς μὲν ἑτέρας, ὅταν αὐτόπτης τις γένηται τοῦ ζητουμένου, τῆς δ’ ἑτέρας ὅταν ἐκ τῆς φύσεως αὐτοῦ μὴ περιμένων μακρὰν πεῖραν ἐνδεικτικῶς ἀποφαίνηταί τι, καὶ ἡμεῖς ἀμφοτέρας ποιησόμεθα.	οὖν εἰμί κρίσις ἅπας ὁ τοιοῦτος πρᾶγμα ὁ μέν ἕτερος , ὅταν αὐτόπτης τις γίγνομαι ὁ ζητέω , ὁ  ἕτερος ὅταν ἐκ ὁ φύσις αὐτός μή  μακράν πεῖρα   τις , καί  ἀμφότερος  .
187383	tlg0057.tlg095.1st1K-grc1	τὸ μὲν οὖν τῆς φύσεως τοῦ πράγματος ἐστὶ τοιόνδε.	ὁ μέν οὖν ὁ φύσις ὁ πρᾶγμα εἰμί τοιόσδε .
187384	tlg0057.tlg095.1st1K-grc1	κατὰ τὴν διάρθρωσιν ταύτην ἰσχυρότατός ἐστι σύνδεσμος, στρογγύλος, ἐγκατακεκρυμμένος αὐτῇ, συνάπτων τὴν κορυφὴν τῆς κεφαλῆς τοῦ μηροῦ τῷ βαθυτάτῳ τε καὶ κοιλοτάτῳ μέρει τῆς κοτύλης, ὥστε καὶ μὴ τεθέαταί τις τὸν κίνδυνον, ἀλλ’ ἐκ ταύτης γε τῆς διηγήσεως ἀκόλουθον αὐτὸ νοῆσαι βραχὺν εἶναι κατὰ μῆκος αὐτὸν, ὅπου ὁ μηρὸς ἐνστρέφεται ἀεὶ, καθάπερ ὁ Ἱπποκράτης εἶπεν·	κατά ὁ διάρθρωσις οὗτος  εἰμί σύνδεσμος , στρογγύλος ,  αὐτός , συνάπτω ὁ κορυφή ὁ κεφαλή ὁ μηρός ὁ  τε καί κοῖλος μέρος ὁ κοτύλη , ὥστε καί μή  τις ὁ κίνδυνος , ἀλλά ἐκ οὗτος γε ὁ διήγησις  αὐτός νοέω  εἰμί κατά μῆκος αὐτός , ὅπου ὁ μηρός ἐνστρέφω ἀεί , καθά ὁ Ἱπποκράτης λέγω ·
187385	tlg0057.tlg095.1st1K-grc1	Ἰσχίῳ ἐνστρέφεται.	ἐνστρέφω .
187386	tlg0057.tlg095.1st1K-grc1	μηδέποτ’ ἐκτὸς ὑπερβαίνων τὴν ὀφρὺν τῆς κοτύλης ἀναγκαῖον ἐλάχιστον εἶναι τῷ μήκει τὸν σύνδεσμον.	ἐκτός ὑπερβαίνω ὁ ὀφρῦς ὁ κοτύλη ἀναγκαῖον ἐλάχιστος εἰμί τῷ μῆκος ὁ σύνδεσμος .
187387	tlg0057.tlg095.1st1K-grc1	οὗτος οὖν αὐτός ἐστιν ὁ κωλύων ἐκπίπτειν τὸν μηρὸν, ἄχρι περ ἂν ἔχῃ κατὰ φύσιν.	οὗτος οὖν αὐτός εἰμί ὁ κωλύω ἐκπίπτω ὁ μηρός , ἄχρι περ ἄν ἔχω κατά φύσις .
187388	tlg0057.tlg095.1st1K-grc1	ἐγχωρεῖ δ’ αὐτὸν οὐκ ἀποῤῥαγέντα μόνον, ἀλλὰ καὶ δι’ ὑγρότητα πολλὴν ἀθροισθεῖσαν ἐν τῇ κοιλότητι παρὰ φύσιν ἔκτασιν τοσαύτην σχεῖν, ὡς ἐπιτρέψαι ποτὲ ἐκπεσεῖν τῆς κατὰ φύσιν ἕδρας τὸν μηρόν.	ἐγχωρέω  αὐτός οὐ  μόνος , ἀλλά καί διά ὑγρότης πολύς  ἐν ὁ κοιλότης παρά φύσις ἔκτασις τοσοῦτος ἔχω , ὡς ἐπιτρέπω ποτε ἐκπίπτω ὁ κατά φύσις ἕδρα ὁ μηρός .
187389	tlg0057.tlg095.1st1K-grc1	εἰ μὲν οὖν ἀποῤῥαγέντος τοῦ συνδέσμου τὸν μηρὸν ἐππεσεῖν συμβαίνει, κἂν ἐμβληθῇ, παραχρῆμα εἶναι κατὰ χώραν οὐ δυνήσεται.	εἰ μέν οὖν  ὁ σύνδεσμος ὁ μηρός  συμβαίνω , ἐάν ἐμβάλλω , παραχρῆμα εἰμί κατά χώρα οὐ δύναμαι .
187390	tlg0057.tlg095.1st1K-grc1	καταντοῦς γὰρ οὔσης τῆς κοτύλης καὶ μεγάλου βάρους αὐτῆς ἐκκεκραμένου τοῦ παντὸς σκέλους, ἑτοίμως αὖθις ὁ μηρὸς ἐκστήσεται τῆς ἰδίας χώρας, ἥτις ἐν τῷ βαδίζειν ἐγχειρῆσαι βραχὺ θᾶττον ἢ ὑπερβῆναί τι τῶν ἐν ποσὶν, ὡς εἴ γέ τις ὀλίγην αὐτοῦ ποιοῖτο κίνησιν ἐφ’ ὁμαλοῦ ἐδάφους, ἀεί ποτε δύναιτ’ ἂν οὕτω μόνος φυλάξαι τὴν κατὰ φύσιν θέσιν·	γάρ εἰμί ὁ κοτύλη καί μέγας βᾶρος αὐτός  ὁ πᾶς σκέλος , ἑτοῖμος αὖθις ὁ μηρός  ὁ ἴδιος χώρα , ὅστις ἐν τῷ βαδίζω ἐγχειρέω βραχύς ταχύς ἤ  τι ὁ ἐν πούς , ὡς εἰ γε τις ὀλίγος αὐτός  κίνησις ἐπί ὁμαλός ἔδαφος , ἀεί ποτε  ἄν οὕτως μόνος φυλάσσω ὁ κατά φύσις θέσις ·
187391	tlg0057.tlg095.1st1K-grc1	ἀλλ’ ἔοικεν ἀδύνατον τοῦτο.	ἀλλά ἔοικα ἀδύνατος οὗτος .
187392	tlg0057.tlg095.1st1K-grc1	καὶ γὰρ εἰ μηδὲν ἄλλο δυνάμενός γε πάντως ἐπαίρειν ἀναγκασθήσεται, ὡς ἐν ταῖς εἰς πτύελον ἐμβάσεσιν.	καί γάρ εἰ  ἄλλος  γε πᾶς ἐπαίρω  , ὡς ἐν ὁ εἰς   .
187393	tlg0057.tlg095.1st1K-grc1	οὕτως μὲν οὖν ἡ φύσις τοῦ πράγματος ἡμᾶς διδάσκει, μὴ δύνασθαι μεῖναι κατὰ χώραν τὸν μηρὸν ἐμβληθέντα τοῦ συνδέσμου διασπασθέντος·	οὕτως μέν οὖν ὁ φύσις ὁ πρᾶγμα ἐγώ διδάσκω , μή δύναμαι μένω κατά χώρα ὁ μηρός ἐμβάλλω ὁ   ·
187394	tlg0057.tlg095.1st1K-grc1	καὶ γὰρ αὖ κἀκεῖνο προσθεὶς ἄν τις ἀληθεύοι, τῇ μὲν κατὰ τὸ γόνυ διαρθρώσει σύνδεσμοί τινὲς εἰσιν ἔξωθεν νευρώδεις, τῷ μηρῷ δὲ μόνῳ εἶς οὗτος οὐδενὸς ἔξωθεν ἄλλου τοιούτου σφίγγοντος τὴν διάρθρωσιν, οὔτε τῶν μυῶν·	καί γάρ αὖ   ἄν τις ἀληθεύω , ὁ μέν κατά ὁ γόνυ διαρθρόω   εἰμί ἔξωθεν  , τῷ  δέ μόνος εἶμι οὗτος οὐδείς ἔξωθεν ἄλλος τοιοῦτος  ὁ διάρθρωσις , οὔτε ὁ μῦς ·
187395	tlg0057.tlg095.1st1K-grc1	οὐδὲ γὰρ οὐδὲ παρὰ τούτων ὀλίγη τίς ἐστι βοήθεια πρὸς τὸ μὴ ῥᾳδίως ἐκπίπτειν τὰ ἄρθρα καὶ μάλισθ’ ὅταν ὦσιν εὐτραφεῖς τε καὶ σύντονοι, καθάπερ οὔτε τοῖς γυμναστικοῖς καὶ τοῖς σφοδροτάτας ἴσχουσι κατὰ τὰ παλαίσματα πληγάς τε καὶ πτώσεις καὶ τάσεις καὶ περιστροφὰς τῶν ἄρθρων οὐκ ἐκπίπτει τὰ κῶλα, διὰ τὸ πάντοθεν ἰσχυροῖς καὶ μεγάλοις σφίγγεσθαι μυσίν.	οὐδέ γάρ οὐδέ παρά οὗτος ὀλίγος τις εἰμί βοήθεια πρός ὁ μή ῥᾴδιος ἐκπίπτω ὁ ἄρθρον καί  ὅταν εἰμί εὐτραφής τε καί σύντονος , καθά οὔτε ὁ  καί ὁ σφοδρός ἴσχω κατά ὁ πάλαισμα πληγή τε καί πτῶσις καί τάσις καί  ὁ ἄρθρον οὐ ἐκπίπτω ὁ κῶλον , διά ὁ πᾶς  καί μέγας   .
187396	tlg0057.tlg095.1st1K-grc1	εἶπε δὲ καὶ αὐτὸς ὁ Ἱπποκράτης κατ’ ἀρχὰς τοῦδε τοῦ βιβλίου καὶ τοῖς βουσὶ μάλιστα ἐκπίπτειν τὸ κατ’ ἰσχίον ἄρθρον, ὅταν ὦσι γέροντές τε καὶ λεπτοὶ διαῤῥαγέντος τοῦ κατὰ τὸν μηρὸν συνδέσμου, μένειν οὐχ οἷόν τε τῷ ἄρθρῳ κατὰ χώραν, κἂν ἐμβληθῇ καὶ μάλιστα ἐπὶ τῶν ἰσχνῶν.	λέγω δέ καί αὐτός ὁ Ἱπποκράτης κατά ἀρχή ὅδε ὁ  καί ὁ  μάλιστα ἐκπίπτω ὁ κατά ἰσχίον ἄρθρον , ὅταν εἰμί γέρων τε καί λεπτός  ὁ κατά ὁ μηρός σύνδεσμος , μένω οὐ  τε τῷ  κατά χώρα , ἐάν ἐμβάλλω καί μάλιστα ἐπί ὁ ἰσχνός .
187397	tlg0057.tlg095.1st1K-grc1	ἐφεξῆς οὖν ἴδωμεν, εἰ δι’ ὑγρότητα δαψιλῆ χαλασθεὶς ὁ σύνδεσμος ἐπιτρέψοιεν ἐκπεσεῖν τῷ μηρῷ, κἄπειτα ἐμβληθείη, τί συμβαίνειν εἰκός.	ἐφεξῆς οὖν ὁράω , εἰ διά ὑγρότης δαψιλής  ὁ σύνδεσμος  ἐκπίπτω ὁ  ,  ἐμβάλλω , τι συμβαίνω ἔοικα .
187398	tlg0057.tlg095.1st1K-grc1	ἐμοὶ μὲν δοκεῖ κἀνταῦθα πρόδηλον εἶναι, μενούσης μὲν αὐτῆς τῆς ὑγρότητος αὖθις ὡς αὐτὸς ἐκπέσῃ, ξηρανθείσης δὲ τὴν κατὰ φύσιν ἀσφάλειαν ἀπολήψεσθαι.	μέν δοκέω ἐνταῦθα πρόδηλος εἰμί , μένω μέν αὐτός ὁ ὑγρότης αὖθις ὡς αὐτός ἐκπίπτω ,  δέ ὁ κατά φύσις ἀσφάλεια  .
187399	tlg0057.tlg095.1st1K-grc1	ὅτι δὲ δι’ ὑγρότητα συμβαίνει τὸν μηρὸν ἔξαρθρον γίγνεσθαι καὶ παρ’ αὐτοῦ τοῦ Ἱπποκράτους μαθήσῃ γράφοντος ἐν ἀφορισμοῖς ὧδε·	ὅτι2 δέ διά ὑγρότης συμβαίνω ὁ   γίγνομαι καί παρά αὐτός ὁ Ἱπποκράτης  γράφω ἐν  ὧδε ·
187400	tlg0057.tlg095.1st1K-grc1	ὅσοις ὑπὸ ἰσχιάδος ἐνοχλουμένοις ἐξίσταται τὸ ἰσχίον καὶ πάλιν ἐμπίπτει, τούτοισι μύξα ἐπιγίγνεται.	ὅσος ὑπό ἰσχιάς ἐνοχλέω ἐξίστημι ὁ ἰσχίον καί πάλιν ἐμπίπτω , οὗτος  ἐπιγίγνομαι .
187401	tlg0057.tlg095.1st1K-grc1	μύξης οὖν ἀθροιζομένης ἐν τῇ διαρθρώσει, τουτέστιν ὑγρῷ γλίσχρῳ διαβρεχόμενος ὁ σύνδεσμος χαλᾶται.	μύξα οὖν ἀθροίζω ἐν ὁ διαρθρόω ,  ὑγρός   ὁ σύνδεσμος χαλάω .
187402	tlg0057.tlg095.1st1K-grc1	διαφέρει δ’ οὐδὲν εἴτε σύνδεσμον ὀνομάζειν αὐτὸν, εἴτε νεῦρον συνδετικόν.	διαφέρω   εἴτε σύνδεσμος ὀνομάζω αὐτός , εἴτε   .
187403	tlg0057.tlg095.1st1K-grc1	ὅσοι γὰρ τῶν συνδέσμων εἰσὶ στρογγύλοι κατὰ νεύρων ἰδέαν, ἔθος ἐστὶ τοῖς ἀνατομικοῖς νεῦρα συνδετικὰ προσαγορεύειν αὐτούς·	ὅσος γάρ ὁ σύνδεσμος εἰμί στρογγύλος κατά νεῦρον  , ἔθος εἰμί ὁ ἀνατομικός νευρά  προσαγορεύω αὐτός ·
187404	tlg0057.tlg095.1st1K-grc1	καὶ ἡμεῖς ἰασάμεθα δὶς ἤδη τοιαύτην ἔκπτωσιν μηροῦ καὶ οὐκέτι ἐξέπεσε τοῦ λοιποῦ χρόνου.	καί   δίς ἤδη τοιοῦτος  μηρός καί οὐκέτι ἐκπίπτω ὁ λοιπός χρόνος .
187405	tlg0057.tlg095.1st1K-grc1	προσήκει δὲ μέχρι πολλοῦ ξηραίνουσι φαρμάκοις περιλαμβάνειν τὴν διάρθρωσιν ἄχρις ἂν αὐτάρκως ξηρανθῆναι τὸ συνδετικὸν νεῦρον, ὡς μηκέτι συνεπεκτείνεσθαι τῷ μηρῷ τὴν ὀφρὺν τῆς κοτύλης ὑπερβαίνοντι, κατέχειν δὲ ἔνδον αὐτὸν ἐν τῇ κατὰ φύσιν θέσει.	προσήκω δέ μέχρι πολύς ξηραίνω  περιλαμβάνω ὁ διάρθρωσις ἄχρι ἄν αὐτάρκης  ὁ   , ὡς μηκέτι  τῷ  ὁ ὀφρῦς ὁ κοτύλη  , κατέχω δέ ἔνδον αὐτός ἐν ὁ κατά φύσις θέσις .
187406	tlg0057.tlg095.1st1K-grc1	ὅτι δ’ ἐνίοτε μένει βληθεὶς μάρτυς ἀξιοπιστότατος ὁ Ταραντῖνος Ἡρακλείδης ἀνὴρ οὔθ’ ἕνεκα δόγματος κατασκευῆς ψευσάμενος, ὡς ἂν οἱ πολλοὶ τῶν δογματικῶν ἐποίησαν, οὔτ’ ἀγύμναστος περὶ τὴν τέχνην, ἀλλ’ εἴπερ τις καὶ ἄλλος ἱκανῶς τρίβων τῶν ἔργων τῆς ἰατρικῆς.	ὅτι2  ἐνίοτε μένω βάλλω μάρτυς ἀξιόπιστος ὁ  Ἡρακλείδης ἀνήρ  ἕνεκα δόγμα κατασκευή ψεύδω , ὡς ἄν ὁ πολύς ὁ δογματικός ποιέω ,  ἀγύμναστος περί ὁ τέχνη , ἀλλά εἴπερ τις καί ἄλλος ἱκανός τρίβω ὁ ἔργον ὁ ἰατρικός .
187407	tlg0057.tlg095.1st1K-grc1	ἀκούσωμεν δ’ αὐτοῦ τῆς ῥήσεως, ἥν ἔγραψεν ἐν τῷ τετάρτῳ τῶν ἐκτὸς θεραπευτικῶν, αὐτοῖς ὀνόμασιν οὕτως ἐχούσης.	ἀκούω  αὐτός ὁ  , ὅς γράφω ἐν ὁ τέταρτος ὁ ἐκτός  , αὐτός ὄνομα οὕτως ἔχω .
187408	tlg0057.tlg095.1st1K-grc1	ὅσοι δὲ οἴονται μὴ μένειν μηρὸν ἐμβληθέντα διὰ τὸ μὴ διασπᾶσθαι τὸ συνέχον νεῦρον πρὸς τὴν κοτύλην τοῦ ἰσχίου τὸν μηρὸν, ἀγνοοῦσιν ἐν τῷ καθόλου τρόπῳ τὴν ἀπόφασιν ποιούμενοι.	ὅσος δέ οἴομαι μή μένω μηρός ἐμβάλλω διά ὁ μή διασπάω ὁ συνόχωκα  πρός ὁ κοτύλη ὁ  ὁ μηρός , ἀγνοέω ἐν τῷ καθόλου τρόπος ὁ ἀπόφασις ποιέω .
187409	tlg0057.tlg095.1st1K-grc1	οὐ γὰρ ἂν Ἱπποκράτης καὶ Διοκλῆς ἀνέγραψαν ἐμβολὰς, ἔτι δὲ Φιλότιμος, Εὐήνωρ, Νηλεὺς, Μόλπις, Νυμφόδωρος, ἄλλοι δέ τινες.	οὐ γάρ ἄν Ἱπποκράτης καί Διοκλέης ἀναγράφω ἐμβολή , ἔτι δέ Φιλότιμος ,  , Νηλεύς ,  , Νυμφόδωρος , ἄλλος δέ τις .
187410	tlg0057.tlg095.1st1K-grc1	ἡμεῖς δ’ ἐπὶ δύο παιδίων ἐκρατήσαμεν τῆς προθέσεως.	ἐπί γε παιδίον κρατέω ὁ πρόθεσις .
187411	tlg0057.tlg095.1st1K-grc1	πολλάκις τοί γε καὶ μᾶλλον ἐπὶ τῶν τελείων ὀλισθαίνει πάλιν τὸ ἄρθρον.	πολλάκις ὁ γε καί μᾶλλον ἐπί ὁ τέλειος  πάλιν ὁ ἄρθρον .
187412	tlg0057.tlg095.1st1K-grc1	οὐκ ἐκ λόγου δὲ δεῖ τὸ πρᾶγμα κρίνειν, ἀλλ’ ἐπειδή ποτε καὶ μένει, διαλαμβάνειν μὴ διὰ παντὸς ἀποσπασμὸν γίνεσθαι τοῦ νεύρου, ἀλλὰ καὶ ἀποχαλᾶσθαι καὶ συστρέφεσθαι πάλιν, ἐπειδὰν τοῦ ζητεῖν ἐστι χρήσιμον, ἀλλ’ οὐ παντελῶς κοινόν.	οὐ ἐκ λόγος δέ δέω ὁ πρᾶγμα κρίνω , ἀλλά ἐπεί ποτε καί μένω , διαλαμβάνω μή διά πᾶς  γίγνομαι ὁ  , ἀλλά καί  καί συστρέφω πάλιν , ἐπεί ὁ ζητέω εἰμί χρήσιμος , ἀλλά οὐ παντελής κοινός .
187413	tlg0057.tlg095.1st1K-grc1	ἐπὶ τῷ τέλει τῆς ῥήσεως ὁ Ταραντῖνος τοῦτο προσέγραψε φυλάττων τὴν ἑαυτοῦ προαίρεσιν ἐμπειρικὴν οὖσαν.	ἐπί τῷ τέλος ὁ  ὁ  οὗτος προσγράφω φυλάσσω ὁ ἑαυτοῦ προαίρεσις ἐμπειρικός εἰμί .
187414	tlg0057.tlg095.1st1K-grc1	ἔστι δ’ αὐτῶν ἡ προαίρεσις ὅσα φανερῶς ὦπται καὶ τὸ χρήσιμον ἤδη πρὸς τὴν τέχνην ἔχομεν ἐξ αὐτῶν εἰπεῖν, ἄχρηστον ἐπὶ τούτων εἶναι τὴν τῆς αἰτίας ζήτησιν, ἀλλὰ καὶ μετὰ τὸν Ἡρακλείδην ἄλλοι πολλοὶ τῶν νεωτέρων γεγράφασιν ἐμβληθέντα μηρὸν ὑπ’ αὐτῶν ἄχρι παντὸς μεμενηκέναι.	εἰμί  αὐτός ὁ προαίρεσις ὅσος φανερός ὁράω καί ὁ χρήσιμος ἤδη πρός ὁ τέχνη ἔχω ἐκ αὐτός λέγω , ἄχρηστος ἐπί οὗτος εἰμί ὁ ὁ αἰτία ζήτησις , ἀλλά καί μετά ὁ Ἡρακλείδης ἄλλος πολύς ὁ νεώτερος γράφω ἐμβάλλω μηρός ὑπό αὐτός ἄχρι πᾶς  .
187415	tlg0057.tlg095.1st1K-grc1	Ἀγαθὴ μὲν ἥδε καὶ δικαίη καὶ κατὰ φύσιν ἡ ἐμβολὴ καὶ δή τι καὶ ἀγωνιστικὸν ἔχουσα ὅστις γε τοῖσι τοιούτοισιν ἥδεται κομψευόμενος.	μέν ὅδε καί  καί κατά φύσις ὁ ἐμβολή καί δή τις καί ἀγωνιστικός ἔχω ὅστις γε ὁ τοιοῦτος ἥδομαι κομψεύω .
187416	tlg0057.tlg095.1st1K-grc1	κρεμάσαι χρὴ τὸν ἄνθρωπον τῶν ποδῶν πρὸς μεσόδμην δεσμῷ δυνατῷ, μαλθακῷ δὲ καὶ πλάτος ἔχοντι, τοὺς δὲ πόδας ἔχειν χρὴ, ὅσον τέσσαρας δακτύλους ἀπ’ ἀλλήλων ἢ καὶ ἔλασσον·	κρεμάννυμι χρή ὁ ἄνθρωπος ὁ πούς πρός μεσόδμη δεσμός δυνατός ,  δέ καί πλάτος ἔχω , ὁ δέ πούς ἔχω χρή , ὅσος τέσσαρες  ἀπό ἀλλήλων τίη καί ἐλάσσων ·
187417	tlg0057.tlg095.1st1K-grc1	χρὴ δὲ καὶ ἐπάνωθεν τῶν ἐπιγουνίδων προσπεριβεβλῆσθαι πλατεῖ ἱμάντι καὶ μαλθακῷ ἀνατείνοντι ἐς τὴν μεσόδμην.	χρή δέ καί ἐπάνωθεν ὁ ἐπιγουνίς προσπεριβάλλω  ἱμάς καί μαλθακός ἀνατείνω εἰς ὁ μεσόδμη .
187418	tlg0057.tlg095.1st1K-grc1	Τὸ χαριέντως τι πανουργεῖν εἰώθασιν οἱ Ἀττικοὶ κομψεύεσθαι λέγειν, ὅπερ καὶ νῦν σημαίνει παρὰ τῷ Ἱπποκράτει τὸ κομψευόμενος.	χαρίεις τι πανουργέω εἴωθα ὁ  κομψεύω λέγω , ὅς καί νῦν σημαίνω παρά τῷ Ἱπποκράτης ὁ κομψεύω .
187419	tlg0057.tlg095.1st1K-grc1	καὶ γὰρ καὶ πρόσθεν εἷπεν ἐπὶ τῶν τῆς κλίμακος κατακλίσεων, ὡς ἐκχαυνοῦν τὸν πολὺν ὄχλον ἐπιτηδεύοντές τινες ἐπ’ αὐτὴν ἥκουσιν, ἀλλ’ ὅμως κἀκείνην ἔγραψεν, ἐπεὶ καὶ καλῶς αὐτῇ χρωμένους ἑώρα τοὺς καθ’ ἑαυτὸν ἰατρούς.	καί γάρ καί πρόσθεν λέγω ἐπί ὁ ὁ κλῖμαξ  , ὡς ἐκχαυνόω ὁ πολύς ὄχλος  τις ἐπί αὐτός ἥκω , ἀλλά ὅμως ἐκεῖνος γράφω , ἐπεί καί καλός αὐτός χράω2 ὁράω ὁ κατά ἑαυτοῦ ἰατρός .
187420	tlg0057.tlg095.1st1K-grc1	οὕτως οὖν καὶ νῦν ὡς ἄν τις κάλλιστα διὰ κλίμακος κατατείνας ἐμβάλλοι μηρὸν ἐβουλήθη διδάξαι.	οὕτως οὖν καί νῦν ὡς ἄν τις καλός διά κλῖμαξ κατατείνω ἐμβάλλω μηρός βούλομαι διδάσκω .
187421	tlg0057.tlg095.1st1K-grc1	ἴσως δ’ ἄν ποτε καὶ χρησαίμεθα αὐτῇ μὴ παρόντος τοῦ βάθρου, περὶ οὖ μετὰ ταῦτα ἐρεῖ.	ἴσος  ἄν ποτε καί χράομαι αὐτός μή πάρειμι ὁ  , περί  μετά οὗτος λέγω .
187422	tlg0057.tlg095.1st1K-grc1	κελεύει τοιγαροῦν ἐπὶ κλίμακος τὸν θεραπευόμενον δήσαντας ἱμᾶσιν κρεμάσαι τὴν κλίμακα πρὸς μεσόδμην ἀνατείναντας.	κελεύω  ἐπί κλῖμαξ ὁ θεραπεύω δέω  κρεμάννυμι ὁ κλῖμαξ πρός μεσόδμη ἀνατείνω .
187423	tlg0057.tlg095.1st1K-grc1	οὕτως δὲ ὀνομάζεται τὸ μέγα ξύλον ἀπὸ τοῦ ἑτέρου τοίχου πρὸς τὸν ἕτερον διῆκον, ἔν τε τοῖς τῶν πανδοχείων οἴκοις τοῖς μεγάλοις ἐν οἶς ἱστᾶσι τὰ κτήνη καὶ κατ’ ἀγρὸν ὁμοίως ἐν τοῖς γεωργικοῖς οἴκοις.	οὕτως δέ ὀνομάζω ὁ μέγας ξύλον ἀπό ὁ ἕτερος τοῖχος πρός ὁ ἕτερος  , ἐν τε ὁ ὁ  οἶκος ὁ μέγας ἐν ὄις  ὁ κτῆνος καί κατά ἀγρός ὅμοιος ἐν ὁ γεωργικός οἶκος .
187424	tlg0057.tlg095.1st1K-grc1	βούλεται δὲ τοὺς μὲν πόδας ἄνω πρὸς τὴν μεσόδμην ἐστράφθαι, τοῦ κατατεινομένου δὲ τὴν κεφαλὴν οὐ πολὺ τῆς γῆς ἀπέχειν, ἄλλως τε δυνηθῆναι τὸν ἐμβάλλοντα τὸ ἄρθρον ὀρθὸν παρεστῶτα ταῖς ἑαυτοῦ χερσὶ χρῆσθαι πρὸς τὴν ἐμβολὴν, ὡς ἐφεξῆς διδάσκει.	βούλομαι δέ ὁ μέν πούς ἄνω2 πρός ὁ μεσόδμη στράπτω , ὁ κατατείνω δέ ὁ κεφαλή οὐ πολύς ὁ γῆ ἀπέχω , ἄλλος τε δύναμαι ὁ ἐμβάλλω ὁ ἄρθρον ὀρθός παρίστημι ὁ ἑαυτοῦ χείρ χράω2 πρός ὁ ἐμβολή , ὡς ἐφεξῆς διδάσκω .
187425	tlg0057.tlg095.1st1K-grc1	Τὸ δὲ σκέλος τὸ σιναρὸν τετάσθαι χρὴ, ὡς δύο δακτύλοισι μᾶλλον τοῦ ἑτέρου.	δέ σκέλος ὁ σιναρός τείνω χρή , ὡς γε δάκτυλος μᾶλλον ὁ ἕτερος .
187426	tlg0057.tlg095.1st1K-grc1	ἀπὸ δὲ τῆς γῆς τὴν κεφαλὴν ἀπεχέτω, ὡς δύο πήχεας ἢ ὀλίγῳ πλέον ἢ ἔλασσον.	ἀπό δέ ὁ γῆ ὁ κεφαλή ἀπέχω , ὡς γε  ἤ ὀλίγος πολύς ἤ ἐλάσσων .
187427	tlg0057.tlg095.1st1K-grc1	τὰς δὲ χεῖρας παρατεταμένας παρὰ τὰς πλευρὰς προσδεδεμένος ἔστω μαλθακῷ τινι.	ὁ δέ χείρ παρατείνω παρά ὁ πλευρά προσδέω εἰμί μαλθακός  .
187428	tlg0057.tlg095.1st1K-grc1	πάντα δὲ ταῦτα ὑπτίῳ κατακειμένῳ κατασκευασθήτω ὡς ὅτε ἐλάχιστον χρόνον κρεμάσηται·	πᾶς δέ οὗτος  κατάκειμαι κατασκευάζω ὡς ὅτε ἐλάχιστος χρόνος  ·
187429	tlg0057.tlg095.1st1K-grc1	ὅταν δὲ κρεμασθῇ ἄνδρα, χρὴ εὐπαίδευτον καὶ μὴ ἀσθενέα ἐνείραντα τὸν πῆχυν μεσηγὺ τῶν μηρῶν.	ὅταν δέ κρεμάννυμι ἀνήρ , χρή εὐπαίδευτος καί μή ἀσθενής ἐνείρω ὁ πῆχυς  ὁ μηρός .
187430	tlg0057.tlg095.1st1K-grc1	Τοὺς μὲν δεσμοὺς ὅπως προσήκει περιβαλεῖν οἶς εἶπε μέρεσι τοῦ σώματος, ἐδήλωσε σαφῶς.	μέν δεσμός ὅπως προσήκω περιβάλλω  λέγω μέρος ὁ σῶμα , δηλόω σαφής .
187431	tlg0057.tlg095.1st1K-grc1	ἰσχυροτέρους μέντοι κελεύει καὶ μαλθακοὺς ἀνατείνοντας εἶναι τοὺς κατὰ τὸ πεπονθὸς σκέλος εἰκότως.	μέντοι κελεύω καί μαλθακός ἀνατείνω εἰμί ὁ κατά ὁ πάσχω σκέλος εἰκός .
187432	tlg0057.tlg095.1st1K-grc1	ὅλη γὰρ ἡ κατάτασις ἕνεκα τῆς ἐκείνου θεραπείας γίγνεται κατὰ τὸν κοινὸν ἁπάντων τῶν ἐμβαλλομένων λόγον.	ὅλος γάρ ὁ κατάτασις ἕνεκα ὁ ἐκεῖνος θεραπεία γίγνομαι κατά ὁ κοινός ἅπας ὁ ἐμβάλλω λόγος .
187433	tlg0057.tlg095.1st1K-grc1	ἐπειδὴ γὰρ ἡ κεφαλὴ τοῦ μηροῦ τῆς κοτύλης ἐκπεσοῦσα πρὸς τὴν ἐκτὸς χώραν ἧκεν ὑπὸ τῶν ἐνταῦθα μυῶν ἀνασπασθεῖσα.	ἐπεί γάρ ὁ κεφαλή ὁ μηρός ὁ κοτύλη  πρός ὁ ἐκτός χώρα ἵημι ὑπό ὁ ἐνταῦθα μῦς  .
187434	tlg0057.tlg095.1st1K-grc1	προσήκει δήπου πρότερον εἰς τὸ κάτω μέρος αὐτὴν ἀγαγεῖν ἅμα τῷ μηρῷ δηλονότι, κἄπειθ’ οὕτως ἀπῶσαι πρὸς τὴν ἐκτὸς χώραν, εἶτα ἐπειδὰν κατ’ εὐθὺ γένηται τῆς κοτύλης ἤτοι τοῖς μυσὶν ἐπιτρέψαι μόνοις τοὐντεῦθεν ἢ καὶ συνεπωθεῖν αὐτόν.	προσήκω   εἰς ὁ κάτω μέρος αὐτός ἄγω ἅμα τῷ μηρός  ,  οὕτως ἀπωθέω πρός ὁ ἐκτός χώρα , εἶτα ἐπεί κατά εὐθύς γίγνομαι ὁ κοτύλη ἤτοι ὁ μῦς ἐπιτρέπω μόνος ἐντεῦθεν ἤ καί  αὐτός .
187435	tlg0057.tlg095.1st1K-grc1	εἴρηται δὲ ἤδη πολλάκις ὡς οἱ μύες ἅπαντες ἐπὶ τὰς ἑαυτῶν κεφαλάς ἀνασπᾶσθαι πεφύκασι.	λέγω δέ ἤδη πολλάκις ὡς ὁ μῦς ἅπας ἐπί ὁ ἑαυτοῦ κεφαλή ἀνασπάω φύω .
187436	tlg0057.tlg095.1st1K-grc1	συνανασπῶσιν οὖν δηλονότι καὶ τὸν μηρὸν ἑαυτοῖς, ἀνασπώμενος δ’ ἐμβήσεται τῇ κοτύλῃ τοῦ ἰσχίου κατὰ τὴν κεφαλὴν αὐτοῦ.	οὖν  καί ὁ μηρός ἑαυτοῦ ,    ὁ κοτύλη ὁ  κατά ὁ κεφαλή αὐτός .
187437	tlg0057.tlg095.1st1K-grc1	Εἶτα θέσθαι τὸν πῆχυν μεσηγὺ τοῦ περιναίου καὶ τῆς κεφαλῆς τοῦ μηροῦ ἐξεστηκυίης, ἔπειτα συνάψαντα τὴν ἑτέρην χεῖρα πρὸς τὴν διῃρημένην παραστάντα ὀρθὸν παρὰ τὸ σῶμα τοῦ κρεμαμένου ἐξαπίνης ἐκκρεμασθέντα, μετέωρον αἰωρηθῆναι ὡς ἰσοῤῥοπώτατον.	εἶτα τίθημι ὁ πῆχυς  ὁ  καί ὁ κεφαλή ὁ μηρός  , ἔπειτα συνάπτω ὁ ἕτερος χείρ πρός ὁ διαιρέω  ὀρθός παρά ὁ σῶμα ὁ κρεμάννυμι ἐξαίφνης ἐκκρεμάννυμι ,  αἰωρέω ὡς  .
187438	tlg0057.tlg095.1st1K-grc1	αὕτη δὲ ἡ ἐμβολὴ παρέχεται πάντα ὅσα χρὴ κατὰ φύσιν.	οὗτος δέ ὁ ἐμβολή παρέχω πᾶς ὅσος χρή κατά φύσις .
187439	tlg0057.tlg095.1st1K-grc1	αὐτό τε γὰρ τὸ σῶμα κρεμάμενον τῷ ἑωυτοῦ βάρει κατάτασιν ποιέεται, ὅ τε ἐκκρεμασθεὶς ἅμα μὲν τῇ κατατάσει ἀναγκάζει ὑπεραιωρεῖσθαι τὴν κεφαλὴν τοῦ μηροῦ ὑπὲρ τῆς κοτύλης, ἅμα δὲ τῷ ὀστέῳ τοῦ πήχεος ἀπομοχλεύειν καὶ ἀναγκάζειν εἰς τὴν ἀρχαίην φύσιν ὀλισθαίνειν.	τε γάρ ὁ σῶμα κρεμάννυμι τῷ ἑαυτοῦ  κατάτασις ποιέω , ὁ τε ἐκκρεμάννυμι ἅμα μέν ὁ κατάτασις ἀναγκάζω ὑπεραιωρέομαι ὁ κεφαλή ὁ μηρός ὑπέρ ὁ κοτύλη , ἅμα δέ τῷ  ὁ   καί ἀναγκάζω εἰς ὁ ἀρχαῖος φύσις  .
187440	tlg0057.tlg095.1st1K-grc1	χρὴ δὲ παγκάλως μὲν τοῖσι δεσμοῖσιν ἐσκευάσθαι, φρονέοντα δὲ ὡς ἰσχυρότατον τὸν ἐξαιωρούμενον εἷναι.	χρή δέ πάγκαλος μέν ὁ δεσμός σκευάζω , φρονέω δέ ὡς ἰσχυρός ὁ ἐξαιωρέομαι ἵημι .
187441	tlg0057.tlg095.1st1K-grc1	ὡς μὲν οὖν καὶ πρόσθεν εἴρηται, μέγα τὸ διαφέρον ἐστὶ τῶν φυσίων τοῖσιν ἀνθρώποισιν ἐς τὸ εὐέμβλητα εἶναι καὶ δυσέμβλητα καὶ διότι μέγα διαφέρει, εἴρηται πρόσθεν ἐν τοῖς περὶ ὤμου.	ὡς μέν οὖν καί πρόσθεν λέγω , μέγας ὁ διαφέρω εἰμί ὁ  ὁ ἄνθρωπος εἰς ὁ  εἰμί καί  καί διότι  διαφέρω , λέγω πρόσθεν ἐν ὁ περί ὦμος .
187442	tlg0057.tlg095.1st1K-grc1	Πλιχάδα μὲν ὀνομάζειν εἴωθεν ἅπαν τὸ μεταξὺ τῶν βουβώνων ἑκατέρου σκέλους.	μέν ὀνομάζω  ἅπας ὁ  ὁ βουβών ἑκάτερος  .
187443	tlg0057.tlg095.1st1K-grc1	ἐν ταύτῃ δὲ τῇ πλιχάδι τὸ μέσον προσαγορεύει περίναιον, ὅπερ ἀπὸ τῆς ἐκφύσεως αἰδοίου καθήκει πρὸς τὴν ἕδραν.	ἐν οὗτος δέ ὁ  ὁ μέσος προσαγορεύω  , ὅς ἀπό ὁ ἔκφυσις   πρός ὁ ἕδρα .
187444	tlg0057.tlg095.1st1K-grc1	ἐν αὐτῷ δὲ καὶ τῆς κύστεως ὁ τράχηλος τέτακται·	ἐν αὐτός δέ καί ὁ κύστις ὁ  τάσσω ·
187445	tlg0057.tlg095.1st1K-grc1	μεταξὺ δὲ τούτου γε κατὰ τὸ μῆκος ἐν τῇ πλιχάδι μέσῃ καὶ τῆς τοῦ μηροῦ κεφαλῆς ἀξιοῖ θέντα τὸν πῆχυν ἐπισυζεύξαντά τε τὴν ἑτέραν χεῖρα, καθότι σαφῶς αὐτὸς ἔγραψεν ἐκκρεμασθῆναι τὸν εἰς τὸ κάτω μέλλοντα τὴν κεφαλὴν ἐπισπάσαι τοῦ μηροῦ.	μεταξύ δέ οὗτος γε κατά ὁ μῆκος ἐν ὁ  μέσος καί ὁ ὁ μηρός κεφαλή ἀξιόω  ὁ πῆχυς  τε ὁ ἕτερος χείρ ,  σαφής αὐτός γράφω  ὁ εἰς ὁ κάτω μέλλω ὁ κεφαλή ἐπισπάω ὁ μηρός .
187446	tlg0057.tlg095.1st1K-grc1	γενήσεται δὲ οὐ τοῦτο μόνον, ἀλλὰ καὶ μοχλεία πρὸς τὴν εἰς τὸ ἔξω μετάστασιν τοῦ ἄρθρου, χάριν τοῦ κατ’ εὐθὺ γενέσθαι τῆς κοτύλης τοῦ ἰσχίου τὴν κεφαλὴν τοῦ μηροῦ.	γίγνομαι δέ οὐ οὗτος μόνος , ἀλλά καί  πρός ὁ εἰς ὁ ἔξω μετάστασις ὁ  , χάριν ὁ κατά εὐθύς γίγνομαι ὁ κοτύλη ὁ  ὁ κεφαλή ὁ μηρός .
187447	tlg0057.tlg095.1st1K-grc1	Ἐνίοισι γὰρ ὁ μηρὸς ἐμπίπτει ἀπ’ οὐδεμιῆς παρασκευῆς, ἀλλ’ ὀλίγης μὲν κατατάσιος, ὅσον τῇσι χερσὶ κατιθῦναι, βραχείης δὲ κιγκλίσιος.	γάρ ὁ μηρός ἐμπίπτω ἀπό οὐδείς παρασκευή , ἀλλά ὀλίγος μέν  , ὅσος ὁ χείρ κατιθύνω , βραχύς δέ  .
187448	tlg0057.tlg095.1st1K-grc1	Ὥσπερ ἐν τοῖς ἔμπροσθεν ἀῤῥενικῶς εἶπε κιγκλισμὸν, οὕτω νῦν κίγκλισιν θηλυκῶς τὴν ἐπὶ βραχὺ γιγνομένην διακίνησιν.	ὥσπερ ἐν ὁ ἔμπροσθεν  λέγω  , οὕτως νῦν  θηλυκός ὁ ἐπί βραχύς   .
187449	tlg0057.tlg095.1st1K-grc1	αὐτὸς γὰρ τὸ διακινῆσαι ῥῆμα κατὰ τῆς βραχείας κινήσεως, ἧσπερ μέμνηκε γράφων ἐμβολὴν ἐξηρθρηκυίας γένυος.	αὐτός γάρ ὁ  ῥῆμα κατά ὁ βραχύς κίνησις ,   γράφω ἐμβολή   .
187450	tlg0057.tlg095.1st1K-grc1	Πολλοῖσι δὲ συγκάμψασι τὸ σκέλος κατὰ τὸ ἄρθρον ἐνέπεσεν ἤδη ἀμφίσφαλσιν ποιησάμενον·	δέ  ὁ σκέλος κατά ὁ ἄρθρον ἐμπίπτω ἤδη ἀμφίσφαλσις  ·
187451	tlg0057.tlg095.1st1K-grc1	ἀλλὰ γὰρ τὰ πολὺ πλείω οὐκ ἐνακούει τῆς τυχούσης παρασκευῆς.	ἀλλά γάρ ὁ πολύς πολύς οὐ ἐνακούω ὁ τυγχάνω παρασκευή .
187452	tlg0057.tlg095.1st1K-grc1	διὰ τοῦτο ἐπίστασθαι μὲν χρὴ τὰ κράτιστα περὶ ἑκάστου ἐν πάσῃ τῇ τέχνῃ, χρέεσθαι δὲ οἶσιν ἂν δόξη ἑκάστοτε.	διά οὗτος ἐφίστημι μέν χρή ὁ κράτιστος περί ἕκαστος ἐν πᾶς ὁ τέχνη , χράομαι δέ  ἐάν  ἑκάστοτε .
187453	tlg0057.tlg095.1st1K-grc1	εἴρηνται μὲν οὖν τρόποι κατατασίων καὶ ἐν τοῖσιν ἔμπροσθεν γεγραμμένοισιν, ὥστε χρέεσθαι τούτων ὅστις ἂν παρατύχῃ.	λέγω μέν οὖν τρόπος  καί ἐν ὁ   , ὥστε χράομαι οὗτος ὅστις ἄν παρατυγχάνω .
187454	tlg0057.tlg095.1st1K-grc1	δεῖ γὰρ ἀντικατατετάσθαι ἰσχυρῶς ἐπὶ θάτερα μὲν τοῦ σκέλεος, ἐπὶ θάτερα δὲ τοῖ σώματος.	δέω γάρ  ἰσχυρός ἐπί ἕτερος μέν ὁ σκέλος , ἐπί ἕτερος δέ  σῶμα .
187455	tlg0057.tlg095.1st1K-grc1	ἢν γὰρ εὖ καταταθῇ, ὑπεραιωρηθήσεται ἡ κεφαλὴ τοῦ μηροῦ ὑπὲρ τῆς ἀρχαίης ἕδρης·	ἐάν γάρ εὖ κατατείνω ,  ὁ κεφαλή ὁ μηρός ὑπέρ ὁ ἀρχαῖος ἕδρα ·
187456	tlg0057.tlg095.1st1K-grc1	καὶ ἢν μὲν ὑπεραιωρηθῇ οὕτως, οὐδὲ κωλῦσαι ἔτι ῥηΐδιον ἵζεσθαι αὐτὴν ἐς τὴν ἑωυτῆς ἕδρην, ὥστε ἤδη πᾶσα ἀρκέει μόχλευσίς τε καὶ κατόρθωσις.	καί ἐάν μέν  οὕτως , οὐδέ κωλύω ἔτι ῥᾴδιος ἵζω αὐτός εἰς ὁ ἑαυτοῦ ἕδρα , ὥστε ἤδη πᾶς ἀρκέω μόχλευσις τε καί κατόρθωσις .
187457	tlg0057.tlg095.1st1K-grc1	ἀλλὰ γὰρ ἐλλείπουσιν ἐν τῇ κατατάσει, διὰ τοῦτο ὄχλον πλείω παρέχει ἡ ἐμβολή.	ἀλλά γάρ ἐλλείπω ἐν ὁ  , διά οὗτος   παρέχω ὁ ἐμβολή .
187458	tlg0057.tlg095.1st1K-grc1	Ἐν τῷ κάμπτειν τὸ σκέλος κατὰ βουβῶνα μετέωρος ὅλος ὁ μηρὸς γίνεται.	ἐν τῷ κάμπτω ὁ σκέλος κατά βουβών μετέωρος ὅλος ὁ μηρός γίγνομαι .
187459	tlg0057.tlg095.1st1K-grc1	κατὰ τὴν τοιαύτην γοῦν ἐνέργειαν ἡ ἐκπεπτωκυῖα κεφαλὴ τοῦ μηροῦ διακινηθεῖσα τὰ κατὰ περίσφαλσιν εἴωθεν ἐκπίπτειν ἔστιν ὅτε.	κατά ὁ τοιοῦτος γοῦν ἐνέργεια ὁ ἐκπίπτω κεφαλή ὁ μηρός  ὁ κατά   ἐκπίπτω εἰμί ὅτε .
187460	tlg0057.tlg095.1st1K-grc1	τὸ δὲ κατὰ περίσφαλσιν ἔστιν ὅτε ποῖόν τι δηλοῖ καὶ ἐπὶ τοῦ κατ’ ὦμον ἄρθρου καὶ τὸ κατ’ ἰσχίον ἐκπιπτόντων τε καὶ ἐκβαλλομένων γίνεται, διὰ τῶν ἔμπροσθεν αὐτὸς ἐδίδαξεν ἡνίκα διδάσκει ἐπὶ τούτων τῶν διαρθρώσεων μὴ δύνασθαι γενέσθαι παράρθρημα, καθάπερ ἐπ’ ἀγκῶνος καὶ καρποῦ καὶ γόνατος καὶ σφυροῦ·	ὁ δέ κατά  εἰμί ὅτε  τις δηλόω καί ἐπί ὁ κατά ὦμος  καί ὁ κατά ἰσχίον ἐκπίπτω τε καί  γίγνομαι , διά ὁ ἔμπροσθεν αὐτός διδάσκω ἡνίκα διδάσκω ἐπί οὗτος ὁ  μή δύναμαι γίγνομαι  , καθά ἐπί ἀγκών καί καρπός καί γόνυ καί  ·
187461	tlg0057.tlg095.1st1K-grc1	διὰ γὰρ τὰς σφαιροειδεῖς μὲν εἶναι τὰς κεφαλὰς τῶν μηρῶν ὀστῶν, κυκλοτερῆ δὲ τὴν ὀφρὺν τῶν πρὸς αὐτὰς διαρθρουμένων κοιλοτήτων, οὐκ ἐνδέχεται μέρος μέν τι τῶν κεφαλῶν ἐν ταῖς κοιλότησιν εἶναι·	διά γάρ ὁ σφαιροειδής μέν εἰμί ὁ κεφαλή ὁ  ὀστέον ,  δέ ὁ ὀφρῦς ὁ πρός αὐτός   , οὐ ἐνδέχομαι μέρος μέν  ὁ  ἐν ὁ  εἰμί ·
187462	tlg0057.tlg095.1st1K-grc1	μέρος δὲ οὐκ εἶναι, καθάπερ οὐδ’ ἐπὶ τῆς ὀφρύος ὀχεῖσθαι τῆς κοτύλης, ἀλλ’ εὐθέως ἀποκυλιομένας αὐτὰς ἢ εἴσω χωρεῖν ἢ ἔξω τῆς διαρθρώσεως.	μέρος δέ οὐ εἰμί , καθά οὐδέ ἐπί ὁ ὀφρῦς ὀχέω ὁ κοτύλη , ἀλλά εὐθύς  αὐτός τίη εἴσω χωρέω ἤ ἔξω ὁ  .
187463	tlg0057.tlg095.1st1K-grc1	ἐπεὶ τοίνυν ἐλαχίστη ῥοπὴ τὴν ἐφ’ ἑκάτερα φορὰν τῆς κεφαλῆς οἰακίζει περίσφαλσιν ὠνόμασε τὸ γιγνόμενον.	ἐπεί τοίνυν ἐλάχιστος ῥοπή ὁ ἐπί ἑκάτερος φορά ὁ κεφαλή οἰακίζω  ὀνομάζω ὁ  .
187464	tlg0057.tlg095.1st1K-grc1	Χρὴ οὖν οὐ μόνον παρὰ τὸν πόδα τὰ δεσμὰ ἐξηρτῆσθαι, ἀλλὰ καὶ ἄνωθεν τοῦ γούνατος, ὅκως μὴ κατὰ τὸ τοῦ γούνατος ἄρθρον ἐν τῇ τανύσει ἡ ἐπίδεσις ἔῃ μᾶλλον ἢ κατὰ τὸ τοῦ ἰσχίου ἄρθρον.	οὖν οὐ μόνος παρά ὁ πούς ὁ δεσμός ἐξαρτάω , ἀλλά καί ἄνωθεν ὁ γόνυ , ὅπως μή κατά ὁ ὁ γόνυ ἄρθρον ἐν ὁ τανύω ὁ ἐπίδεσις εἰμί μᾶλλον ἤ κατά ὁ ὁ  ἄρθρον .
187465	tlg0057.tlg095.1st1K-grc1	οὕτω μὲν οὖν χρὴ τὴν κατάτασιν τὴν πρὸς τὸ τοῦ ποδὸς μέρος ἐσκευάσθαι·	οὕτως μέν οὖν χρή ὁ κατάτασις ὁ πρός ὁ ὁ πούς μέρος σκευάζω ·
187466	tlg0057.tlg095.1st1K-grc1	ἀτὰρ καὶ τὴν ἐπὶ θάτερα κατάτασιν μὴ μόνον ἐκ τῆς περὶ τὸ στῆθος καὶ τὰς μασχάλας περιβολῆς ἀντιτείνεσθαι, ἀλλὰ καὶ ἱμάντι μακρῷ, διπτύχῳ, ἰσχυρῷ, προσηνεῖ, παρὰ τὸν περίναιον βεβλημένῳ παρατεταμένῳ ἐπὶ μὲν τὰ ὄπισθεν παρὰ τὴν ῥάχιν, ἐπὶ δὲ τὰ ἔμπροσθεν παρὰ τὴν κληῖδα προσηρτημένῳ τὴν ἀρχὴν τὴν ἀντικατατείνουσαν οὕτω διαναγκάζεσθαι, τοῖσι μὲν ἔνθα διατεινομένοισι, τοῖσι δὲ ἔνθα.	καί ὁ ἐπί ἕτερος κατάτασις μή μόνος ἐκ ὁ περί ὁ στῆθος καί ὁ μασχάλη περιβολή ἀντιτείνω , ἀλλά καί ἱμάς μακρός ,  , ἰσχυρός ,  , παρά ὁ  βάλλω  ἐπί μέν ὁ ὄπισθεν παρά ὁ ῥάχις , ἐπί δέ ὁ ἔμπροσθεν παρά ὁ κλείς προσαρτάω ὁ ἀρχή ὁ  οὕτως διαναγκάζω , ὁ μέν ἔνθα διατείνω , ὁ δέ ἔνθα .
187467	tlg0057.tlg095.1st1K-grc1	ὅκως δὲ ὁ ἱμὰς ὁ παρὰ τὸν περίναιον μὴ ἐπὶ τῇ κεφαλῇ τοῦ μηροῦ παρατεταμένος ἔσται, ἀλλὰ μεσηγὺ τῆς κεφαλῆς ἐπὶ τοῦ περιναίου.	ὅπως δέ ὁ ἱμάς ὁ παρά ὁ  μή ἐπί ὁ κεφαλή ὁ μηρός παρατείνω  , ἀλλά  ὁ κεφαλή ἐπί ὁ  .
187468	tlg0057.tlg095.1st1K-grc1	ἐν δὲ τῇ κατατάσει κατὰ μὲν τὴν κεφαλὴν τοῦ μηροῦ ἐρείσας τὴν πυγμὴν ἐς τὸ ἔξω ὠθεέτω.	ἐν δέ ὁ  κατά μέν ὁ κεφαλή ὁ μηρός ἐρείδω ὁ πυγμή εἰς ὁ ἔξω ὠθέω .
187469	tlg0057.tlg095.1st1K-grc1	ἢν δὲ μετεωρίζηται ἑλκόμενος, διέρσας τὴν χεῖρα καὶ ἐπισυνάξας τῇ ἑτέρῃ χειρὶ ἅμα μὲν συγκατατεινέτω, ἅμα δὲ ἐς τὸ ἕξω συναναγκαζέτω·	ἐάν δέ μετεωρίζω ἕλκω , διείρω ὁ χείρ καί  ὁ ἕτερος χείρ ἅμα μέν συγκατατείνω , ἅμα δέ εἰς ὁ ἔχω  ·
187470	tlg0057.tlg095.1st1K-grc1	ἄλλος δέ τις τὸ παρὰ τὸ γόνυ τοῦ μηροῦ ἡσύχως ἐς τὸ εἴσω μέρος κατορθούτω.	ἄλλος δέ τις ὁ παρά ὁ γόνυ ὁ μηρός  εἰς ὁ εἴσω μέρος κατορθόω .
187471	tlg0057.tlg095.1st1K-grc1	Ἐκ τῶν ποδῶν κρεμαμένου τοῦ ἀνθρώπου καὶ τὴν κεφαλὴν ἔχοντος κάτω, πᾶσι τοῖς ἄρθροις διατείνεσθαι συμβαίνει, βουλόμεθα δὲ ἡμεῖς ἓν μόνον ἄρθρον τὸ κατὰ τοὺς βουβῶνας τοῦτο πάσχειν.	ἐκ ὁ πούς κρεμάννυμι ὁ ἄνθρωπος καί ὁ κεφαλή ἔχω κάτω , πᾶς ὁ  διατείνω συμβαίνω , βούλομαι δέ   μόνος ἄρθρον ὁ κατά ὁ βουβών οὗτος πάσχω .
187472	tlg0057.tlg095.1st1K-grc1	εἰκότως οὖν τοῦ γόνατος ἐπιβάλλειν κελεύει δεσμὰ τῶν μηρῶν τὴν τάσιν ἄνω ποιούμενα·	εἰκός οὖν ὁ γόνυ ἐπιβάλλω κελεύω δεσμός ὁ μηρός ὁ τάσις ἄνω2 ποιέω ·
187473	tlg0057.tlg095.1st1K-grc1	μόνοις γὰρ τοῖς κατὰ τὴν κνήμην, ἐὰν ἐπιτρέψωμεν ἀνέλκειν τὸ σκέλος οὐδὲν ἧττον, ἀλλὰ καὶ μᾶλλον τῆς κατ’ ἰσχίον διαρθρώσεως ἔκτασιν εἶναι συμβήσεται τὴν κατὰ γόνυ τοῖς τείνουσι δεσμοῖς οὖσαν ἐγγυτέρω.	γάρ ὁ κατά ὁ κνήμη , ἐάν ἐπιτρέπω ἀνέλκω ὁ σκέλος οὐδείς ἥσσων , ἀλλά καί μᾶλλον ὁ κατά ἰσχίον  ἔκτασις εἰμί συμβαίνω ὁ κατά γόνυ ὁ τείνω δεσμός εἰμί ἐγγύς .
187474	tlg0057.tlg095.1st1K-grc1	Εἴρηται δὲ καὶ πρόσθεν ὅτι ἐπάξιον ὅστις ἐν πόλει πολυανθρώπῳ ἰητρεύει ξύλον κεκτῆσθαι τετράγωνον, ὡς ἑξάπηχυ ἢ ὀλίγῳ μεῖζον, εὖρος δὲ ὡς δίπηχυ, πάχος δὲ ἀρκέει σπιθαμιαῖον.	δέ καί πρόσθεν ὅτι2  ὅστις ἐν πόλις πολυάνθρωπος  ξύλον κτάομαι τετράγωνος , ὡς ἑξάπηχυς ἤ ὀλίγος μέγας , εὖρος δέ ὡς δίπηχυς , πάχος δέ ἀρκέω σπιθαμιαῖος .
187475	tlg0057.tlg095.1st1K-grc1	Ἐν τῷ περὶ ἀγμῶν εἰρήκει περὶ τοῦδε τοῦ μηχανήματος, ὥστε κἀντεῦθεν ἐφέλκονται μαρτύριον ὧν λέγουσιν ἔνιοι περὶ τοῦ γεγράφθαι μὲν ὑφ’ Ἱπποκράτους ἓν βιβλίον ἐξ ἀρχῆς ἐπιγεγραμμένον κατ’ ἰητρεῖον, ὕστερον δὲ εἰς δύο τμηθῆναι διὰ τὸ μέγεθος ἐπιγραφῆναί τε ἕτερον μὲν πρότερον αὐτοῦ μέρος περὶ ἀγμῶν, τὸ δὲ δεύτερον περὶ ἄρθρων.	ἐν τῷ περί  λέγω περί ὅδε ὁ μηχάνημα , ὥστε ἐντεῦθεν  μαρτύριον ὅς λέγω ἔνιοι περί ὁ γράφω μέν ὑπό Ἱπποκράτης   ἐκ ἀρχή ἐπιγράφω κατά  , ὕστερον δέ εἰς γε τέμνω διά ὁ μέγεθος  τε ἕτερος μέν πρότερος αὐτός μέρος περί ἀγμός , ὁ δέ δεύτερος περί ἄρθρον .
187476	tlg0057.tlg095.1st1K-grc1	ὁποῖον δέ τι βούλεται τὸ μηχάνημα τοῦτ’ εἶναι δῆλόν ἐστι τοῖς τεθεαμένοις τὸ καλούμενον Ἱπποκράτειον βάθρον·	ὁποῖος δέ τι βούλομαι ὁ μηχάνημα  εἰμί δῆλος εἰμί ὁ  ὁ καλέω  βάθρον ·
187477	tlg0057.tlg095.1st1K-grc1	οὕτω γὰρ ἐκ πολλοῦ σύνηθες ὀνομάζειν αὐτὸ τοῖς ἰατροῖς ἐστιν.	οὕτως γάρ ἐκ πολύς  ὀνομάζω αὐτός ὁ ἰατρός εἰμί .
187478	tlg0057.tlg095.1st1K-grc1	ἔχουσι δὲ καὶ μιμήματα ταὐτοῦ μικρὰ οἱ πολλοὶ καὶ χρῶνται τῷ πλείῳ πάνυ πολὺ καὶ μόνον ἐστὶν αὔταρκες εἰς ἐμβολὰς ἄρθρων.	ἔχω δέ καί μίμημα αὐτός μικρός ὁ πολύς καί χράω2 τῷ  πάνυ πολύς καί μόνος εἰμί  εἰς ἐμβολή ἄρθρον .
187479	tlg0057.tlg095.1st1K-grc1	εἰ δ’ ἄρα τις θέλει καὶ ἄλλοις χρῆσθαι, πρὸς μὲν τὰς ὁδοιπορίας τὸ πολύσπαστον καλούμενον ἐπιτήδειον, Ἀρχιμήδους δ’ αὐτό φασιν εὕρημα εἶναι, πρὸς δὲ τὰς ἐν πόλει χρείας στάσιμον μὲν ἄξιον λόγου τὸ τοῦ τέκτονος καλούμενόν ἐστιν ἢ τὸ τοῦ Ἀνδρέου, ἐφέδρανον δὲ τουτὶ τὸ Ἱπποκράτους βάθρον, ὅ τινες τῶν νεωτέρων ἰατρῶν, ἐπειδὴ ἐσκευάκασι ποικιλώτερον, ὥσπερ καὶ τὴν μηχανικὴν ἄμβην.	εἰ  ἄρα τις ἐθέλω καί  χράω2 , πρός μέν ὁ ὁδοιπορία ὁ πολύσπαστος καλέω ἐπιτήδειος ,    φημί εὕρημα εἰμί , πρός δέ ὁ ἐν πόλις χρεία στάσιμος μέν ἄξιος λόγος ὁ ὁ τέκτων καλέω εἰμί τίη ὁ ὁ Ἀνδρέης ,  δέ οὗτος ὁ Ἱπποκράτης βάθρον , ὅς τις ὁ νεώτερος ἰατρός , ἐπεί  ποικίλος , ὥσπερ καί ὁ  ἄμβη .
187480	tlg0057.tlg095.1st1K-grc1	ἐφεξῆς οὖν αὐτῷ γράφοντι τὴν κατασκευὴν τοῦ ὀργάνου προσέχετε τὸν νοῦν ἐφαρμόζοντες ἃ λέγει τοῖς τεθεαμένοις, ἐφ’ ὃ τεθέασθε βάθρον.	ἐφεξῆς οὖν αὐτός γράφω ὁ κατασκευή ὁ   ὁ νόος  ὅς λέγω ὁ  , ἐπί ὁ  βάθρον .
187481	tlg0057.tlg095.1st1K-grc1	μόνη γὰρ δεῖξις σαφηνίζει τὰ τοιαῦτα, καθάπερ εἴρηται καὶ πρόσθεν.	μόνος γάρ δεῖξις σαφηνίζω ὁ τοιοῦτος , καθά λέγω καί πρόσθεν .
187482	tlg0057.tlg095.1st1K-grc1	ἐπὶ μὲν οὖν τῶν ἀναγιγνωσκόντων παρ’ ἐμοὶ τὸ βιβλίον ἑτοίμως ποιοῦμαι παρακειμένου τοῦ ὀργάνου πολλάκις μὲν αὐτοῦ τοῦ μεγάλου, πολλάκις δὲ καὶ τῶν μιμημάτων αὐτοῦ τινος ἃ διὰ ταύτην μόνην τὴν χρείαν κατασκευάζομεν, ἵνα ἔχωμεν δεικνύναι τοῖς ἀναγιγνώσκουσιν.	ἐπί μέν οὖν ὁ  παρά  ὁ βιβλίον ἑτοῖμος ποιέω  ὁ  πολλάκις μέν αὐτός ὁ μέγας , πολλάκις δέ καί ὁ μίμημα αὐτός  ὅς διά οὗτος μόνος ὁ χρεία κατασκευάζω , ἵνα ἔχω δείκνυμι ὁ ἀναγιγνώσκω .
187483	tlg0057.tlg095.1st1K-grc1	οὐ γὰρ δὴ δι’ αὐτῶν ἐστιν ἐμβαλεῖν ἄρθρον, ἀλλὰ νῦν γε τοῦτο μὲν ἀδύνατόν ἐστι πρᾶξαι.	οὐ γάρ δή διά αὐτός εἰμί ἐμβάλλω ἄρθρον , ἀλλά νῦν γε οὗτος μέν ἀδύνατος εἰμί πράσσω .
187484	tlg0057.tlg095.1st1K-grc1	τὸ δ’ ἐξηγήσασθαί τι τῶν κατὰ τὴν λέξιν ἀσαφῶν δυνατὸν, ὅπερ ἔν τε τοῖς ἔμπροσθεν ἐποίησα, καὶ νῦν ἐν τοῖς ἐφεξῆς πράξω.	ὁ   τι ὁ κατά ὁ λέξις  δυνατός , ὅς ἐν τε ὁ ἔμπροσθεν ποιέω , καί νῦν ἐν ὁ ἐφεξῆς πράσσω .
187485	tlg0057.tlg095.1st1K-grc1	Ἔπειτα κατὰ μῆκος μὲν ἔνθεν καὶ ἔνθεν τομὴν ἔχειν χρὴ ὡς μὴ ὑψηλοτέρη τοῦ καιροῦ ἡ μηχάνησις εἴη.	ἔπειτα κατά μῆκος μέν ἔνθεν καί ἔνθεν τομή ἔχω χρή ὡς μή ὑψηλός ὁ καιρός ὁ μηχάνησις εἰμί .
187486	tlg0057.tlg095.1st1K-grc1	Τὸ μὲν ἔνθεν καὶ ἔνθεν ἐξ ἀριστερῶν καὶ ἐκ δεξιῶν λέγει.	μέν ἔνθεν καί ἔνθεν ἐκ  καί ἐκ δεξιός λέγω .
187487	tlg0057.tlg095.1st1K-grc1	δῆλον δὲ ἐκ τοῦ προσθεῖναι κατὰ μῆκος, ἀλλὰ καὶ τὸ παραμήκεα ταὐτόν ἐστι.	δῆλος δέ ἐκ ὁ προστίθημι κατά μῆκος , ἀλλά καί ὁ  αὐτός εἰμί .
187488	tlg0057.tlg095.1st1K-grc1	τὴν γὰρ ἄνωθεν τῆς κεφαλῆς καὶ κάτωθεν τῶν ποδῶν τομὴν ἐγκαρσίαν ἂν εἰρήκει μᾶλλον οὐ παραμήκη.	ὁ γάρ ἄνωθεν ὁ κεφαλή καί κάτωθεν ὁ πούς τομή  ἐάν λέγω μᾶλλον οὐ  .
187489	tlg0057.tlg095.1st1K-grc1	ὃ δὲ σύμπασα φράσις ἑρμηνεύει τοιόνδ’ ἐστίν·	ὁ δέ σύμπας φράσις ἑρμηνεύω  εἰμί ·
187490	tlg0057.tlg095.1st1K-grc1	οὐδὲν γὰρ χεῖρον αὐτὴν παραφράσαι σαφηνείας ἕνεκεν.	οὐδείς γάρ  αὐτός  σαφήνεια ἕνεκα .
187491	tlg0057.tlg095.1st1K-grc1	ἔπειτα κατὰ μῆκος μὲν ἔνθεν καὶ ἔνθεν ἐντομὴν εἶναι χρὴ παραμήκη τοῦ ξύλου βάθος ἔχουσαν σύμμετρον, ὡς πρὸς μοχλείαν, ὅπως μὴ ὑψηλοτέρα τοῦ προσήκοντος ἡ μηχάνησις εἴη.	ἔπειτα κατά μῆκος μέν ἔνθεν καί ἔνθεν ἐντομή εἰμί χρή  ὁ  βάθος ἔχω σύμμετρος , ὡς πρός  , ὅπως μή ὑψηλός ὁ προσήκω ὁ μηχάνησις εἰμί .
187492	tlg0057.tlg095.1st1K-grc1	τὸ γὰρ τοῦ καιροῦ λέγουσιν οἱ Ἕλληνες ἐνίοτε καὶ τοῦ προσήκοντος, ὅπερ καὶ δέον ὀνομάζουσιν.	ὁ γάρ ὁ καιρός λέγω ὁ Ἕλλην ἐνίοτε καί ὁ προσήκω , ὅς καί δέω ὀνομάζω .
187493	tlg0057.tlg095.1st1K-grc1	ἔστω τοιγαροῦν ἡ τομὴ τηλικαύτη τοῦ βάθρου, ὡς ἐν αὐτῇ στηρίζεσθαι μοχλὸν ἁρμόττοντα τῇ μελλούσῃ γενήσεσθαι μοχλείᾳ.	εἰμί  ὁ τομή τηλικοῦτος ὁ  , ὡς ἐν αὐτός  μοχλός ἁρμόζω ὁ μέλλω   .
187494	tlg0057.tlg095.1st1K-grc1	Ἔπειτα φλιὰς βραχείας, ἰσχυρὰς, ἐνηρμοσμένας, ὀνίσκους ἔχειν ἑκατέρωθεν.	ἔπειτα  βραχύς , ἰσχυρός , ἐναρμόζω , ὀνίσκος ἔχω ἑκατέρωθεν .
187495	tlg0057.tlg095.1st1K-grc1	Ὀνίσκους μὲν τοὺς ἄξονας ὀνομάζει, φλιὰς δὲ τὰ διαλαμβάνοντα τοὺς ἄξονας στηρίγματα.	μέν ὁ ἄξων ὀνομάζω ,  δέ ὁ  ὁ  στήριγμα .
187496	tlg0057.tlg095.1st1K-grc1	ταῦτα δὲ βούλεται κατὰ τὸ μέγα ξύλον ἑκατέρωθεν ἐνηρμόσθαι, τὸ μὲν γὰρ ἐκ τῶν ἄνωθεν μερῶν τοῦ βάθρου, τὸ δὲ ἐκ τῶν κάτω.	οὗτος δέ βούλομαι κατά ὁ μέγας ξύλον ἑκατέρωθεν ἐναρμόζω , ὁ μέν γάρ ἐκ ὁ ἄνωθεν μέρος ὁ  , ὁ δέ ἐκ ὁ κάτω .
187497	tlg0057.tlg095.1st1K-grc1	πρὸς γὰρ τοὺς ἄξονας τούτους τὰ πέρατα τῶν περιβαλλομένων τῷ κάμνοντι βρόχων ἐνανάπτει κατὰ τὸν καιρὸν τῆς ἀντιτάσεως.	πρός γάρ ὁ ἄξων οὗτος ὁ πέρας ὁ περιβάλλω τῷ κάμνω   κατά ὁ καιρός ὁ  .
187498	tlg0057.tlg095.1st1K-grc1	Ἔπειτα ἀρκέει μὲν ἐν τῷ ἡμίσει τοῦ ξύλου, οὐδὲν δὲ κωλύει καὶ διὰ παντὸς ἐντετμῆσθαι ὡς καπέτους μακρὰς πέντε ἢ ἓξ διαλειπούσας ἀπ’ ἀλλήλων τέσσαρας δακτύλους.	ἔπειτα ἀρκέω μέν ἐν τῷ  ὁ  ,  δέ κωλύω καί διά πᾶς ἐντέμνω ὡς  μακρός πέντε ἤ  διαλείπω ἀπό ἀλλήλων τέσσαρες  .
187499	tlg0057.tlg095.1st1K-grc1	αὐτὰς δὲ ἀρκέει εὖρος τριδακτύλους εἶναι καὶ βάθος οὕτως.	αὐτός δέ ἀρκέω εὖρος  εἰμί καί βάθος οὕτως .
187500	tlg0057.tlg095.1st1K-grc1	Καπέτους μὲν οὐκ ὀλίγοι τῶν παλαιῶν εἰρήκασι τὰς τάφρους.	μέν οὐ ὀλίγος ὁ παλαιός λέγω ὁ τάφρος .
187501	tlg0057.tlg095.1st1K-grc1	ὁ δὲ Ἱπποκράτης νῦν ἐκ μεταφορᾶς κέχρηται τῇ προσηγορίᾳ τὰς ἐκτετμημένας τῷ βάθρῳ κοιλότητας ἑρμηνεῦσαι βουλόμενος, ἕνεκα τοῦ στηρίζεσθαι κατ’ αὐτὰς τοὺς μοχλοὺς, ἅς τινας κοιλότητας ἀξιοῖ μάλιστα μὲν ἐν τῷ ἡμίσει τοῦ ξύλου, τουτέστι τῷ κάτω διαγλύψαι.	ὁ δέ Ἱπποκράτης νῦν ἐκ μεταφορά χράω ὁ προσηγορία ὁ  τῷ  κοιλότης ἑρμηνεύω  , ἕνεκα ὁ  κατά αὐτός ὁ  , ἕως τις κοιλότης ἀξιόω μάλιστα μέν ἐν τῷ  ὁ  ,  τῷ κάτω  .
187502	tlg0057.tlg095.1st1K-grc1	κωλύειν δὲ οὐδὲν ἐκ περιουσίας φησὶν, εἰ καὶ κατὰ τὸ ἄνω μέρος εἶεν·	κωλύω δέ οὐδείς ἐκ περιουσία φημί , εἰ καί κατά ὁ ἄνω2 μέρος εἰμί ·
187503	tlg0057.tlg095.1st1K-grc1	οὐ μόνον γὰρ τὸ κατ’ ἰσχίον ἄρθρον ἐμβάλλουσιν ἡμῖν ἐστι χρήσιμον τὸ νῦν ἑρμηνευόμενον ὄργανον, ἀλλὰ καὶ τὰ κατὰ τοὺς σφονδύλους πάντα καὶ τὸν ὦμον.	οὐ μόνος γάρ ὁ κατά ἰσχίον ἄρθρον ἐμβάλλω  εἰμί χρήσιμος ὁ νῦν ἑρμηνεύω ὄργανον , ἀλλά καί ὁ κατά ὁ σφόνδυλος πᾶς καί ὁ ὦμος .
187504	tlg0057.tlg095.1st1K-grc1	εἶναι δὲ χρὴ πλείους ταύτας, ἐπειδὴ καὶ ταῖς ἡλικίας καὶ τοῖς μεγέθεσιν, ὅλῃ τῇ σχέσει τοῦ σώματος ἀλλήλων διαφέρουσιν οἱ θεραπευόμενοι.	εἰμί δέ χρή πολύς οὗτος , ἐπεί καί ὁ ἡλικία καί ὁ μέγεθος , ὅλος ὁ σχέσις ὁ σῶμα ἀλλήλων διαφέρω ὁ θεραπεύω .
187505	tlg0057.tlg095.1st1K-grc1	τὸ μέγεθος δ’ αὐτῶν ὁπηλίκον εἶναι κελεύει καὶ τὴν διάστασιν, ἣν ἀλλήλων ἀπέχουσιν, αὐτὸς ἔγραψε σαφῶς.	ὁ μέγεθος  αὐτός  εἰμί κελεύω καί ὁ διάστασις , ὅς ἀλλήλων ἀπέχω , αὐτός γράφω σαφής .
187506	tlg0057.tlg095.1st1K-grc1	Ἔχειν δὲ κατὰ μέσον τὸ ξύλον καὶ καταγλυφὴν χρὴ βαθυτέρην ἐπὶ τετράγωνον ὡς τριῶν δακτύλων καὶ ἐς μὲν τὴν καταγλυφὴν ταύτην, ὅταν δοκέῃ προσδεῖν ξύλον, ἐμπηγνύναι ἐναρμόζον τῇ καταγλυφῇ, τὸ δὲ ἄνω στρογγύλον, ἐμπηγνύναι δὲ ἐπήν ποτε δοκέει ξυμφέρειν, μεσηγὺ τοῦ περιναίου καὶ τῆς κεφαλῆς τοῦ μηροῦ.	ἔχω δέ κατά μέσος ὁ ξύλον καί καταγλυφή χρή  ἐπί  ὡς  δάκτυλος καί εἰς μέν ὁ καταγλυφή οὗτος , ὅταν δοκέω  ξύλον , ἐμπήγνυμι ἐναρμόζω ὁ καταγλυφή , ὁ δέ ἄνω2 στρογγύλος , ἐμπήγνυμι δέ  ποτε δοκέω συμφέρω ,  ὁ  καί ὁ κεφαλή ὁ μηρός .
187507	tlg0057.tlg095.1st1K-grc1	τοῦτο τὸ ξύλον ἑστεὸς κωλύει τὴν ἐπίδεσιν ἐπιδιδόναι τὸ σῶμα τοῖσι πρὸς ποδῶν ἕλκουσιν.	οὗτος ὁ ξύλον  κωλύω ὁ ἐπίδεσις ἐπιδίδωμι ὁ σῶμα ὁ πρός πούς ἕλκω .
187508	tlg0057.tlg095.1st1K-grc1	ἐνίοτε γὰρ ἀρκέει αὐτὸ τὸ ξύλον τοῦτο ἀντὶ τῆς ἄνωθεν ἀντικατατάσιος, ἐνίοτε δὲ καὶ κατατεινομένου τοῦ σκέλεος ἔνθεν καὶ ἔνθεν αὐτὸ τὸ ξύλον τοῦτο χαλαρὸν ἐγκείμενον ἢ τῇ ἢ τῇ ἐκμοχλεύειν ἐπιτήδειον ἂν εἴη τὴν κεφαλὴν τοῦ μηροῦ ἐς τὸ ἔξω μέρος.	ἐνίοτε γάρ ἀρκέω αὐτός ὁ ξύλον οὗτος ἀντί ὁ ἄνωθεν  , ἐνίοτε δέ καί κατατείνω ὁ σκέλος ἔνθεν καί ἔνθεν αὐτός ὁ ξύλον οὗτος χαλαρός  ἤ ὁ τίη ὁ ἐκμοχλεύω ἐπιτήδειος ἄν εἰμί ὁ κεφαλή ὁ μηρός εἰς ὁ ἔξω μέρος .
187509	tlg0057.tlg095.1st1K-grc1	διὰ τοῦτο γὰρ καὶ αἱ κάπετοι ἐντέτμηνται, ὡς καθ’ ὁκοίην ἂν αὐτέων ἁρμόσῃ ἐμβαλλόμενος ξύλινος μοχλὸς μοχλεύοι ἢ παρὰ τὰς κεφαλὰς τῶν ἄρθρων ἢ κατὰ τὰς κεφαλὰς τελέως ἐρειδόμενος ἅμα τῇ κατατάσει, ἤν τε ἐς τὸ ἔξω μέρος συμφέρῃ ἐκμοχλεύεσθαι, ἤν τε ἐς τὸ εἴσω.	διά οὗτος γάρ καί ὁ   , ὡς κατά  ἀνά αὐτός ἁρμόζω ἐμβάλλω ξύλινος μοχλός μοχλεύω ἤ παρά ὁ κεφαλή ὁ ἄρθρον ἤ κατά ὁ κεφαλή τέλειος ἐρείδω ἅμα ὁ κατάτασις , ἐάν τε εἰς ὁ ἔξω μέρος  ἐκμοχλεύω , ἐάν τε εἰς ὁ εἴσω .
187510	tlg0057.tlg095.1st1K-grc1	Ἐντετμῆσθαι βούλεταί τινα τοῦ βάθρου κοιλότητα πρὸς ὑποδοχὴν ἐπιτηδείαν τοῦ μέλλοντος ἵστασθαι κατ’ αὐτὸ ξύλον μεταξὺ τοῦ περιναίου καὶ τῆς ἐκπεπτωκυίας κεφαλῆς τοῦ μηροῦ.	τις ὁ  κοιλότης πρός ὑποδοχή  ὁ μέλλω  κατά αὐτός ξύλον  ὁ  καί ὁ ἐκπίπτω κεφαλή ὁ μηρός .
187511	tlg0057.tlg095.1st1K-grc1	σαφῶς δὲ αὐτὸς ἐδήλωσε, τίνος ἕνεκα ἵστησιν ἐν τῷ κατατείνειν τὸ ξύλον τοῦτο, καθάπερ καὶ τἆλλα πάντα τὰ ἐφεξῆς ἃ λέγει.	σαφής δέ αὐτός δηλόω ,  ἕνεκα ἵστημι ἐν ὁ κατατείνω ὁ ξύλον οὗτος , καθά καί ἄλλος πᾶς ὁ ἐφεξῆς ὅς λέγω .
187512	tlg0057.tlg095.1st1K-grc1	διὰ δὲ τοὺς νωθροτέρους τὴν διάνοιαν οὐκ ὀκνήσω παράφρασιν τὴν αὐτὴν εἰπεῖν.	διά δέ ὁ  ὁ διάνοια οὐ ὀκνέω  ὁ αὐτός λέγω .
187513	tlg0057.tlg095.1st1K-grc1	τὸ τοίνυν ξύλον τοῦτο μεταξὺ τοῦ περιναίου καὶ τῆς ἐκπεπτωκυίας τοῦ μηροῦ κεφαλῆς ὀρθὸν ἱστάμενον ἀντιστήριγμα γίνεται τῇ κάτω τάσει.	ὁ τοίνυν ξύλον οὗτος  ὁ  καί ὁ  ὁ μηρός κεφαλή ὀρθός ἵστημι ἀντιστήριγμα γίγνομαι ὁ κάτω  .
187514	tlg0057.tlg095.1st1K-grc1	λέλεκται γὰρ ἤδη πολλάκις ἔμπροσθεν, εἰ μή τις ἀντιτείνει πρὸς τὴν ἐναντίαν χώραν τοῦ κατατεινομένου κώλου, συνακολουθῶν ὁ κάμνων ἐκλύσει τὴν τάσιν.	λέγω γάρ ἤδη πολλάκις ἔμπροσθεν , εἰ μή τις ἀντιτείνω πρός ὁ ἐναντίος χώρα ὁ κατατείνω  ,  ὁ κάμνω  ὁ τάσις .
187515	tlg0057.tlg095.1st1K-grc1	ἐργάζεται μὲν τοῦτο καὶ ἡ διὰ τῶν ἄνω βροχῶν ἀντίτασις, ἀσφαλείας δὲ ἕνεκα καὶ τούτῳ τῷ ξύλῳ χρῆται καὶ μέντοι καὶ μοχλεύει ποτ’ αὐτὸ ποιήσας τηνικαῦτα χαλαρόν.	ἐργάζομαι μέν οὗτος καί ὁ διά ὁ ἄνω2   , ἀσφάλεια δέ ἕνεκα καί οὗτος τῷ ξύλον χράω2 καί  καί μοχλεύω  αὐτός ποιέω τηνικαῦτα χαλαρός .
187516	tlg0057.tlg095.1st1K-grc1	Καὶ ἤν τε στρογγύλον τὸν μοχλὸν ξυμφέρῃ εἶναι, ἤν τε πλάτος ἔχοντα, ἄλλος γὰρ ἄλλῳ τῶν ἄρθρων ἁρμόζει.	καί  τε  ὁ μοχλός  εἰμί , ἐάν τε πλάτος ἔχω , ἄλλος γάρ ἄλλος ὁ  ἁρμόζω .
187517	tlg0057.tlg095.1st1K-grc1	εὔχρηστος δέ ἐστιν ἐπὶ πάντων τῶν ἄρθρων ἐμβολῆς τῶν κατὰ τὰ σκέλεα αὕτη ἡ μόχλευσις σὺν κατασείσει, περὶ οὗ νῦν ὁ λόγος ἐστί·	εὔχρηστος δέ εἰμί ἐπί πᾶς ὁ   ὁ κατά ὁ σκέλος οὗτος ὁ μόχλευσις σύν  , περί οὗ νῦν ὁ λόγος εἰμί ·
187518	tlg0057.tlg095.1st1K-grc1	στρογγύλος ἁρμόζει ὁ μοχλὸς εἶναι ἀπὸ τουτέων τῶν μηχανέων καὶ ἀναγκαῖον οὐδὲν ἄρθρον μοὶ δοκέει οἶόν τε εἶναι, ἀπορηθῆναι τοῦ ἐμπεσεῖν.	στρογγύλος ἁρμόζω ὁ  εἰμί ἀπό οὗτος ὁ μηχανή καί ἀναγκαῖος  ἄρθρον  δοκέω  τε εἰμί , ἀπορέω2 ὁ ἐμπίπτω .
187519	tlg0057.tlg095.1st1K-grc1	εὕροι δ’ ἄν τις καὶ ἄλλους τρόπους τούτου τοῦ ἄρθρου ἐμβολῆς.	εὑρίσκω  ἄν τις καί ἄλλος τρόπος οὗτος ὁ ἄρθρον ἐμβολή .
187520	tlg0057.tlg095.1st1K-grc1	Αὐτὸς ἐφεξῆς ἐρεῖ στρογγύλῳ μὲν χρῆσθαι μοχλῷ μοχλεύοντας ἔξω τὸν μηρὸν, ὅπερ αὐτῷ νῦν πρόκειται τὴν ἔσωθεν μετάστασιν ἐμβάλλοντι κεφαλήν.	ἐφεξῆς λέγω  μέν χράω2   ἔξω ὁ μηρός , ὅς αὐτός νῦν πρόκειμαι ὁ ἔσωθεν μετάστασις ἐμβάλλω κεφαλή .
187521	tlg0057.tlg095.1st1K-grc1	ἐπὶ δὲ τῆς ἔξωθεν μεθεστηκυίας τῷ πλατεῖ χρῆται μοχλῷ·	ἐπί δέ ὁ ἔξωθεν μεθίστημι τῷ  χράω2 μοχλός ·
187522	tlg0057.tlg095.1st1K-grc1	νῦν μὲν γὰρ βούλεται πορευθῆναι μεταξὺ τοῦ περιναίου καὶ τῆς ἐκπεπτωκυίας κεφαλῆς αὐτὸν ἄνωθέν πως μᾶλλον πειρωμένης τῆς κεφαλῆς τιθέναι·	νῦν μέν γάρ βούλομαι πορεύω  ὁ  καί ὁ ἐκπίπτω κεφαλή αὐτός ἄνωθεν πως μᾶλλον πειράω ὁ κεφαλή τίθημι ·
187523	tlg0057.tlg095.1st1K-grc1	κατὰ δὲ τὴν ἔξω μετάστασιν εὐρυχωρίας οὔσης ἱκανῆς ἀσφαλεστέραν ἕξει περίβασιν ὁ πλατὺς μοχλὸς, ὡς καὶ μετ’ ὀλίγον αὖθις εἰρήσεται κατὰ τὸν ἴδιον αὐτοῦ λόγον.	κατά δέ ὁ ἔξω μετάστασις εὐρυχωρία εἰμί ἱκανός ἀσφαλής ἔχω περίβασις ὁ   , ὡς καί μετά ὀλίγος αὖθις ἔρομαι κατά ὁ ἴδιος αὐτός λόγος .
187524	tlg0057.tlg095.1st1K-grc1	Εἰ γὰρ τὸ ξύλον τοῦτο τὸ μέγα ἔχει κατὰ μέσον καὶ ἐκ πλαγίων φλιὰς δύο ποδιαίας, ὕψος δὲ ὅκως δοκέει ξυμφέρειν τὴν μὲν ἔνθεν, τὴν δὲ ἔνθεν, ἔπειτα ξύλον πλάγιον ἐνείη ἐν τῇσι φλιῇσιν ὡς κλιμακτὴρ, ἔπειτα διέρσαι τὸ ὑγιὲς σκέλος μεσηγὺ τῶν φλιέων, τὸ δὲ σιναρὸν ἄνωθεν τοῦ κλιμακτῆρος ἔχοι ἐναρμόσον.	γάρ ὁ ξύλον οὗτος ὁ μέγας ἔχω κατά μέσος καί ἐκ πλάγιον φλιά γε  , ὕψος δέ ὅπως δοκέω συμφέρω ὁ μέν ἔνθεν , ὁ δέ ἔνθεν , ἔπειτα ξύλον πλάγιος ἔνειμι ἐν ὁ φλιά ὡς κλιμακτήρ , ἔπειτα διείρω ὁ ὑγιής σκέλος  ὁ  , ὁ δέ σιναρός ἄνωθεν ὁ κλιμακτήρ ἔχω  .
187525	tlg0057.tlg095.1st1K-grc1	ἀτάρ τι πρὸς τὸ ὕψος καὶ πρὸς τὸ ἄρθρον ᾗ ἐκπέπτωκε, ῥηΐδιον χρὴ ἁρμόζειν.	τι πρός ὁ ὕψος καί πρός ὁ ἄρθρον ὅς ἐκπίπτω , ῥᾴδιος χρή ἁρμόζω .
187526	tlg0057.tlg095.1st1K-grc1	τὸν γὰρ κλιμακτῆρα ὑψηλότερον χρὴ ποιέειν τοῦ μετρίου καὶ ἱμάτιον πολύπτυχον, ὡς ἂν ἁρμόσῃ ὑποτείνειν ὑπὸ τὸ σῶμα.	ὁ γάρ κλιμακτήρ  χρή ποιέω ὁ μέτριος καί ἱμάτιον πολύπτυχος , ὡς ἄν ἁρμόζω ὑποτείνω ὑπό ὁ σῶμα .
187527	tlg0057.tlg095.1st1K-grc1	Ὅτι μὴ μόνα τὰ τῶν ἀξόνων στηρίγματα φλιὰς ὀνομάζει, δῆλον ἐκ τῆσδε τῆς ῥήσεως ἐποίησε.	ὅτι2 μή μόνος ὁ ὁ ἄξων στήριγμα φλιά ὀνομάζω , δῆλος ἐκ ὅδε ὁ  ποιέω .
187528	tlg0057.tlg095.1st1K-grc1	τῇ γὰρ κατὰ τὸ μῆκος ὅλου τοῦ βάθρου μέσῃ χώρᾳ τέταταί τι ξύλον ἐγκάρσιον, οἷον κλιμακτῆρα διατείνας ἀπὸ δεξιῶν ἐπὶ ἀριστερὰ διῆκον, ὑπὲρ αὐτὸ κατατείνειν τὸ ἔξαρθρον σκέλος οὐχ ἁπλῶς, ἀλλὰ μετὰ τοῦ ξύλου αὐτῷ προσῆχθαι κατὰ μῆκος ἄνωθεν κάτω διῆκον, ὥστε μετ’ ἐκείνου τοῦ ξύλου τὸ σκέλος ὑπὲρ τὸν κλιμακτῆρα καταναγκάζεσθαι.	ὁ γάρ κατά ὁ μῆκος  ὁ  μέσος χώρα  τι ξύλον ἐγκάρσιος , οἷος κλιμακτήρ  ἀπό δεξιός ἐπί ἀριστερός  , ὑπέρ αὐτός κατατείνω ὁ ἔξαρθρος σκέλος οὐ ἁπλόος , ἀλλά μετά ὁ ξύλον αὐτός  κατά μῆκος ἄνωθεν κάτω  , ὥστε μετά ἐκεῖνος ὁ  ὁ σκέλος ὑπέρ ὁ κλιμακτήρ καταναγκάζω .
187529	tlg0057.tlg095.1st1K-grc1	πρόδηλον δ’ ὅτι τὸ ὑγιὲς σκέλος ὑποκάτω τοῦ κλιμακτῆρος ἔχειν προσήκει τὸν θεραπευόμενον ἐν τῇ μεταξὺ χώρᾳ τῶν φλιῶν·	πρόδηλος  ὅτι2 ὁ ὑγιής σκέλος  ὁ κλιμακτήρ ἔχω προσήκω ὁ θεραπεύω ἐν ὁ  χώρα ὁ  ·
187530	tlg0057.tlg095.1st1K-grc1	οὕτως γὰρ ὠνόμασε τὰ στηρίγματα τοῦ κλιμακτῆρος ἓν ἑκατέρωθεν ἐναρμόσας αὐτῷ τῷ βάθρῳ.	οὕτως γάρ ὀνομάζω ὁ στήριγμα ὁ κλιμακτήρ  ἑκατέρωθεν ἐναρμόζω αὐτός ὁ  .
187531	tlg0057.tlg095.1st1K-grc1	δῆλον οὖν ὡς κατὰ μεταφορὰν ἀπὸ τῶν κατὰ τὰς θύρας φλιῶν ὠνόμασε καὶ τὰς κατὰ τὸ βάθρον ὡσαύτως.	δῆλος οὖν ὡς κατά μεταφορά ἀπό ὁ κατά ὁ θύρα  ὀνομάζω καί ὁ κατά ὁ βάθρον ὡσαύτως .
187532	tlg0057.tlg095.1st1K-grc1	Ἔπειτα χρὴ ξύλον ἔχοντα πλάτος μέτριον καὶ μῆκος ἄχρι τοῦ σφυροῦ ὑποτεταμένον ὑπὸ τὸ σκέλος εἶναι ἱκνεόμενον ἐπέκεινα τῆς κεφαλῆς τοῦ μηροῦ ὡς οἷόν τε.	ἔπειτα χρή ξύλον ἔχω πλάτος μέτριος καί μῆκος ἄχρι ὁ  ὑποτείνω ὑπό ὁ σκέλος εἰμί ἱκνέομαι  ὁ κεφαλή ὁ μηρός ὡς  τε .
187533	tlg0057.tlg095.1st1K-grc1	προσκαταδεδέσθαι δὲ χρὴ πρὸς τὸ σκέλος ὁκοσαχῶς ἢν μετρίως ἔχῃ.	δέ χρή πρός ὁ σκέλος  ἐάν μέτριος ἔχω .
187534	tlg0057.tlg095.1st1K-grc1	Ὅτι τὸ ξύλον προσκαταδεῖ τὸ σκέλος ὅλον, εἴρηταί μοι καὶ πρόσθεν, ἀλλὰ νῦν γε τοῦ ξύλου τὴν ἄνωθεν ἀρχὴν ὑψηλοτέραν ἀξιοῖ ποιεῖσθαι τῆς κεφαλῆς τοῦ μηροῦ προσθεὶς τῷ λόγῳ, τὸ οἶόν τε.	ὁ ξύλον  ὁ σκέλος ὅλος , εἴρω ἐγώ καί πρόσθεν , ἀλλά νῦν γε ὁ  ὁ ἄνωθεν ἀρχή  ἀξιόω ποιέω ὁ κεφαλή ὁ μηρός προστίθημι τῷ λόγος , ὁ οἶος τε .
187535	tlg0057.tlg095.1st1K-grc1	πάνυ γάρ ἐστι χαλεπὸν ὃ λέγει ποιῆσαι, πλὴν εἰ τὸ μὲν εἰς τὸν βουβῶνα τοῦ μακροῦ ξύλου στηριζόμενον εἰργάσαιτό τις ταπεινότερον, ὑψηλότερον δὲ τὸ ἔξω πέρας ὁμαλόν τε καὶ ἰσόϋψον ἂν εἴη πάνυ χαλεπόν ἐστιν, ἅμα μὲν στηρίζειν αὐτοῦ τὴν ἀρχὴν ἐν τῷ βουβῶνι, ἅμα δὲ ὑπερέχουσαν ποιεῖν τῆς κεφαλῆς τοῦ μηροῦ κατὰ τὴν νῦν προκειμένην ἔκπτωσιν ὑψηλοτέραν οὖσαν τοῦ βουβῶνος.	πάνυ γάρ εἰμί χαλεπός ὅς λέγω ποιέω ,  εἰ ὁ μέν εἰς ὁ βουβών ὁ μακρός    τις ταπεινός ,  δέ ὁ ἔξω πέρας ὁμαλός τε καί  ἄν εἰμί πάνυ χαλεπός εἰμί , ἅμα μέν στηρίζω αὐτός ὁ ἀρχή ἐν ὁ βουβών , ἅμα δέ ὑπερέχω ποιέω ὁ κεφαλή ὁ μηρός κατά ὁ νῦν   ὑψηλός εἰμί ὁ βουβών .
187536	tlg0057.tlg095.1st1K-grc1	Κἄπειτα κατατεινομένου τοῦ σκέλεος εἴτε ξύλῳ ὑπεροειδέϊ εἴτε τουτέων τινὶ τῶν κατατασίων, ὁμοῦ χρὴ καταναγκάζεσθαι τὸ σκέλος περὶ τὸν κλιμακτῆρα ἐς τὸ κάτω μέρος ξὺν τῷ ξύλῳ τῷ προσδεδεμένῳ.	ἔπειτα κατατείνω ὁ σκέλος εἴτε ξύλον ὑπεροειδής εἴτε οὗτος  ὁ  , ὁμοῦ χρή καταναγκάζω ὁ σκέλος περί ὁ κλιμακτήρ εἰς ὁ κάτω μέρος σύν τῷ ξύλον τῷ  .
187537	tlg0057.tlg095.1st1K-grc1	τὸν δέ τινα κατέχειν τὸν ἄνθρωπον ἀνωτέρω τοῦ ἄρθρου κατὰ τὸ ἰσχίον·	ὁ δέ τις κατέχω ὁ ἄνθρωπος ἀνώτερος ὁ  κατά ὁ ἰσχίον ·
187538	tlg0057.tlg095.1st1K-grc1	καὶ γὰρ οὕτως ἅμα μὲν ἡ κατάτασις ὑπεξαίροιτο τὴν κεφαλὴν τοῦ μηροῦ ὑπὲρ τῆς κοτύλης, ἅμα δὲ ἡ μόχλευσις ἀπωθέοι τὴν κεφαλὴν τοῦ μηροῦ εἰς τὴν ἀρχαίην φύσιν.	καί γάρ οὕτως ἅμα μέν ὁ κατάτασις  ὁ κεφαλή ὁ μηρός ὑπέρ ὁ κοτύλη , ἅμα δέ ὁ μόχλευσις ἀπωθέω ὁ κεφαλή ὁ μηρός εἰς ὁ ἀρχαῖος φύσις .
187539	tlg0057.tlg095.1st1K-grc1	αὗται πᾶσαι αἱ εἰρημέναι ἀνάγκαι ἰσχυραὶ καὶ πᾶσαι κρείσσους τῆς ξυμφορῆς, ἤν τις ὀρθῶς καὶ καλῶς σκευάζοι.	οὗτος πᾶς ὁ λέγω ἀνάγκη ἰσχυρός καί πᾶς  ὁ συμφορά , ἐάν τις ὀρθός καί καλός σκευάζω .
187540	tlg0057.tlg095.1st1K-grc1	ὥσπερ δὲ καὶ πρόσθεν εἴρηται, πουλύ τι ἀπὸ ἀσθενεστέρων κατατασίων καὶ φαυλοτέρης κατασκευῆς τοῖσι πλείοσιν ἐμπίπτει.	ὥσπερ δέ καί πρόσθεν λέγω ,  τις ἀπό   καί  κατασκευή ὁ  ἐμπίπτω .
187541	tlg0057.tlg095.1st1K-grc1	Ἀναταθέντος τοῦ μηροῦ περὶ τὸν κλιμακτῆρα ταπεινότερον γίγνεται τὸ ἐκπεπτωκὸς ἄρθρον.	ὁ μηρός περί ὁ κλιμακτήρ ταπεινός γίγνομαι ὁ ἐκπίπτω ἄρθρον .
187542	tlg0057.tlg095.1st1K-grc1	ἐπιτήδειον δὲ τοῦτο πρὸς τὴν ἐμβολήν ἐστιν, ἐπειδὴ ταπεινότερος νῦν ἡ ὀφρὺς τῆς κοτύλης γέγονε τῆς κεφαλῆς τοῦ μηροῦ·	ἐπιτήδειος δέ οὗτος πρός ὁ ἐμβολή εἰμί , ἐπεί ταπεινός νῦν ὁ ὀφρῦς ὁ κοτύλη γίγνομαι ὁ κεφαλή ὁ μηρός ·
187543	tlg0057.tlg095.1st1K-grc1	καὶ νῦν εἰ χωρὶς μὲν τῆς κοτύλης τὴν ὀφρὺν ὑπερβῆναι τὸ ἐκπεπτωκὸς ἄρθρον οὐχ οἷόν τέ ἐστιν αὐτὸ πάλιν ἐμπεσεῖν, ἀπεχώρισε δὲ ἀνωτέρω τῆς ὀφρύος, ἄριστον ἂν εἴη ταπεινὸν αὐτὸ ποιήσαντα κατατείνειν.	καί νῦν εἰ χωρίς μέν ὁ κοτύλη ὁ ὀφρῦς ὑπερβαίνω ὁ ἐκπίπτω ἄρθρον οὐ   εἰμί αὐτός πάλιν ἐμπίπτω ,  δέ ἄνω ὁ ὀφρῦς , ἄριστος ἄν εἰμί ταπεινός αὐτός ποιέω κατατείνω .
187544	tlg0057.tlg095.1st1K-grc1	ἐξαρτῆσαι δὲ δηλονότι δεῖ τοὺς κατατείνοντας αὐτῷ βρόχους ἤτοι ξύλου τινὸς ὑπεροειδοῦς ἀντιστηριζομένου τῷ κάτω πέρατι πρὸς ἑδραῖόν τι κατὰ τοὔδαφος κείμενον·	ἐξαρτάω δέ  δέω ὁ  αὐτός  ἤτοι     τῷ κάτω πέρας πρός  τις κατά ἔδαφος  ·
187545	tlg0057.tlg095.1st1K-grc1	εἰ δὲ μὴ διὰ τοῦ τοιούτου ξύλου βούλοιο τὴν κατανάγκασιν ποιεῖσθαι, τῷ πρὸς τῶν ποδῶν ἄξονι τοῦ βάθρου περιβαλεῖν τὰ πέρατα τῶν κατατεινόντων ἱμαντίων.	εἰ δέ μή διά ὁ τοιοῦτος ξύλον  ὁ  ποιέω , τῷ πρός ὁ πούς  ὁ  περιβάλλω ὁ πέρας ὁ κατατείνω  .
187546	tlg0057.tlg095.1st1K-grc1	τοῦτο γὰρ ἐδήλωσεν ἐν τῷ φάναι εἴτε τούτων τινὶ, εἴτε τῶν κατατασίων, λέγων τούτων δηλονότι τῶν προειρημένων πρὸς διαστολὴν τοῦ ὑπεροειδοῦς ξύλου.	οὗτος γάρ δηλόω ἐν τῷ φημί εἴτε οὗτος  , εἴτε ὁ  , λέγω οὗτος  ὁ προαγορεύω πρός διαστολή ὁ  ξύλον .
187547	tlg0057.tlg095.1st1K-grc1	τὰ δ’ ἐφεξῆς τῆς ῥήσεως τῆσδε δῆλα.	ὁ  ἐφεξῆς ὁ  ὅδε δῆλος .
187548	tlg0057.tlg095.1st1K-grc1	Ἢν δὲ ἐς τὸ ἔξω ἡ κεφαλὴ τοῦ μηροῦ ὀλισθῇ, τὰς μὲν κατατάσιας ἔνθα καὶ ἔνθα χρὴ ποιέεσθαι, ὥσπερ εἴρηται τοιουτοτρόπως.	δέ εἰς ὁ ἔξω ὁ κεφαλή ὁ μηρός  , ὁ μέν  ἔνθα καί ἔνθα χρή ποιέω , ὥσπερ λέγω τοιουτότροπος .
187549	tlg0057.tlg095.1st1K-grc1	τὴν δὲ μόχλευσιν πλάτος ἔχοντι μοχλῷ μοχλεύειν χρὴ ἅμα τῇ κατατάσει ἐκ τοῦ ἔξω μέρους ἐς τὸ εἴσω ἀναγκάζοντα, κατά τε αὐτὸν ἤδη τὸν γλουτὸν τιθέμενον τὸν μοχλὸν καὶ ὀλίγῳ ἀνωτέρω.	ὁ δέ μόχλευσις πλάτος ἔχω μοχλός μοχλεύω χρή ἅμα ὁ κατάτασις ἐκ ὁ ἔξω μέρος εἰς ὁ εἴσω ἀναγκάζω , κατά τε αὐτός ἤδη ὁ γλουτός τίθημι ὁ μοχλός καί ὀλίγος ἄνω .
187550	tlg0057.tlg095.1st1K-grc1	ἐπὶ δὲ τὸ ὑγιὲς ἰσχίον κατὰ τὸν γλουτὸν ἀντιστηριζέτω τις τῇσι χερσὶν, ὡς μὴ ὑπείκῃ τὸ σῶμα ἢ ἑτέρῳ τινὶ τοιούτῳ μοχλῷ ὑπερβάλλων καὶ ἐρείσας ἐκ τῶν καπέτων τὴν ἁρμόζουσαν ἀντικατασχέτω.	ἐπί δέ ὁ ὑγιής ἰσχίον κατά ὁ γλουτός ἀντιστηρίζω τις ὁ χείρ , ὡς μή  ὁ σῶμα ἤ ἕτερος  τοιοῦτος μοχλός ὑπερβάλλω καί ἐρείδω ἐκ ὁ  ὁ ἁρμόζω  .
187551	tlg0057.tlg095.1st1K-grc1	τοῦ δὲ μηροῦ τοῦ ἐξηρθρηκότος τὸ παρὰ τὸ γόνυ εἴσωθεν ἔξω παραγέτω ἡσύχως.	ὁ δέ μηρός ὁ  ὁ παρά ὁ γόνυ  ἔξω παράγω ἥσυχος .
187552	tlg0057.tlg095.1st1K-grc1	ἡ δὲ κρέμασις οὐχ ἁρμόσει τούτῳ τῷ τρόπῳ τῆς ὀλισθήσιος τοῦ ἄρθρου·	ὁ δέ κρέμασις οὐ ἁρμόζω οὗτος ὁ τρόπος ὁ ὀλίσθησις ὁ  ·
187553	tlg0057.tlg095.1st1K-grc1	ὁ γὰρ πῆχυς τοῦ ἐκκρεμαμένου ἀπωθέοι ἂν τὴν κεφαλὴν τοῦ μηροῦ ἀπὸ τῆς κοτύλης.	ὁ γάρ πῆχυς ὁ   ἐάν ὁ κεφαλή ὁ μηρός ἀπό ὁ κοτύλη .
187554	tlg0057.tlg095.1st1K-grc1	τὴν μέντοι ξὺν τῷ ὑποκειμένῳ ξύλῳ μόχλευσιν μηχανήσαιτ’ ἄν τις, ὥστε ἁρμόζειν καὶ τούτῳ τῷ τρόπῳ τοῦ ὀλισθήματος ἔξωθεν προσαρτέον.	ὁ  σύν τῷ  ξύλον μόχλευσις  ἄν τις , ὥστε ἁρμόζω καί οὗτος ὁ τρόπος ὁ ὀλίσθημα ἔξωθεν  .
187555	tlg0057.tlg095.1st1K-grc1	ἀλλὰ τί καὶ δεῖ πλείω λέγειν;	ἀλλά τι καί δέω πολύς λέγω ;
187556	tlg0057.tlg095.1st1K-grc1	ἢν γὰρ ὀρθῶς μὲν καὶ εὖ κατατείνηται, ὀρθῶς δὲ μοχλεύηται, τί οὐκ ἂν ἐμπέσοι ἄρθρον οὕτως ἐκπεπτωκός;	ἐάν γάρ ὀρθός μέν καί εὖ  , ὀρθός δέ μοχλεύω , τι οὐ ἄν ἐμπίπτω ἄρθρον οὕτως  ;
187557	tlg0057.tlg095.1st1K-grc1	Ἐὰν κατατείνῃ τις ἰσχυρῶς τὸ σκέλος οὐδὲ τῆς διὰ τοῦ ξύλου μοχλείας ἐστὶ χρεία.	κατατείνω τις ἰσχυρός ὁ σκέλος οὐδέ ὁ διά ὁ ξύλον  εἰμί χρεία .
187558	tlg0057.tlg095.1st1K-grc1	καὶ γὰρ αἱ χεῖρες ἡμῶν ἱκαναὶ περιλαβοῦσαι κατὰ τὸν γλουτὸν ἔξωθεν ὅλον τὸ πέρας τοῦ μηροῦ πρὸς τὴν ἔσω χώραν ἀπῶσαι, μέχρις ἂν κατ’ εὐθὺ γένηται τῆς κοτύλης.	καί γάρ ὁ χείρ ἐγώ ἱκανός  κατά ὁ γλουτός ἔξωθεν ὅλος ὁ πέρας ὁ μηρός πρός ὁ εἴσω χώρα ἀπωθέω , μέχρι ἄν κατά εὐθύς γίγνομαι ὁ κοτύλη .
187559	tlg0057.tlg095.1st1K-grc1	εὔδηλον δὲ ὅτι στρογγύλος μοχλὸς ἀνεπιτήδειός ἐστιν εἰς τὴν τοιαύτην μοχλείαν, ὅπου γε καὶ ὁ πλατὺς ἐνδεής ἐστιν, εἰ μὴ τοιοῦτος εἴη καθ’ ἃ περιλαμβάνει τὸν γλουτὸν, ὁποίαν ἐκέλευσε ποιεῖν ἡμᾶς τὴν καλουμένην ἄμβην.	εὔδηλος δέ ὅτι2 στρογγύλος μοχλός ἀνεπιτήδειος εἰμί εἰς ὁ τοιοῦτος  , ὅπου γε καί ὁ πλατύς ἐνδεής εἰμί , εἰ μή τοιοῦτος εἰμί κατά ὅς περιλαμβάνω ὁ γλουτός ,  κελεύω ποιέω ἐγώ ὁ καλέω ἄμβη .
187560	tlg0057.tlg095.1st1K-grc1	αὐτὸς γοῦν εἴρηκε κατὰ λέξιν, ὡς κατ’ αὐτόν γε τὸν γλουτὸν τιθέμενον τὸν μοχλὸν καὶ ὀλίγον ἀνωτέρω, οὕτως ἐπιχειρεῖν χρὴ τῇ μοχλείᾳ.	αὐτός γοῦν λέγω κατά λέξις , ὡς κατά αὐτός γε ὁ   ὁ  καί ὀλίγος ἄνω , οὕτως ἐπιχειρέω χρή ὁ  .
187561	tlg0057.tlg095.1st1K-grc1	τοῦτο δὲ τὸ ὀλίγον ἀνωτέρω σιμοτέρου δεῖται τοῦ περιλαμβάνοντος οὐκ εὐθέως ἀκριβῶς.	οὗτος δέ ὁ ὀλίγος ἄνω  δέω ὁ  οὐ εὐθύς ἀκριβής .
187562	tlg0057.tlg095.1st1K-grc1	τὰ δ’ ἐφεξῆς πάντα δῆλα καὶ τῆσδε τῆς ῥήσεως.	ὁ  ἐφεξῆς πᾶς δῆλος καί ὅδε ὁ  .
187563	tlg0057.tlg095.1st1K-grc1	Ἢν δὲ ἐς τοὔπισθεν μέρος ἐκπεπτώκῃ ὁ μηρὸς, τὰς μὲν κατατάσιας καὶ ἀντιτάσιας, οὕτω δεῖ ποιέεσθαι καθάπερ εἴρηται.	δέ εἰς ὄπισθεν μέρος ἐκπίπτω ὁ μηρός , ὁ μέν κατάτασις καί  , οὕτως δέω ποιέω καθά λέγω .
187564	tlg0057.tlg095.1st1K-grc1	ἐπιστορέσαντα δὲ ἐπὶ τὸ ξύλον ἱμάτιον πολύπτυχον, ὡς μαλακώτατον ἔῃ, πρηνέα κατακλίναντα τὸν ἄνθρωπον οὕτω κατατείνειν, ἅμα δὲ τῇ κατατάσει χρὴ τῇ σανίδι καταναγκάζειν τὸν αὐτὸν τρόπον, ὡς τὰ ὑβώματα κατ’ ἴξιν τοῦ πυγαίου ποιησάμενον τὴν σανίδα καὶ μᾶλλον ἐς τὸ κάτω μέρος ἢ ἐς τὸ ἄνω τῶν ἰσχίων·	ἐπιστορέννυμι δέ ἐπί ὁ ξύλον ἱμάτιον πολύπτυχος , ὡς μαλακός εἰμί , πρανής κατακλίνω ὁ ἄνθρωπος οὕτως κατατείνω , ἅμα δέ ὁ κατάτασις χρή ὁ σανίς καταναγκάζω ὁ αὐτός τρόπος , ὡς ὁ ὕβωμα κατά ἵξις ὁ πυγαῖος ποιέω ὁ σανίς καί μᾶλλον εἰς ὁ κάτω μέρος ἤ εἰς ὁ ἄνω2 ὁ  ·
187565	tlg0057.tlg095.1st1K-grc1	καὶ ἡ ἐντομὴ ἐν τῷ τοίχῳ τῇ σανίδι μὴ εὐθεῖα ἔστω, ἀλλ’ ὀλίγον καταφερὴς πρὸς τὸ τῶν ποδῶν μέρος·	καί ὁ  ἐν ὁ τοῖχος ὁ σανίς μή εὐθύς εἰμί , ἀλλά ὀλίγος καταφερής πρός ὁ ὁ πούς μέρος ·
187566	tlg0057.tlg095.1st1K-grc1	αὕτη ἡ ἐμβολὴ κατὰ φύσιν μάλιστα τῷ τρόπῳ τούτῳ τοῦ ὀλισθήματός ἐστι καὶ ἅμα ἰσχυροτάτη.	οὗτος ὁ ἐμβολή κατά φύσις μάλιστα ὁ τρόπος οὗτος ὁ ὀλίσθημα εἰμί καί ἅμα ἰσχυρός .
187567	tlg0057.tlg095.1st1K-grc1	ἀρκέσειε δ’ ἂν ἴσως ἀντὶ τῆς σανίδος καὶ ἐφεζόμενόν τινα ἢ τῇσι χερσὶν ἐρεισάμενον ἢ ἐπιβάντα ἐξαπίνης ὁμοίως ἐπαιωρηθῆναι ἅμα τῇ κατατάσει.	ἀρκέω  ἄν ἴσος ἀντί ὁ σανίς καί ἐφέζομαι τις ἤ ὁ χείρ  τίη ἐπιβαίνω ἐξαίφνης ὅμοιος ἐπαιωρέω ἅμα ὁ κατάτασις .
187568	tlg0057.tlg095.1st1K-grc1	ἄλλη δὲ οὐδεμίη ἐμβολὴ τῶν προειρημένων κατὰ φύσιν ἐστὶ τῷ τρόπῳ τούτῳ τοῦ ὀλισθήματος.	ἄλλος δέ οὐδείς ἐμβολή ὁ προαγορεύω κατά φύσις εἰμί ὁ τρόπος οὗτος ὁ ὀλίσθημα .
187569	tlg0057.tlg095.1st1K-grc1	Καὶ τὰ περὶ τοῦ τρόπου τούτου τῆς ἐκπτώσεως εἰρημένα πάντ’ ἐστὶ σαφῆ τοῖς μεμνημένοις τῶν προειρημένων.	καί ὁ περί ὁ τρόπος οὗτος ὁ ἔκπτωσις λέγω  εἰμί σαφής ὁ  ὁ προαγορεύω .
187570	tlg0057.tlg095.1st1K-grc1	ἀξιοῖ γὰρ οὐχ ὡς τοὺς προτέρους, οὕτω καὶ τοῦτον ὕπτιον κατακλίνειν, ἀλλ’ ἐπὶ τὴν γαστέρα·	ἀξιόω γάρ οὐ ὡς ὁ πρότερος , οὕτως καί οὗτος  κατακλίνω , ἀλλά ἐπί ὁ γαστήρ ·
187571	tlg0057.tlg095.1st1K-grc1	τοῦτο γὰρ δηλονότι τὸ πρηνές ἐστι σχῆμα.	οὗτος γάρ  ὁ πρανής εἰμί σχῆμα .
187572	tlg0057.tlg095.1st1K-grc1	κατατείναντα δὲ ἰσχυρῶς ἐκ τῶν ὀπίσω μερῶν εἰς τὸ πρόσω χρὴ τὸ ἄρθρον ὠθεῖν.	κατατείνω δέ ἰσχυρός ἐκ ὁ ὀπίσω μέρος εἰς ὁ πρόσω χρή ὁ ἄρθρον ὠθέω .
187573	tlg0057.tlg095.1st1K-grc1	ἐν δὲ τῇ νῦν κατακλίσει τὸ μὲν ὀπίσω μέρος ἄνωθεν γίνεται, τὸ πρόσω δὲ ὑποκάτω τούτου.	ἐν δέ ὁ νῦν  ὁ μέν ὀπίσω μέρος ἄνωθεν γίγνομαι , ὁ πρόσω δέ ὑποκάτω οὗτος .
187574	tlg0057.tlg095.1st1K-grc1	διὸ προσήκει τὸν ἐμβάλλοντα καταναγκάζειν εἰς τὸ κάτω τὴν κεφαλὴν τοῦ μηροῦ καὶ τοῦθ’ ἱκανώτατον μὲν ἡ διὰ τῆς σανίδος σήπωσις ἐργάζεται.	διό προσήκω ὁ ἐμβάλλω καταναγκάζω εἰς ὁ κάτω ὁ κεφαλή ὁ μηρός καί  ἱκανός μέν ὁ διά ὁ σανίς  ἐργάζομαι .
187575	tlg0057.tlg095.1st1K-grc1	δύναιτο δ’ ἄν τις αὐτὸ καλῶς πρᾶξαι κατ’ αὐτὴν τὴν ἐξοχὴν ἐπικαθίσας μετὰ τοῦ προσεμβληθῆναι βιαίως·	δύναμαι  ἄν τις αὐτός καλός πράσσω κατά αὐτός ὁ ἐξοχή ἐπικαθίζω μετά ὁ  βίαιος ·
187576	tlg0057.tlg095.1st1K-grc1	ἀλλ’ ἐὰν τὸ τῆς ἰδίας πυγῆς ἐξέχον, ἐρείσει κατὰ τῆς ἐξηρθρηκυίας κεφαλῆς, οὐδὲν ὀνήσει τὸν κάμνοντα.	ἀλλά ἐάν ὁ ὁ ἴδιος πυγή ἐξέχω , ἐρείδω κατά ὁ  κεφαλή ,  ὀνίνημι ὁ κάμνω .
187577	tlg0057.tlg095.1st1K-grc1	δεῖται τοίνυν τοῦτο τὸ ἔργον ἀνδρὸς ἐπιμελοῦς τε καὶ συνετοῦ.	δέω τοίνυν οὗτος ὁ ἔργον ἀνήρ ἐπιμελής τε καί  .
187578	tlg0057.tlg095.1st1K-grc1	Ἢν δὲ ἐς τὸ ἔμπροσθεν ὀλισθῇ, τῶν μὲν κατατασίων ὁ αὐτὸς τρόπος ποιητέος.	δέ εἰς ὁ ἔμπροσθεν  , ὁ μέν  ὁ αὐτός τρόπος ποιέω .
187579	tlg0057.tlg095.1st1K-grc1	ἄνδρα δὲ χρὴ ὡς ἰσχυρότατον ἀπὸ χειρῶν καὶ ὡς εὐπαιδευτότατον ἐρείσαντα τὸ θέναρ τῆς χειρὸς ἑτέρης παρὰ τὸν βουβῶνα καὶ τῇ ἑτέρῃ χειρὶ τὴν ἑωυτοῦ χεῖρα προσκαταλαβόντα, ἅμα μὲν ἐς τὸ κάτω ὠθέειν τὸ ὀλίσθημα, ἅμα δὲ ἐς τὸ ἔμπροσθεν τοῦ γούνατος μέρος.	ἀνήρ δέ χρή ὡς ἰσχυρός ἀπό χείρ καί ὡς  ἐρείδω ὁ θέναρ ὁ χείρ ἕτερος παρά ὁ βουβών καί ὁ ἕτερος χείρ ὁ ἑαυτοῦ χείρ προσκαταλαμβάνω , ἅμα μέν εἰς ὁ κάτω ὠθέω ὁ ὀλίσθημα , ἅμα δέ εἰς ὁ ἔμπροσθεν ὁ γόνυ μέρος .
187580	tlg0057.tlg095.1st1K-grc1	οὗτος γὰρ ὁ τρόπος τῆς ἐμβολῆς μάλιστα κατὰ φύσιν τούτῳ τῷ ὀλισθήματί ἐστιν·	οὗτος γάρ ὁ τρόπος ὁ ἐμβολή μάλιστα κατά φύσις οὗτος ὁ  εἰμί ·
187581	tlg0057.tlg095.1st1K-grc1	ἀτὰρ καὶ ὁ κρεμασμὸς ἐγγύς τι τοῦ κατὰ φύσιν.	καί ὁ κρεμασμός ἐγγύς τι ὁ κατά φύσις .
187582	tlg0057.tlg095.1st1K-grc1	δεῖ μέντοι τὸν ἐκκρεμάμενον ἔμπειρον εἶναι, ὡς μὴ ἐκμοχλεύοι τῷ πήχεϊ τὸ ἄρθρον, ἀλλὰ περὶ μέσον τὸν περίναιον καὶ κατὰ τὸ ἱερὸν ὀστέον τὴν ἐκκρέμασιν ποιέεται.	δέω  ὁ ἐκκρεμάννυμι ἔμπειρος εἰμί , ὡς μή  τῷ  ὁ ἄρθρον , ἀλλά περί μέσος ὁ  καί κατά ὁ ἱερόν ὀστέον ὁ  ποιέω .
187583	tlg0057.tlg095.1st1K-grc1	Ἐπὶ τὴν τετάρτην διαφορὰν τῆς ἐκπτώσεως τοῦ κατ’ ἰσχίον ἄρθρου μεταβὰς, σαφέστατα πάντα τὰ περὶ αὐτοῦ εἶπε καὶ μάλιστα τῶν μεμνημένων τῶν ἔμπροσθεν ὥστε οὐδὲν ἡμᾶς τῶν ἐνταῦθα δεῖ παραφλυαρεῖν.	ἐπί ὁ τέταρτος διαφορά ὁ ἔκπτωσις ὁ κατά ἰσχίον  μεταβαίνω , σαφής πᾶς ὁ περί αὐτός λέγω καί μάλιστα ὁ  ὁ ἔμπροσθεν ὥστε οὐδείς ἐγώ ὁ ἐνταῦθα δέω  .
187584	tlg0057.tlg095.1st1K-grc1	Εὐδοκιμέει δὲ καὶ ὁ πειραθεὶς ἀσκῷ τοῦτο τὸ ἄρθρον ἐμβαλέσθαι.	εὐδοκιμέω δέ καί ὁ πειράω ἀσκός οὗτος ὁ ἄρθρον ἐμβάλλω .
187585	tlg0057.tlg095.1st1K-grc1	καὶ ἤδη μέν τινας εἶδον, οἵτινες ὑπὸ φαυλότητος καὶ τὰ ἔξω ἐγκεκλιμένα καὶ τὰ ὄπισθεν ἀσκῷ ἐπειρῶντο ἐμβαλεῖν, οὐ γινώσκοντες ὅτι ἐξέβαλλον αὐτὸ μᾶλλον ἢ ἐνέβαλλον.	καί ἤδη μέν τις ὁράω , ὅστις ὑπό φαυλότης καί ὁ ἔξω ἐγκλίνω καί ὁ ὄπισθεν ἀσκός πειράω ἐμβάλλω , οὐ γιγνώσκω ὅτι2 ἐκβάλλω αὐτός μᾶλλον ἤ ἐμβάλλω .
187586	tlg0057.tlg095.1st1K-grc1	ὁ μέντοι πρῶτος ἐπινοήσας δῆλον ὅτι πρὸς τὰ εἴσω ὠλισθηκότα ἀσκῷ ἐμβάλλειν ἐπειρήσατο, ἐπίστασθαι μὲν οὖν χρὴ, ὅτι ἕτερα πολλὰ ἀσκοῦ κρείσσω ἐστί.	ὁ  πρῶτος ἐπινοέω δῆλος ὅτι2 πρός ὁ εἴσω ὀλισθάνω ἀσκός ἐμβάλλω πειράω , ἐφίστημι μέν οὖν χρή , ὅτι2 ἕτερος πολύς  κρείσσων εἰμί .
187587	tlg0057.tlg095.1st1K-grc1	χρὴ δὲ τὸν μὲν ἀσκὸν κατατιθέναι ἐς τοὺς μηροὺς ἀφύσητον ἐόντα, ὡς ἂν δύναιτο ἀνωτάτω πρὸς τὸν περίναιον ἀνάγοντα.	χρή δέ ὁ μέν ἀσκός κατατίθημι εἰς ὁ μηρός ἀφύσητος εἰμί , ὡς ἄν δύναμαι ἄνω πρός ὁ  ἀνάγω .
187588	tlg0057.tlg095.1st1K-grc1	ἀπὸ δὲ τῶν ἐπιγουνίδων ἀρξάμενον ταινίῃ πρὸς ἀλλήλους τοὺς μηροὺς καταδῆσαι, ἄχρι τοῦ ἡμίσεος τῶν μηρῶν, ἔπειτα ἐς ἕνα τῶν πολλῶν τὸν λελυμένον ἐνθέντα αὐλὸν ἐκ χαλκείου φυσᾶν καὶ ἐσαναγκάζειν ἐς τὸν ἀσκὸν, τὸν δὲ ἄνθρωπον πλάγιον κατακέεσθαι τὸ σιναρὸν σκέλος ἐπιπολῆς ἔχοντα.	ἀπό δέ ὁ ἐπιγουνίς ἄρχω ταινία πρός ἀλλήλων ὁ μηρός καταδέω , ἄχρι ὁ  ὁ μηρός , ἔπειτα εἰς  ὁ πολύς ὁ λύω  αὐλός ἐκ χαλκεῖον φυσάω καί εἰσαναγκάζω εἰς ὁ ἀσκός , ὁ δέ ἄνθρωπος πλάγιος κατάκειμαι ὁ σιναρός σκέλος ἐπιπολή ἔχω .
187589	tlg0057.tlg095.1st1K-grc1	ἡ μὲν οὖν παρασκευὴ αὕτη ἐστί·	ὁ μέν οὖν παρασκευή οὗτος εἰμί ·
187590	tlg0057.tlg095.1st1K-grc1	σκευάζονται δὲ κάκιον οἱ πλεῖστοι ἢ ὡς ἐγὼ εἴρηκα·	σκευάζω δέ κακός ὁ πλεῖστος τίη ὡς  λέγω ·
187591	tlg0057.tlg095.1st1K-grc1	οὐ γὰρ καταδέουσι τοὺς μηροὺς ἐπὶ συχνὸν, ἀλλὰ μοῦνον τὰ γούνατα καὶ οὐ προσκατατείνουσι.	οὐ γάρ καταδέω ὁ μηρός ἐπί συχνός , ἀλλά μόνος ὁ γόνυ καί οὐ  .
187592	tlg0057.tlg095.1st1K-grc1	χρὴ δὲ καὶ προσκα τατείνειν, ὅμως δὲ ἤδη τινὲς ἐνέβαλον, ῥηϊδίου πράγματος ἐπιτυχόντες.	χρή δέ καί   , ὅμως δέ ἤδη  ἐμβάλλω ,  πρᾶγμα ἐπιτυγχάνω .
187593	tlg0057.tlg095.1st1K-grc1	εὐφόρως δὲ οὐ πάνυ ἔχει διαναγκάζεσθαι οὕτως.	εὔφορος δέ οὐ πάνυ ἔχω διαναγκάζω οὕτως .
187594	tlg0057.tlg095.1st1K-grc1	ὅ τε γὰρ ἀσκὸς ἐμφυσώμενος οὐ τὰ ὀγκηρότατα αὐτοῦ ἔχει πρὸς τῷ ἄρθρῳ τῆς κεφαλῆς, ἣν δεῖ μάλιστα ἐκμοχλεύσασθαι, ἀλλὰ κατὰ τὸν ἑωυτὸν, αὐτὸς μέσος καὶ τῶν μερῶν ἴσως ἢ κατὰ τὸ μέσον ἢ ἔτι κατωτέρω.	ὁ τε γάρ  ἐμφυσάω οὐ ὁ ὀγκηρός αὐτός ἔχω πρός ὁ  ὁ κεφαλή , ὅς δέω μάλιστα ἐκμοχλεύω , ἀλλά κατά ὁ ἑαυτοῦ , αὐτός  καί ὁ μέρος ἴσος ἤ κατά ὁ μέσος ἤ ἔτι κάτω .
187595	tlg0057.tlg095.1st1K-grc1	οἵ τε αὖ μηροὶ γαυσοὶ πεφύκασιν·	ὁ τε αὖ   φύω ·
187596	tlg0057.tlg095.1st1K-grc1	ἄνωθεν γὰρ σαρκώδεές τε καὶ ξύμμηροι, ἐς δὲ τὸ κάτω ὑπόξηροι, ὥστε καὶ ἡ τῶν μηρῶν φύσις ἐπαναγκάζει τὸν ἀσκὸν ἀπὸ τοῦ ἐπικαιροτάτου χωρίου·	ἄνωθεν γάρ  τε καί σύμμηρος , εἰς δέ ὁ κάτω ὑπόξηρος , ὥστε καί ὁ ὁ μηρός φύσις ἐπαναγκάζω ὁ ἀσκός ἀπό ὁ   ·
187597	tlg0057.tlg095.1st1K-grc1	εἴτε οὖν τις μικρὸν ἐνθήσει τὸν ἀσκὸν, μικρὴ ἡ ἰσχὺς ἐοῦσα ἀδύνατόν ἐστιν ἀναγκάζειν τὸ ἄρθρον.	εἴτε οὖν τις μικρός ἐντίθημι ὁ ἀσκός , μικρός ὁ ἰσχύς εἰμί ἀδύνατος εἰμί ἀναγκάζω ὁ ἄρθρον .
187598	tlg0057.tlg095.1st1K-grc1	εἰ δὲ δεῖ ἀσκῷ χρέεσθαι ἐπὶ πολὺ οἱ μηροὶ ξυνδετέοι πρὸς ἀλλήλους καὶ ἅμα τῇ κατατάσει τοῦ σώματος ὁ ἀσκὸς φυσητέος.	εἰ δέ δέω ἀσκός χράομαι ἐπί πολύς ὁ μηρός συνδετέον πρός ἀλλήλων καί ἅμα ὁ κατάτασις ὁ σῶμα ὁ   .
187599	tlg0057.tlg095.1st1K-grc1	τὰ δὲ σκέλεα ἀμφότερα ὁμοῦ καταδεῖν ἐν τούτῳ τῷ τρόπῳ τῆς ἐμβολῆς ἐπὶ τὴν τελευτήν.	ὁ δέ  ἀμφότερος ὁμοῦ  ἐν οὗτος ὁ τρόπος ὁ ἐμβολή ἐπί ὁ τελευτή .
187600	tlg0057.tlg095.1st1K-grc1	Καὶ τὸν διὰ τοῦ ἀσκοῦ τρόπον τῆς ἐμβολῆς οὐκ ἐπαινῶν, ὅμως ὡς ἄν τις ἄριστα καὶ τούτῳ χρήσαιτο διδάσκει, σαφῶς ἅπαντα διερχόμενος.	καί ὁ διά ὁ ἀσκός τρόπος ὁ ἐμβολή οὐ ἐπαινέω , ὅμως ὡς ἄν τις ἄριστος καί οὗτος χράομαι διδάσκω , σαφής ἅπας  .
187601	tlg0057.tlg095.1st1K-grc1	Χρὴ δὲ περὶ πλείστου μὲν ποιέεσθαι ἐν πάσῃ τῇ τέχνῃ, ὅκως ὑγιὲς μὲν ποιήσῃς τὸ νοσέον.	χρή δέ περί πλεῖστος μέν ποιέω ἐν πᾶς ὁ τέχνη , ὅπως ὑγιής μέν ποιέω ὁ  .
187602	tlg0057.tlg095.1st1K-grc1	εἰ δὲ πολλοῖσι τρόποισιν οἷόν τε εἴη ὑγιέας ποιέειν τὸν ἀοχλότατον χρὴ αἱρέεσθαι·	εἰ δέ πολύς τρόπος  τε εἰμί  ποιέω ὁ  χρή αἱρέω ·
187603	tlg0057.tlg095.1st1K-grc1	καὶ γὰρ ἀνδραγαθικώτερον τοῦτο καὶ τεχνικώτερον, ὅστις μὴ ἐπιθυμέει δημοειδέος κιβδηλίης, περὶ οὗ νῦν ὁ λόγος ἐστί.	καί γάρ  οὗτος καί τεχνικός , ὅστις μή ἐπιθυμέω δημοειδής κιβδηλία , περί οὗ νῦν ὁ λόγος εἰμί .
187604	tlg0057.tlg095.1st1K-grc1	τοιοίδετ’ ἄν τινες κατοικίδιοι κατατάσιες εἶεν τοῦ σώματος, ὥστε ἐκ τῶν παρεόντων τὸ εὔπορον εὑρίσκειν.	τοιόσδε τ’ ἄν τις κατοικίδιος  εἰμί ὁ σῶμα , ὥστε ἐκ ὁ πάρειμι ὁ εὔπορος εὑρίσκω .
187605	tlg0057.tlg095.1st1K-grc1	Οὗτος ὕστατος αὐτῷ λόγος ἐστὶ παρακελευομένῳ τὴν εὐπορίαν ἀσκεῖν τῶν ἐπιτηδείων πρὸς τὴν θεραπείαν, ὥστε κἂν μήτε τὸ βάθρον παρῇ, μήτε ἄλλο τι τῶν προειρημένων ἐπινοεῖν αὐτὸν ὅμοιόν τι, περὶ ὧν ἐφεξῆς σαφέστατα διῆλθεν, ὡς μηδὲν αὐτῶν δεῖσθαι μηδὲ βραχυτάτης ἐξηγήσεως.	ὕστατος αὐτός λόγος εἰμί  ὁ εὐπορία ἀσκέω ὁ ἐπιτήδειος πρός ὁ θεραπεία , ὥστε ἐάν  ὁ βάθρον πείρω , μήτε ἄλλος τις ὁ προαγορεύω ἐπινοέω αὐτός ὅμοιος τις , περί ὅς ἐφεξῆς σαφής διέρχομαι , ὡς μηδείς αὐτός δέω μηδέ βραχύς ἐξήγησις .
187606	tlg0057.tlg095.1st1K-grc1	ἅπαντα γάρ ἐστι σαφέστατα τοῖς γε μεμνημένοις τῶν προειρημένων, ὃ δὲ μοι δοκεῖ ἀσαφέστερον εἶναι τοῦτο προσγράψω.	ἅπας γάρ εἰμί σαφής ὁ γε  ὁ προαγορεύω ,  δέ ἐγώ δοκέω ἀσαφής εἰμί οὗτος  .
187607	tlg0057.tlg095.1st1K-grc1	Τοῦτο μὲν ἢν τὰ δεσμὰ τὰ ἱμάντινα μὴ παρείη τὰ μαλθακὰ καὶ προσηνέα, ἀλλ’ ἢ σιδήρεα ἢ ὅπλα ἢ σχοινία ταινίῃσι χρὴ ἢ ἐῤῥήγμασι τρυχίων ἐρινεῶν περιελίσσειν ταύτῃ μάλιστα, εἰ μέλλοι τὰ δεσμὰ καθέξειν καὶ ἔτι ἐπὶ πλέον ἔπειτα οὕτω δεῖν τοῖσι δεσμοῖσι.	οὗτος μέν  ὁ δεσμός ὁ ἱμάντινος μή πάρειμι ὁ μαλθακός καί  , ἀλλά τίη σιδήρεος τίη ὅπλον τίη  ταινία χρή ἤ    περιελίσσω οὗτος μάλιστα , εἰ μέλλω ὁ δεσμός κατέχω καί ἔτι ἐπί  ἔπειτα οὕτως δέω ὁ δεσμός .
187608	tlg0057.tlg095.1st1K-grc1	Τὰ κατὰ τὴν ναῦν σχοινία καλοῦσιν ὅπλα, δηλοῖ δὲ τοῦτο καὶ ὁ ποιητὴς εἰπών·	κατά ὁ ναῦς  καλέω ὅπλον , δηλόω δέ οὗτος καί ὁ ποιητής λέγω ·
187609	tlg0057.tlg095.1st1K-grc1	Κεῖτο δ’ ὑπ’ αἰθούσῃ ὅπλον νεὸς ἀμφιελίσσης.	ὑπό αἴθω ὅπλον ναῦς ἀμφιέλισσα .
187610	tlg0057.tlg095.1st1K-grc1	Δῆλον οὖν ὅτι νῦν ὁ Ἱπποκράτης εἴρηκεν ὅπλα μὲν ἰδίως τὰ ἐν τῇ νηῒ σχοινία.	Δῆλος οὖν ὅτι2 νῦν ὁ Ἱπποκράτης λέγω ὅπλον μέν ἴδιος ὁ ἐν ὁ ναῦς  .
187611	tlg0057.tlg095.1st1K-grc1	τὰ δὲ ἔξω τῆς νηὸς ἐν ταῖς πόλεσι καὶ κατ’ ἀγρὸν διὰ τῆς κοινῆς προσηγορίας ἐδήλωσε τῆς σχοινία.	ὁ δέ ἔξω ὁ ναῦς ἐν ὁ πόλις καί κατά ἀγρός διά ὁ κοινός προσηγορία δηλόω ὁ  .
